{"labels": [["frame0.png", [0.943137526512146, 0.13326682150363922, 0.30451858043670654, -0.7812437139284091, 0.11518795788288116, -0.990380585193634, 0.07666784524917603, -0.1885055747469493, 0.3118065893650055, -0.0372314490377903, -0.9494158625602722, 2.5776198144289375, 0.0, 0.0, 0.0, 1.0, 4.2647, 0.0, 0.5, 0.0, 4.2647, 0.5, 0.0, 0.0, 1.0]], ["frame0_mirror.png", [0.943137526512146, -0.13326682150363922, -0.30451858043670654, 0.7812437139284091, -0.11518795788288116, -0.990380585193634, 0.07666784524917603, -0.1885055747469493, -0.3118065893650055, -0.0372314490377903, -0.9494158625602722, 2.5776198144289375, 0.0, 0.0, 0.0, 1.0, 4.2647, 0.0, 0.5, 0.0, 4.2647, 0.5, 0.0, 0.0, 1.0]], ["frame1.png", [0.9459187984466553, 0.12581205368041992, 0.29901352524757385, -0.768376658646507, 0.1082996279001236, -0.9913225173950195, 0.07450387626886368, -0.1828909890024519, 0.30579233169555664, -0.03809155896306038, -0.9513359665870667, 2.5818884942206424, 0.0, 0.0, 0.0, 1.0, 4.2647, 0.0, 0.5, 0.0, 4.2647, 0.5, 0.0, 0.0, 1.0]], ["frame1_mirror.png", [0.9459187984466553, -0.12581205368041992, -0.29901352524757385, 0.768376658646507, -0.1082996279001236, -0.9913225173950195, 0.07450387626886368, -0.1828909890024519, -0.30579233169555664, -0.03809155896306038, -0.9513359665870667, 2.5818884942206424, 0.0, 0.0, 0.0, 1.0, 4.2647, 0.0, 0.5, 0.0, 4.2647, 0.5, 0.0, 0.0, 1.0]], ["frame10.png", [0.9454283118247986, 0.17160651087760925, 0.27697744965553284, -0.7068855471387824, 0.1492694765329361, -0.9837294220924377, 0.0999748557806015, -0.24617345557649933, 0.28962719440460205, -0.05317477509379387, -0.9556612968444824, 2.5941687402742004, 0.0, 0.0, 0.0, 1.0, 4.2647, 0.0, 0.5, 0.0, 4.2647, 0.5, 0.0, 0.0, 1.0]], ["frame10_mirror.png", [0.9454283118247986, -0.17160651087760925, -0.27697744965553284, 0.7068855471387824, -0.1492694765329361, -0.9837294220924377, 0.0999748557806015, -0.24617345557649933, -0.28962719440460205, -0.05317477509379387, -0.9556612968444824, 2.5941687402742004, 0.0, 0.0, 0.0, 1.0, 4.2647, 0.0, 0.5, 0.0, 4.2647, 0.5, 0.0, 0.0, 1.0]], ["frame11.png", [0.944831371307373, 0.17872242629528046, 0.2745031416416168, -0.7000359343659208, 0.15853221714496613, -0.9828456044197083, 0.09424425661563873, -0.23217726811996012, 0.2866377830505371, -0.04552733525633812, -0.956956684589386, 2.5973146530146836, 0.0, 0.0, 0.0, 1.0, 4.2647, 0.0, 0.5, 0.0, 4.2647, 0.5, 0.0, 0.0, 1.0]], ["frame11_mirror.png", [0.944831371307373, -0.17872242629528046, -0.2745031416416168, 0.7000359343659208, -0.15853221714496613, -0.9828456044197083, 0.09424425661563873, -0.23217726811996012, -0.2866377830505371, -0.04552733525633812, -0.956956684589386, 2.5973146530146836, 0.0, 0.0, 0.0, 1.0, 4.2647, 0.0, 0.5, 0.0, 4.2647, 0.5, 0.0, 0.0, 1.0]], ["frame12.png", [0.9436070919036865, 0.18614940345287323, 0.2737773358821869, -0.6993720376486176, 0.16469791531562805, -0.9813056588172913, 0.09956751018762589, -0.24515221534947185, 0.2871936857700348, -0.048862047493457794, -0.9566254615783691, 2.596301050391589, 0.0, 0.0, 0.0, 1.0, 4.2647, 0.0, 0.5, 0.0, 4.2647, 0.5, 0.0, 0.0, 1.0]], ["frame12_mirror.png", [0.9436070919036865, -0.18614940345287323, -0.2737773358821869, 0.6993720376486176, -0.16469791531562805, -0.9813056588172913, 0.09956751018762589, -0.24515221534947185, -0.2871936857700348, -0.048862047493457794, -0.9566254615783691, 2.596301050391589, 0.0, 0.0, 0.0, 1.0, 4.2647, 0.0, 0.5, 0.0, 4.2647, 0.5, 0.0, 0.0, 1.0]], ["frame13.png", [0.9413474202156067, 0.1785757690668106, 0.2863140404224396, -0.7313467225087809, 0.1578255146741867, -0.9829654693603516, 0.09418042004108429, -0.232587837299428, 0.29825514554977417, -0.043468836694955826, -0.9534958004951477, 2.5886357158580733, 0.0, 0.0, 0.0, 1.0, 4.2647, 0.0, 0.5, 0.0, 4.2647, 0.5, 0.0, 0.0, 1.0]], ["frame13_mirror.png", [0.9413474202156067, -0.1785757690668106, -0.2863140404224396, 0.7313467225087809, -0.1578255146741867, -0.9829654693603516, 0.09418042004108429, -0.232587837299428, -0.29825514554977417, -0.043468836694955826, -0.9534958004951477, 2.5886357158580733, 0.0, 0.0, 0.0, 1.0, 4.2647, 0.0, 0.5, 0.0, 4.2647, 0.5, 0.0, 0.0, 1.0]], ["frame14.png", [0.9380509853363037, 0.19040897488594055, 0.2894904315471649, -0.7405945031558065, 0.16698922216892242, -0.9804800152778625, 0.10379541665315628, -0.25495511955712274, 0.3036031424999237, -0.049023617058992386, -0.9515365362167358, 2.5838958316671783, 0.0, 0.0, 0.0, 1.0, 4.2647, 0.0, 0.5, 0.0, 4.2647, 0.5, 0.0, 0.0, 1.0]], ["frame14_mirror.png", [0.9380509853363037, -0.19040897488594055, -0.2894904315471649, 0.7405945031558065, -0.16698922216892242, -0.9804800152778625, 0.10379541665315628, -0.25495511955712274, -0.3036031424999237, -0.049023617058992386, -0.9515365362167358, 2.5838958316671783, 0.0, 0.0, 0.0, 1.0, 4.2647, 0.0, 0.5, 0.0, 4.2647, 0.5, 0.0, 0.0, 1.0]], ["frame15.png", [0.9380021095275879, 0.18893837928771973, 0.29061034321784973, -0.744118657899061, 0.1628854125738144, -0.9803131818771362, 0.1115993931889534, -0.27479058592385824, 0.3059745728969574, -0.057344287633895874, -0.9503111243247986, 2.5808482242964472, 0.0, 0.0, 0.0, 1.0, 4.2647, 0.0, 0.5, 0.0, 4.2647, 0.5, 0.0, 0.0, 1.0]], ["frame15_mirror.png", [0.9380021095275879, -0.18893837928771973, -0.29061034321784973, 0.744118657899061, -0.1628854125738144, -0.9803131818771362, 0.1115993931889534, -0.27479058592385824, -0.3059745728969574, -0.057344287633895874, -0.9503111243247986, 2.5808482242964472, 0.0, 0.0, 0.0, 1.0, 4.2647, 0.0, 0.5, 0.0, 4.2647, 0.5, 0.0, 0.0, 1.0]], ["frame16.png", [0.9398115277290344, 0.18887078762054443, 0.28474920988082886, -0.728595340736213, 0.16368970274925232, -0.9803594946861267, 0.11000486463308334, -0.2697270878928122, 0.2999332845211029, -0.05677333101630211, -0.9522693157196045, 2.5858066686267063, 0.0, 0.0, 0.0, 1.0, 4.2647, 0.0, 0.5, 0.0, 4.2647, 0.5, 0.0, 0.0, 1.0]], ["frame16_mirror.png", [0.9398115277290344, -0.18887078762054443, -0.28474920988082886, 0.728595340736213, -0.16368970274925232, -0.9803594946861267, 0.11000486463308334, -0.2697270878928122, -0.2999332845211029, -0.05677333101630211, -0.9522693157196045, 2.5858066686267063, 0.0, 0.0, 0.0, 1.0, 4.2647, 0.0, 0.5, 0.0, 4.2647, 0.5, 0.0, 0.0, 1.0]], ["frame17.png", [0.9397614598274231, 0.19201047718524933, 0.2828080952167511, -0.7264604877546811, 0.16620203852653503, -0.9796165823936462, 0.11281989514827728, -0.27827007774541856, 0.2987060844898224, -0.059020500630140305, -0.9525184035301208, 2.5855020641188418, 0.0, 0.0, 0.0, 1.0, 4.2647, 0.0, 0.5, 0.0, 4.2647, 0.5, 0.0, 0.0, 1.0]], ["frame17_mirror.png", [0.9397614598274231, -0.19201047718524933, -0.2828080952167511, 0.7264604877546811, -0.16620203852653503, -0.9796165823936462, 0.11281989514827728, -0.27827007774541856, -0.2987060844898224, -0.059020500630140305, -0.9525184035301208, 2.5855020641188418, 0.0, 0.0, 0.0, 1.0, 4.2647, 0.0, 0.5, 0.0, 4.2647, 0.5, 0.0, 0.0, 1.0]], ["frame18.png", [0.9384400844573975, 0.18784624338150024, 0.28990334272384644, -0.7426723300024367, 0.16079255938529968, -0.9803008437156677, 0.11469913274049759, -0.2861329864818848, 0.30573827028274536, -0.06102396920323372, -0.9501579403877258, 2.5800321169116693, 0.0, 0.0, 0.0, 1.0, 4.2647, 0.0, 0.5, 0.0, 4.2647, 0.5, 0.0, 0.0, 1.0]], ["frame18_mirror.png", [0.9384400844573975, -0.18784624338150024, -0.28990334272384644, 0.7426723300024367, -0.16079255938529968, -0.9803008437156677, 0.11469913274049759, -0.2861329864818848, -0.30573827028274536, -0.06102396920323372, -0.9501579403877258, 2.5800321169116693, 0.0, 0.0, 0.0, 1.0, 4.2647, 0.0, 0.5, 0.0, 4.2647, 0.5, 0.0, 0.0, 1.0]], ["frame19.png", [0.941416323184967, 0.18193086981773376, 0.2839656472206116, -0.7272651038467352, 0.15775008499622345, -0.9817712306976318, 0.10601979494094849, -0.261471520242069, 0.2980775535106659, -0.055013157427310944, -0.9529550671577454, 2.5870288194817426, 0.0, 0.0, 0.0, 1.0, 4.2647, 0.0, 0.5, 0.0, 4.2647, 0.5, 0.0, 0.0, 1.0]], ["frame19_mirror.png", [0.941416323184967, -0.18193086981773376, -0.2839656472206116, 0.7272651038467352, -0.15775008499622345, -0.9817712306976318, 0.10601979494094849, -0.261471520242069, -0.2980775535106659, -0.055013157427310944, -0.9529550671577454, 2.5870288194817426, 0.0, 0.0, 0.0, 1.0, 4.2647, 0.0, 0.5, 0.0, 4.2647, 0.5, 0.0, 0.0, 1.0]], ["frame2.png", [0.9518319964408875, 0.12475647032260895, 0.28009232878685, -0.7149013373026695, 0.11019617319107056, -0.9916348457336426, 0.0672086700797081, -0.16125345388614062, 0.2861340343952179, -0.033106256276369095, -0.9576175212860107, 2.5986368352527918, 0.0, 0.0, 0.0, 1.0, 4.2647, 0.0, 0.5, 0.0, 4.2647, 0.5, 0.0, 0.0, 1.0]], ["frame2_mirror.png", [0.9518319964408875, -0.12475647032260895, -0.28009232878685, 0.7149013373026695, -0.11019617319107056, -0.9916348457336426, 0.0672086700797081, -0.16125345388614062, -0.2861340343952179, -0.033106256276369095, -0.9576175212860107, 2.5986368352527918, 0.0, 0.0, 0.0, 1.0, 4.2647, 0.0, 0.5, 0.0, 4.2647, 0.5, 0.0, 0.0, 1.0]], ["frame20.png", [0.9459234476089478, 0.17506763339042664, 0.27309367060661316, -0.7012552090227077, 0.15433315932750702, -0.9833616018295288, 0.09581852704286575, -0.23241805302787, 0.2853245437145233, -0.04848958179354668, -0.9572035074234009, 2.5969641854375376, 0.0, 0.0, 0.0, 1.0, 4.2647, 0.0, 0.5, 0.0, 4.2647, 0.5, 0.0, 0.0, 1.0]], ["frame20_mirror.png", [0.9459234476089478, -0.17506763339042664, -0.27309367060661316, 0.7012552090227077, -0.15433315932750702, -0.9833616018295288, 0.09581852704286575, -0.23241805302787, -0.2853245437145233, -0.04848958179354668, -0.9572035074234009, 2.5969641854375376, 0.0, 0.0, 0.0, 1.0, 4.2647, 0.0, 0.5, 0.0, 4.2647, 0.5, 0.0, 0.0, 1.0]], ["frame21.png", [0.9457556009292603, 0.17544449865818024, 0.27343297004699707, -0.6996263703836405, 0.15451234579086304, -0.9832696914672852, 0.09647094458341599, -0.23526909385601996, 0.28578367829322815, -0.04898916557431221, -0.9570411443710327, 2.5971467797065264, 0.0, 0.0, 0.0, 1.0, 4.2647, 0.0, 0.5, 0.0, 4.2647, 0.5, 0.0, 0.0, 1.0]], ["frame21_mirror.png", [0.9457556009292603, -0.17544449865818024, -0.27343297004699707, 0.6996263703836405, -0.15451234579086304, -0.9832696914672852, 0.09647094458341599, -0.23526909385601996, -0.28578367829322815, -0.04898916557431221, -0.9570411443710327, 2.5971467797065264, 0.0, 0.0, 0.0, 1.0, 4.2647, 0.0, 0.5, 0.0, 4.2647, 0.5, 0.0, 0.0, 1.0]], ["frame22.png", [0.9466652274131775, 0.17479076981544495, 0.2706899046897888, -0.6945362975236997, 0.15438708662986755, -0.98342365026474, 0.09509216248989105, -0.2310017144901839, 0.2828240990638733, -0.04822941869497299, -0.957958459854126, 2.598895446016378, 0.0, 0.0, 0.0, 1.0, 4.2647, 0.0, 0.5, 0.0, 4.2647, 0.5, 0.0, 0.0, 1.0]], ["frame22_mirror.png", [0.9466652274131775, -0.17479076981544495, -0.2706899046897888, 0.6945362975236997, -0.15438708662986755, -0.98342365026474, 0.09509216248989105, -0.2310017144901839, -0.2828240990638733, -0.04822941869497299, -0.957958459854126, 2.598895446016378, 0.0, 0.0, 0.0, 1.0, 4.2647, 0.0, 0.5, 0.0, 4.2647, 0.5, 0.0, 0.0, 1.0]], ["frame23.png", [0.9476902484893799, 0.17356379330158234, 0.26787862181663513, -0.6867570659343555, 0.15392185747623444, -0.983712911605835, 0.09282822906970978, -0.2250077951863337, 0.27962726354599, -0.04674002155661583, -0.958970308303833, 2.6014873100775686, 0.0, 0.0, 0.0, 1.0, 4.2647, 0.0, 0.5, 0.0, 4.2647, 0.5, 0.0, 0.0, 1.0]], ["frame23_mirror.png", [0.9476902484893799, -0.17356379330158234, -0.26787862181663513, 0.6867570659343555, -0.15392185747623444, -0.983712911605835, 0.09282822906970978, -0.2250077951863337, -0.27962726354599, -0.04674002155661583, -0.958970308303833, 2.6014873100775686, 0.0, 0.0, 0.0, 1.0, 4.2647, 0.0, 0.5, 0.0, 4.2647, 0.5, 0.0, 0.0, 1.0]], ["frame24.png", [0.9472804665565491, 0.17366701364517212, 0.269257128238678, -0.6879485663824865, 0.1528223156929016, -0.9835110306739807, 0.0967024639248848, -0.23278993401139655, 0.2816113829612732, -0.050455860793590546, -0.958200991153717, 2.600487572866914, 0.0, 0.0, 0.0, 1.0, 4.2647, 0.0, 0.5, 0.0, 4.2647, 0.5, 0.0, 0.0, 1.0]], ["frame24_mirror.png", [0.9472804665565491, -0.17366701364517212, -0.269257128238678, 0.6879485663824865, -0.1528223156929016, -0.9835110306739807, 0.0967024639248848, -0.23278993401139655, -0.2816113829612732, -0.050455860793590546, -0.958200991153717, 2.600487572866914, 0.0, 0.0, 0.0, 1.0, 4.2647, 0.0, 0.5, 0.0, 4.2647, 0.5, 0.0, 0.0, 1.0]], ["frame25.png", [0.9472163915634155, 0.18017597496509552, 0.2651749849319458, -0.6802262828469806, 0.16212919354438782, -0.9827812910079956, 0.08862882852554321, -0.21518779328819784, 0.27657777070999146, -0.04095806926488876, -0.9601183533668518, 2.604032722095469, 0.0, 0.0, 0.0, 1.0, 4.2647, 0.0, 0.5, 0.0, 4.2647, 0.5, 0.0, 0.0, 1.0]], ["frame25_mirror.png", [0.9472163915634155, -0.18017597496509552, -0.2651749849319458, 0.6802262828469806, -0.16212919354438782, -0.9827812910079956, 0.08862882852554321, -0.21518779328819784, -0.27657777070999146, -0.04095806926488876, -0.9601183533668518, 2.604032722095469, 0.0, 0.0, 0.0, 1.0, 4.2647, 0.0, 0.5, 0.0, 4.2647, 0.5, 0.0, 0.0, 1.0]], ["frame26.png", [0.9459480047225952, 0.18480899930000305, 0.2665107250213623, -0.6839270795122921, 0.16391316056251526, -0.9815117716789246, 0.09882855415344238, -0.24151415006242646, 0.2798478305339813, -0.04980205371975899, -0.9587517380714417, 2.600752711279835, 0.0, 0.0, 0.0, 1.0, 4.2647, 0.0, 0.5, 0.0, 4.2647, 0.5, 0.0, 0.0, 1.0]], ["frame26_mirror.png", [0.9459480047225952, -0.18480899930000305, -0.2665107250213623, 0.6839270795122921, -0.16391316056251526, -0.9815117716789246, 0.09882855415344238, -0.24151415006242646, -0.2798478305339813, -0.04980205371975899, -0.9587517380714417, 2.600752711279835, 0.0, 0.0, 0.0, 1.0, 4.2647, 0.0, 0.5, 0.0, 4.2647, 0.5, 0.0, 0.0, 1.0]], ["frame27.png", [0.9443907737731934, 0.1913590282201767, 0.2674095928668976, -0.685309548959771, 0.1698969155550003, -0.9802269339561462, 0.10144063085317612, -0.24658467800658326, 0.2815336585044861, -0.05036752298474312, -0.9582285284996033, 2.5999128482849088, 0.0, 0.0, 0.0, 1.0, 4.2647, 0.0, 0.5, 0.0, 4.2647, 0.5, 0.0, 0.0, 1.0]], ["frame27_mirror.png", [0.9443907737731934, -0.1913590282201767, -0.2674095928668976, 0.685309548959771, -0.1698969155550003, -0.9802269339561462, 0.10144063085317612, -0.24658467800658326, -0.2815336585044861, -0.05036752298474312, -0.9582285284996033, 2.5999128482849088, 0.0, 0.0, 0.0, 1.0, 4.2647, 0.0, 0.5, 0.0, 4.2647, 0.5, 0.0, 0.0, 1.0]], ["frame28.png", [0.942662239074707, 0.19461402297019958, 0.27113330364227295, -0.696496145226761, 0.17424535751342773, -0.9798616766929626, 0.09751768410205841, -0.23866327421699793, 0.2846514582633972, -0.044682521373033524, -0.9575892090797424, 2.5976783790962816, 0.0, 0.0, 0.0, 1.0, 4.2647, 0.0, 0.5, 0.0, 4.2647, 0.5, 0.0, 0.0, 1.0]], ["frame28_mirror.png", [0.942662239074707, -0.19461402297019958, -0.27113330364227295, 0.696496145226761, -0.17424535751342773, -0.9798616766929626, 0.09751768410205841, -0.23866327421699793, -0.2846514582633972, -0.044682521373033524, -0.9575892090797424, 2.5976783790962816, 0.0, 0.0, 0.0, 1.0, 4.2647, 0.0, 0.5, 0.0, 4.2647, 0.5, 0.0, 0.0, 1.0]], ["frame29.png", [0.9381977915763855, 0.19377778470516205, 0.28676655888557434, -0.7349907208813427, 0.17190545797348022, -0.9800416827201843, 0.09983379393815994, -0.24355191419085587, 0.30038875341415405, -0.04436711594462395, -0.9527844190597534, 2.58659449959059, 0.0, 0.0, 0.0, 1.0, 4.2647, 0.0, 0.5, 0.0, 4.2647, 0.5, 0.0, 0.0, 1.0]], ["frame29_mirror.png", [0.9381977915763855, -0.19377778470516205, -0.28676655888557434, 0.7349907208813427, -0.17190545797348022, -0.9800416827201843, 0.09983379393815994, -0.24355191419085587, -0.30038875341415405, -0.04436711594462395, -0.9527844190597534, 2.58659449959059, 0.0, 0.0, 0.0, 1.0, 4.2647, 0.0, 0.5, 0.0, 4.2647, 0.5, 0.0, 0.0, 1.0]], ["frame3.png", [0.9521375298500061, 0.12220089137554169, 0.2801803946495056, -0.7133432780180881, 0.10546422004699707, -0.9916574954986572, 0.0741128921508789, -0.17995542722038826, 0.2868996560573578, -0.04101666435599327, -0.9570821523666382, 2.597837064159401, 0.0, 0.0, 0.0, 1.0, 4.2647, 0.0, 0.5, 0.0, 4.2647, 0.5, 0.0, 0.0, 1.0]], ["frame3_mirror.png", [0.9521375298500061, -0.12220089137554169, -0.2801803946495056, 0.7133432780180881, -0.10546422004699707, -0.9916574954986572, 0.0741128921508789, -0.17995542722038826, -0.2868996560573578, -0.04101666435599327, -0.9570821523666382, 2.597837064159401, 0.0, 0.0, 0.0, 1.0, 4.2647, 0.0, 0.5, 0.0, 4.2647, 0.5, 0.0, 0.0, 1.0]], ["frame30.png", [0.9340043067932129, 0.19784775376319885, 0.2974763810634613, -0.7572720288853202, 0.17612038552761078, -0.9794347286224365, 0.09843388944864273, -0.24056939902330154, 0.310833603143692, -0.039546024054288864, -0.9496413469314575, 2.5804390011239327, 0.0, 0.0, 0.0, 1.0, 4.2647, 0.0, 0.5, 0.0, 4.2647, 0.5, 0.0, 0.0, 1.0]], ["frame30_mirror.png", [0.9340043067932129, -0.19784775376319885, -0.2974763810634613, 0.7572720288853202, -0.17612038552761078, -0.9794347286224365, 0.09843388944864273, -0.24056939902330154, -0.310833603143692, -0.039546024054288864, -0.9496413469314575, 2.5804390011239327, 0.0, 0.0, 0.0, 1.0, 4.2647, 0.0, 0.5, 0.0, 4.2647, 0.5, 0.0, 0.0, 1.0]], ["frame31.png", [0.9333854913711548, 0.19822905957698822, 0.2991602122783661, -0.7660254812694753, 0.17108522355556488, -0.9785656332969666, 0.114626444876194, -0.2850724570438575, 0.3154701888561249, -0.05580877140164375, -0.9472929239273071, 2.5733127785562426, 0.0, 0.0, 0.0, 1.0, 4.2647, 0.0, 0.5, 0.0, 4.2647, 0.5, 0.0, 0.0, 1.0]], ["frame31_mirror.png", [0.9333854913711548, -0.19822905957698822, -0.2991602122783661, 0.7660254812694753, -0.17108522355556488, -0.9785656332969666, 0.114626444876194, -0.2850724570438575, -0.3154701888561249, -0.05580877140164375, -0.9472929239273071, 2.5733127785562426, 0.0, 0.0, 0.0, 1.0, 4.2647, 0.0, 0.5, 0.0, 4.2647, 0.5, 0.0, 0.0, 1.0]], ["frame32.png", [0.9342982172966003, 0.19810685515403748, 0.2963791787624359, -0.758939947070359, 0.17236676812171936, -0.9787734150886536, 0.11087068170309067, -0.2725520225532936, 0.31205227971076965, -0.05250035226345062, -0.9486132264137268, 2.5767664915049933, 0.0, 0.0, 0.0, 1.0, 4.2647, 0.0, 0.5, 0.0, 4.2647, 0.5, 0.0, 0.0, 1.0]], ["frame32_mirror.png", [0.9342982172966003, -0.19810685515403748, -0.2963791787624359, 0.758939947070359, -0.17236676812171936, -0.9787734150886536, 0.11087068170309067, -0.2725520225532936, -0.31205227971076965, -0.05250035226345062, -0.9486132264137268, 2.5767664915049933, 0.0, 0.0, 0.0, 1.0, 4.2647, 0.0, 0.5, 0.0, 4.2647, 0.5, 0.0, 0.0, 1.0]], ["frame33.png", [0.9368705749511719, 0.19194066524505615, 0.2922879457473755, -0.7479680509814916, 0.16690312325954437, -0.9799784421920776, 0.10856103897094727, -0.26513958353321504, 0.30727317929267883, -0.05292387306690216, -0.9501485228538513, 2.580745007929839, 0.0, 0.0, 0.0, 1.0, 4.2647, 0.0, 0.5, 0.0, 4.2647, 0.5, 0.0, 0.0, 1.0]], ["frame33_mirror.png", [0.9368705749511719, -0.19194066524505615, -0.2922879457473755, 0.7479680509814916, -0.16690312325954437, -0.9799784421920776, 0.10856103897094727, -0.26513958353321504, -0.30727317929267883, -0.05292387306690216, -0.9501485228538513, 2.580745007929839, 0.0, 0.0, 0.0, 1.0, 4.2647, 0.0, 0.5, 0.0, 4.2647, 0.5, 0.0, 0.0, 1.0]], ["frame34.png", [0.9436702728271484, 0.17877699434757233, 0.2784336805343628, -0.7121666728697541, 0.15789538621902466, -0.9827890396118164, 0.0958896204829216, -0.23275274845822475, 0.29078441858291626, -0.04652479290962219, -0.9556568264961243, 2.593963143172772, 0.0, 0.0, 0.0, 1.0, 4.2647, 0.0, 0.5, 0.0, 4.2647, 0.5, 0.0, 0.0, 1.0]], ["frame34_mirror.png", [0.9436702728271484, -0.17877699434757233, -0.2784336805343628, 0.7121666728697541, -0.15789538621902466, -0.9827890396118164, 0.0958896204829216, -0.23275274845822475, -0.29078441858291626, -0.04652479290962219, -0.9556568264961243, 2.593963143172772, 0.0, 0.0, 0.0, 1.0, 4.2647, 0.0, 0.5, 0.0, 4.2647, 0.5, 0.0, 0.0, 1.0]], ["frame35.png", [0.9492149353027344, 0.1744091659784317, 0.2618635296821594, -0.6736933269158245, 0.15315833687782288, -0.9831652045249939, 0.09964290261268616, -0.2444902232188996, 0.2748337388038635, -0.054475944489240646, -0.9599473476409912, 2.6031446045157502, 0.0, 0.0, 0.0, 1.0, 4.2647, 0.0, 0.5, 0.0, 4.2647, 0.5, 0.0, 0.0, 1.0]], ["frame35_mirror.png", [0.9492149353027344, -0.1744091659784317, -0.2618635296821594, 0.6736933269158245, -0.15315833687782288, -0.9831652045249939, 0.09964290261268616, -0.2444902232188996, -0.2748337388038635, -0.054475944489240646, -0.9599473476409912, 2.6031446045157502, 0.0, 0.0, 0.0, 1.0, 4.2647, 0.0, 0.5, 0.0, 4.2647, 0.5, 0.0, 0.0, 1.0]], ["frame36.png", [0.9538334012031555, 0.1581144779920578, 0.25534600019454956, -0.6532254842038917, 0.13839256763458252, -0.9859486222267151, 0.09355650842189789, -0.22962955788826048, 0.2665506899356842, -0.053899332880973816, -0.962312638759613, 2.609706254146362, 0.0, 0.0, 0.0, 1.0, 4.2647, 0.0, 0.5, 0.0, 4.2647, 0.5, 0.0, 0.0, 1.0]], ["frame36_mirror.png", [0.9538334012031555, -0.1581144779920578, -0.25534600019454956, 0.6532254842038917, -0.13839256763458252, -0.9859486222267151, 0.09355650842189789, -0.22962955788826048, -0.2665506899356842, -0.053899332880973816, -0.962312638759613, 2.609706254146362, 0.0, 0.0, 0.0, 1.0, 4.2647, 0.0, 0.5, 0.0, 4.2647, 0.5, 0.0, 0.0, 1.0]], ["frame37.png", [0.9630379676818848, 0.1329914629459381, 0.23424582183361053, -0.5957869124716845, 0.11591196805238724, -0.989590585231781, 0.08529277890920639, -0.2064019630729395, 0.24315068125724792, -0.05498829483985901, -0.9684286117553711, 2.6253449648697775, 0.0, 0.0, 0.0, 1.0, 4.2647, 0.0, 0.5, 0.0, 4.2647, 0.5, 0.0, 0.0, 1.0]], ["frame37_mirror.png", [0.9630379676818848, -0.1329914629459381, -0.23424582183361053, 0.5957869124716845, -0.11591196805238724, -0.989590585231781, 0.08529277890920639, -0.2064019630729395, -0.24315068125724792, -0.05498829483985901, -0.9684286117553711, 2.6253449648697775, 0.0, 0.0, 0.0, 1.0, 4.2647, 0.0, 0.5, 0.0, 4.2647, 0.5, 0.0, 0.0, 1.0]], ["frame38.png", [0.9720965027809143, 0.11378432810306549, 0.2051377147436142, -0.5242629164972268, 0.09731943905353546, -0.9912952184677124, 0.0886719673871994, -0.21350536405628373, 0.21344150602817535, -0.06623382121324539, -0.9747080206871033, 2.639993154139801, 0.0, 0.0, 0.0, 1.0, 4.2647, 0.0, 0.5, 0.0, 4.2647, 0.5, 0.0, 0.0, 1.0]], ["frame38_mirror.png", [0.9720965027809143, -0.11378432810306549, -0.2051377147436142, 0.5242629164972268, -0.09731943905353546, -0.9912952184677124, 0.0886719673871994, -0.21350536405628373, -0.21344150602817535, -0.06623382121324539, -0.9747080206871033, 2.639993154139801, 0.0, 0.0, 0.0, 1.0, 4.2647, 0.0, 0.5, 0.0, 4.2647, 0.5, 0.0, 0.0, 1.0]], ["frame39.png", [0.9815163016319275, 0.09168778359889984, 0.1679852306842804, -0.428252195417779, 0.07676265388727188, -0.9926747679710388, 0.09329604357481003, -0.2262074523458628, 0.17530880868434906, -0.07867658883333206, -0.9813647866249084, 2.6562059870467594, 0.0, 0.0, 0.0, 1.0, 4.2647, 0.0, 0.5, 0.0, 4.2647, 0.5, 0.0, 0.0, 1.0]], ["frame39_mirror.png", [0.9815163016319275, -0.09168778359889984, -0.1679852306842804, 0.428252195417779, -0.07676265388727188, -0.9926747679710388, 0.09329604357481003, -0.2262074523458628, -0.17530880868434906, -0.07867658883333206, -0.9813647866249084, 2.6562059870467594, 0.0, 0.0, 0.0, 1.0, 4.2647, 0.0, 0.5, 0.0, 4.2647, 0.5, 0.0, 0.0, 1.0]], ["frame4.png", [0.955180287361145, 0.12588118016719818, 0.267926424741745, -0.6832378853006404, 0.10973051190376282, -0.9911664724349976, 0.07448603957891464, -0.18117868088118066, 0.27493607997894287, -0.04174788296222687, -0.9605557322502136, 2.605831974184841, 0.0, 0.0, 0.0, 1.0, 4.2647, 0.0, 0.5, 0.0, 4.2647, 0.5, 0.0, 0.0, 1.0]], ["frame4_mirror.png", [0.955180287361145, -0.12588118016719818, -0.267926424741745, 0.6832378853006404, -0.10973051190376282, -0.9911664724349976, 0.07448603957891464, -0.18117868088118066, -0.27493607997894287, -0.04174788296222687, -0.9605557322502136, 2.605831974184841, 0.0, 0.0, 0.0, 1.0, 4.2647, 0.0, 0.5, 0.0, 4.2647, 0.5, 0.0, 0.0, 1.0]], ["frame40.png", [0.9877647757530212, 0.07139743119478226, 0.1386474221944809, -0.3497493351763909, 0.05819614976644516, -0.9935773015022278, 0.0970430001616478, -0.23029391808515778, 0.1446855366230011, -0.08778691291809082, -0.9855757355690002, 2.667328272604754, 0.0, 0.0, 0.0, 1.0, 4.2647, 0.0, 0.5, 0.0, 4.2647, 0.5, 0.0, 0.0, 1.0]], ["frame40_mirror.png", [0.9877647757530212, -0.07139743119478226, -0.1386474221944809, 0.3497493351763909, -0.05819614976644516, -0.9935773015022278, 0.0970430001616478, -0.23029391808515778, -0.1446855366230011, -0.08778691291809082, -0.9855757355690002, 2.667328272604754, 0.0, 0.0, 0.0, 1.0, 4.2647, 0.0, 0.5, 0.0, 4.2647, 0.5, 0.0, 0.0, 1.0]], ["frame41.png", [0.992659330368042, 0.05368170142173767, 0.10837754607200623, -0.2744034820403255, 0.04513467103242874, -0.9957858920097351, 0.07983317971229553, -0.19285590459925844, 0.11220640689134598, -0.07435556501150131, -0.9908990859985352, 2.679087406021936, 0.0, 0.0, 0.0, 1.0, 4.2647, 0.0, 0.5, 0.0, 4.2647, 0.5, 0.0, 0.0, 1.0]], ["frame41_mirror.png", [0.992659330368042, -0.05368170142173767, -0.10837754607200623, 0.2744034820403255, -0.04513467103242874, -0.9957858920097351, 0.07983317971229553, -0.19285590459925844, -0.11220640689134598, -0.07435556501150131, -0.9908990859985352, 2.679087406021936, 0.0, 0.0, 0.0, 1.0, 4.2647, 0.0, 0.5, 0.0, 4.2647, 0.5, 0.0, 0.0, 1.0]], ["frame42.png", [0.9955092072486877, 0.040346410125494, 0.08563631027936935, -0.21577616642742808, 0.03327532485127449, -0.9960395097732544, 0.08245019614696503, -0.20257248964414135, 0.08862371742725372, -0.07923035323619843, -0.9929090142250061, 2.6837296869173053, 0.0, 0.0, 0.0, 1.0, 4.2647, 0.0, 0.5, 0.0, 4.2647, 0.5, 0.0, 0.0, 1.0]], ["frame42_mirror.png", [0.9955092072486877, -0.040346410125494, -0.08563631027936935, 0.21577616642742808, -0.03327532485127449, -0.9960395097732544, 0.08245019614696503, -0.20257248964414135, -0.08862371742725372, -0.07923035323619843, -0.9929090142250061, 2.6837296869173053, 0.0, 0.0, 0.0, 1.0, 4.2647, 0.0, 0.5, 0.0, 4.2647, 0.5, 0.0, 0.0, 1.0]], ["frame43.png", [0.9979007244110107, 0.02128303237259388, 0.06116586551070213, -0.1567410710208364, 0.016873816028237343, -0.997282087802887, 0.07171963155269623, -0.1703295833661802, 0.06252603232860565, -0.07053697109222412, -0.9955475926399231, 2.690059491848748, 0.0, 0.0, 0.0, 1.0, 4.2647, 0.0, 0.5, 0.0, 4.2647, 0.5, 0.0, 0.0, 1.0]], ["frame43_mirror.png", [0.9979007244110107, -0.02128303237259388, -0.06116586551070213, 0.1567410710208364, -0.016873816028237343, -0.997282087802887, 0.07171963155269623, -0.1703295833661802, -0.06252603232860565, -0.07053697109222412, -0.9955475926399231, 2.690059491848748, 0.0, 0.0, 0.0, 1.0, 4.2647, 0.0, 0.5, 0.0, 4.2647, 0.5, 0.0, 0.0, 1.0]], ["frame44.png", [0.9989854693412781, 0.01845291256904602, 0.0410800576210022, -0.10446908913711939, 0.01574731431901455, -0.9977455139160156, 0.06523778289556503, -0.15245595722725727, 0.0421912707388401, -0.06452469527721405, -0.9970238208770752, 2.693667275392561, 0.0, 0.0, 0.0, 1.0, 4.2647, 0.0, 0.5, 0.0, 4.2647, 0.5, 0.0, 0.0, 1.0]], ["frame44_mirror.png", [0.9989854693412781, -0.01845291256904602, -0.0410800576210022, 0.10446908913711939, -0.01574731431901455, -0.9977455139160156, 0.06523778289556503, -0.15245595722725727, -0.0421912707388401, -0.06452469527721405, -0.9970238208770752, 2.693667275392561, 0.0, 0.0, 0.0, 1.0, 4.2647, 0.0, 0.5, 0.0, 4.2647, 0.5, 0.0, 0.0, 1.0]], ["frame45.png", [0.9990594983100891, 0.009731899946928024, 0.04225415363907814, -0.10792362296290914, 0.0067667411640286446, -0.9975409507751465, 0.06975863128900528, -0.16448168363403823, 0.042829133570194244, -0.06940709799528122, -0.9966686367988586, 2.692823474971108, 0.0, 0.0, 0.0, 1.0, 4.2647, 0.0, 0.5, 0.0, 4.2647, 0.5, 0.0, 0.0, 1.0]], ["frame45_mirror.png", [0.9990594983100891, -0.009731899946928024, -0.04225415363907814, 0.10792362296290914, -0.0067667411640286446, -0.9975409507751465, 0.06975863128900528, -0.16448168363403823, -0.042829133570194244, -0.06940709799528122, -0.9966686367988586, 2.692823474971108, 0.0, 0.0, 0.0, 1.0, 4.2647, 0.0, 0.5, 0.0, 4.2647, 0.5, 0.0, 0.0, 1.0]], ["frame46.png", [0.9991928339004517, 0.004675222095102072, 0.0398968867957592, -0.10090644119516533, 0.0020791408605873585, -0.9978918433189392, 0.06486479938030243, -0.14997466789885938, 0.04011603817343712, -0.0647294893860817, -0.9970961809158325, 2.6939423693007902, 0.0, 0.0, 0.0, 1.0, 4.2647, 0.0, 0.5, 0.0, 4.2647, 0.5, 0.0, 0.0, 1.0]], ["frame46_mirror.png", [0.9991928339004517, -0.004675222095102072, -0.0398968867957592, 0.10090644119516533, -0.0020791408605873585, -0.9978918433189392, 0.06486479938030243, -0.14997466789885938, -0.04011603817343712, -0.0647294893860817, -0.9970961809158325, 2.6939423693007902, 0.0, 0.0, 0.0, 1.0, 4.2647, 0.0, 0.5, 0.0, 4.2647, 0.5, 0.0, 0.0, 1.0]], ["frame47.png", [0.9992914795875549, -0.0020129492040723562, 0.03758344426751137, -0.09175635144219703, -0.004592088051140308, -0.9976292252540588, 0.06866474449634552, -0.16549570302239403, 0.03735612705349922, -0.06878867745399475, -0.9969316124916077, 2.693360715583997, 0.0, 0.0, 0.0, 1.0, 4.2647, 0.0, 0.5, 0.0, 4.2647, 0.5, 0.0, 0.0, 1.0]], ["frame47_mirror.png", [0.9992914795875549, 0.0020129492040723562, -0.03758344426751137, 0.09175635144219703, 0.004592088051140308, -0.9976292252540588, 0.06866474449634552, -0.16549570302239403, -0.03735612705349922, -0.06878867745399475, -0.9969316124916077, 2.693360715583997, 0.0, 0.0, 0.0, 1.0, 4.2647, 0.0, 0.5, 0.0, 4.2647, 0.5, 0.0, 0.0, 1.0]], ["frame48.png", [0.9995414018630981, -0.002936767879873514, 0.030140524730086327, -0.07612921890752189, -0.00481064897030592, -0.9980465769767761, 0.06228860467672348, -0.1453955534932867, 0.02989872172474861, -0.06240503117442131, -0.9976029992103577, 2.6950073237475465, 0.0, 0.0, 0.0, 1.0, 4.2647, 0.0, 0.5, 0.0, 4.2647, 0.5, 0.0, 0.0, 1.0]], ["frame48_mirror.png", [0.9995414018630981, 0.002936767879873514, -0.030140524730086327, 0.07612921890752189, 0.00481064897030592, -0.9980465769767761, 0.06228860467672348, -0.1453955534932867, -0.02989872172474861, -0.06240503117442131, -0.9976029992103577, 2.6950073237475465, 0.0, 0.0, 0.0, 1.0, 4.2647, 0.0, 0.5, 0.0, 4.2647, 0.5, 0.0, 0.0, 1.0]], ["frame49.png", [0.9995338916778564, -0.005509860813617706, 0.030026501044631004, -0.0765365088899403, -0.007493980228900909, -0.9977667927742004, 0.06637240201234818, -0.1569839664052314, 0.02959374152123928, -0.06656648963689804, -0.9973430037498474, 2.694345597190275, 0.0, 0.0, 0.0, 1.0, 4.2647, 0.0, 0.5, 0.0, 4.2647, 0.5, 0.0, 0.0, 1.0]], ["frame49_mirror.png", [0.9995338916778564, 0.005509860813617706, -0.030026501044631004, 0.0765365088899403, 0.007493980228900909, -0.9977667927742004, 0.06637240201234818, -0.1569839664052314, -0.02959374152123928, -0.06656648963689804, -0.9973430037498474, 2.694345597190275, 0.0, 0.0, 0.0, 1.0, 4.2647, 0.0, 0.5, 0.0, 4.2647, 0.5, 0.0, 0.0, 1.0]], ["frame5.png", [0.954375147819519, 0.1384420543909073, 0.264578640460968, -0.674627520020853, 0.12075001001358032, -0.9892834424972534, 0.0820838063955307, -0.1985127831833511, 0.27310711145401, -0.046390872448682785, -0.9608644247055054, 2.6068123032054524, 0.0, 0.0, 0.0, 1.0, 4.2647, 0.0, 0.5, 0.0, 4.2647, 0.5, 0.0, 0.0, 1.0]], ["frame5_mirror.png", [0.954375147819519, -0.1384420543909073, -0.264578640460968, 0.674627520020853, -0.12075001001358032, -0.9892834424972534, 0.0820838063955307, -0.1985127831833511, -0.27310711145401, -0.046390872448682785, -0.9608644247055054, 2.6068123032054524, 0.0, 0.0, 0.0, 1.0, 4.2647, 0.0, 0.5, 0.0, 4.2647, 0.5, 0.0, 0.0, 1.0]], ["frame6.png", [0.9512991905212402, 0.14754711091518402, 0.27066513895988464, -0.6918014820911289, 0.12745042145252228, -0.9877092242240906, 0.09048137068748474, -0.22363165857664669, 0.28068870306015015, -0.05157846957445145, -0.9584119319915771, 2.600269138119894, 0.0, 0.0, 0.0, 1.0, 4.2647, 0.0, 0.5, 0.0, 4.2647, 0.5, 0.0, 0.0, 1.0]], ["frame6_mirror.png", [0.9512991905212402, -0.14754711091518402, -0.27066513895988464, 0.6918014820911289, -0.12745042145252228, -0.9877092242240906, 0.09048137068748474, -0.22363165857664669, -0.28068870306015015, -0.05157846957445145, -0.9584119319915771, 2.600269138119894, 0.0, 0.0, 0.0, 1.0, 4.2647, 0.0, 0.5, 0.0, 4.2647, 0.5, 0.0, 0.0, 1.0]], ["frame7.png", [0.9497553706169128, 0.1530691236257553, 0.27301037311553955, -0.6987430114394756, 0.13350796699523926, -0.9870471954345703, 0.08895830065011978, -0.21979342332744314, 0.28309088945388794, -0.04803956672549248, -0.9578892588615417, 2.5987398975323592, 0.0, 0.0, 0.0, 1.0, 4.2647, 0.0, 0.5, 0.0, 4.2647, 0.5, 0.0, 0.0, 1.0]], ["frame7_mirror.png", [0.9497553706169128, -0.1530691236257553, -0.27301037311553955, 0.6987430114394756, -0.13350796699523926, -0.9870471954345703, 0.08895830065011978, -0.21979342332744314, -0.28309088945388794, -0.04803956672549248, -0.9578892588615417, 2.5987398975323592, 0.0, 0.0, 0.0, 1.0, 4.2647, 0.0, 0.5, 0.0, 4.2647, 0.5, 0.0, 0.0, 1.0]], ["frame8.png", [0.9493337869644165, 0.16231364011764526, 0.26910892128944397, -0.6885939196672677, 0.14361226558685303, -0.9857208132743835, 0.087919682264328, -0.21313887230080034, 0.2795368432998657, -0.04481778293848038, -0.9590883255004883, 2.602001198099573, 0.0, 0.0, 0.0, 1.0, 4.2647, 0.0, 0.5, 0.0, 4.2647, 0.5, 0.0, 0.0, 1.0]], ["frame8_mirror.png", [0.9493337869644165, -0.16231364011764526, -0.26910892128944397, 0.6885939196672677, -0.14361226558685303, -0.9857208132743835, 0.087919682264328, -0.21313887230080034, -0.2795368432998657, -0.04481778293848038, -0.9590883255004883, 2.602001198099573, 0.0, 0.0, 0.0, 1.0, 4.2647, 0.0, 0.5, 0.0, 4.2647, 0.5, 0.0, 0.0, 1.0]], ["frame9.png", [0.9486224055290222, 0.16375809907913208, 0.2707374393939972, -0.6925043487546337, 0.14423970878124237, -0.9853841662406921, 0.09062512218952179, -0.22124717425015306, 0.28162097930908203, -0.046917933970689774, -0.9583779573440552, 2.600286025583002, 0.0, 0.0, 0.0, 1.0, 4.2647, 0.0, 0.5, 0.0, 4.2647, 0.5, 0.0, 0.0, 1.0]], ["frame9_mirror.png", [0.9486224055290222, -0.16375809907913208, -0.2707374393939972, 0.6925043487546337, -0.14423970878124237, -0.9853841662406921, 0.09062512218952179, -0.22124717425015306, -0.28162097930908203, -0.046917933970689774, -0.9583779573440552, 2.600286025583002, 0.0, 0.0, 0.0, 1.0, 4.2647, 0.0, 0.5, 0.0, 4.2647, 0.5, 0.0, 0.0, 1.0]]]}