{"labels": [["frame0.png", [0.9893417358398438, 0.11072343587875366, -0.09456877410411835, 0.2314889615242136, 0.11949579417705536, -0.9884911179542542, 0.09276888519525528, -0.2308472961003195, -0.08320869505405426, -0.10308069735765457, -0.9911864995956421, 2.680134770226231, 0.0, 0.0, 0.0, 1.0, 4.2647, 0.0, 0.5, 0.0, 4.2647, 0.5, 0.0, 0.0, 1.0]], ["frame0_mirror.png", [0.9893417358398438, -0.11072343587875366, 0.09456877410411835, -0.2314889615242136, -0.11949579417705536, -0.9884911179542542, 0.09276888519525528, -0.2308472961003195, 0.08320869505405426, -0.10308069735765457, -0.9911864995956421, 2.680134770226231, 0.0, 0.0, 0.0, 1.0, 4.2647, 0.0, 0.5, 0.0, 4.2647, 0.5, 0.0, 0.0, 1.0]], ["frame1.png", [0.9917482733726501, 0.08808798342943192, -0.09314434975385666, 0.22576476794617634, 0.09451333433389664, -0.9932680726051331, 0.06697621941566467, -0.16057732642163097, -0.08661750704050064, -0.07522693276405334, -0.9933973550796509, 2.68574853472798, 0.0, 0.0, 0.0, 1.0, 4.2647, 0.0, 0.5, 0.0, 4.2647, 0.5, 0.0, 0.0, 1.0]], ["frame1_mirror.png", [0.9917482733726501, -0.08808798342943192, 0.09314434975385666, -0.22576476794617634, -0.09451333433389664, -0.9932680726051331, 0.06697621941566467, -0.16057732642163097, 0.08661750704050064, -0.07522693276405334, -0.9933973550796509, 2.68574853472798, 0.0, 0.0, 0.0, 1.0, 4.2647, 0.0, 0.5, 0.0, 4.2647, 0.5, 0.0, 0.0, 1.0]], ["frame2.png", [0.9965350031852722, -0.05377800017595291, -0.06345023959875107, 0.15144201851362088, -0.047580283135175705, -0.9942971467971802, 0.09544319659471512, -0.23345441013030713, -0.06822113692760468, -0.09209350496530533, -0.9934106469154358, 2.6856217815282983, 0.0, 0.0, 0.0, 1.0, 4.2647, 0.0, 0.5, 0.0, 4.2647, 0.5, 0.0, 0.0, 1.0]], ["frame2_mirror.png", [0.9965350031852722, 0.05377800017595291, 0.06345023959875107, -0.15144201851362088, 0.047580283135175705, -0.9942971467971802, 0.09544319659471512, -0.23345441013030713, 0.06822113692760468, -0.09209350496530533, -0.9934106469154358, 2.6856217815282983, 0.0, 0.0, 0.0, 1.0, 4.2647, 0.0, 0.5, 0.0, 4.2647, 0.5, 0.0, 0.0, 1.0]], ["frame3.png", [0.9485043883323669, -0.010366646572947502, -0.3165944516658783, 0.8047827154002918, 0.013216905295848846, -0.9972987771034241, 0.07225311547517776, -0.17529865354259605, -0.3164882957935333, -0.07271678745746613, -0.9458051919937134, 2.5713022309831817, 0.0, 0.0, 0.0, 1.0, 4.2647, 0.0, 0.5, 0.0, 4.2647, 0.5, 0.0, 0.0, 1.0]], ["frame3_mirror.png", [0.9485043883323669, 0.010366646572947502, 0.3165944516658783, -0.8047827154002918, -0.013216905295848846, -0.9972987771034241, 0.07225311547517776, -0.17529865354259605, 0.3164882957935333, -0.07271678745746613, -0.9458051919937134, 2.5713022309831817, 0.0, 0.0, 0.0, 1.0, 4.2647, 0.0, 0.5, 0.0, 4.2647, 0.5, 0.0, 0.0, 1.0]], ["frame4.png", [0.9876881837844849, -0.052711598575115204, -0.14728718996047974, 0.36038593699511734, -0.03629358857870102, -0.9930436611175537, 0.11201362311840057, -0.27400296410738867, -0.15216703712940216, -0.10528894513845444, -0.9827306270599365, 2.661774662152399, 0.0, 0.0, 0.0, 1.0, 4.2647, 0.0, 0.5, 0.0, 4.2647, 0.5, 0.0, 0.0, 1.0]], ["frame4_mirror.png", [0.9876881837844849, 0.052711598575115204, 0.14728718996047974, -0.36038593699511734, 0.03629358857870102, -0.9930436611175537, 0.11201362311840057, -0.27400296410738867, 0.15216703712940216, -0.10528894513845444, -0.9827306270599365, 2.661774662152399, 0.0, 0.0, 0.0, 1.0, 4.2647, 0.0, 0.5, 0.0, 4.2647, 0.5, 0.0, 0.0, 1.0]]]}