{"labels": [["frame0.png", [0.9792318344116211, -0.12411529570817947, -0.16031330823898315, 0.39901691688161894, -0.1339608132839203, -0.9896162152290344, -0.052099138498306274, 0.12820697377888546, -0.15218235552310944, 0.07249283790588379, -0.9856902360916138, 2.6672736027480846, 0.0, 0.0, 0.0, 1.0, 4.2647, 0.0, 0.5, 0.0, 4.2647, 0.5, 0.0, 0.0, 1.0]], ["frame0_mirror.png", [0.9792318344116211, 0.12411529570817947, 0.16031330823898315, -0.39901691688161894, 0.1339608132839203, -0.9896162152290344, -0.052099138498306274, 0.12820697377888546, 0.15218235552310944, 0.07249283790588379, -0.9856902360916138, 2.6672736027480846, 0.0, 0.0, 0.0, 1.0, 4.2647, 0.0, 0.5, 0.0, 4.2647, 0.5, 0.0, 0.0, 1.0]], ["frame1.png", [0.9793898463249207, -0.1240164265036583, -0.15942256152629852, 0.3968026754005698, -0.13376766443252563, -0.989651620388031, -0.051922548562288284, 0.12776596357251013, -0.15133355557918549, 0.07217799872159958, -0.985844075679779, 2.667625066486544, 0.0, 0.0, 0.0, 1.0, 4.2647, 0.0, 0.5, 0.0, 4.2647, 0.5, 0.0, 0.0, 1.0]], ["frame1_mirror.png", [0.9793898463249207, 0.1240164265036583, 0.15942256152629852, -0.3968026754005698, 0.13376766443252563, -0.989651620388031, -0.051922548562288284, 0.12776596357251013, 0.15133355557918549, 0.07217799872159958, -0.985844075679779, 2.667625066486544, 0.0, 0.0, 0.0, 1.0, 4.2647, 0.0, 0.5, 0.0, 4.2647, 0.5, 0.0, 0.0, 1.0]], ["frame10.png", [0.9882146120071411, -0.13396762311458588, -0.07405789941549301, 0.1813965530180893, -0.13569402694702148, -0.9905729293823242, -0.018770728260278702, 0.0451879658809652, -0.07084507495164871, 0.02859872207045555, -0.9970772862434387, 2.6935206214715897, 0.0, 0.0, 0.0, 1.0, 4.2647, 0.0, 0.5, 0.0, 4.2647, 0.5, 0.0, 0.0, 1.0]], ["frame10_mirror.png", [0.9882146120071411, 0.13396762311458588, 0.07405789941549301, -0.1813965530180893, 0.13569402694702148, -0.9905729293823242, -0.018770728260278702, 0.0451879658809652, 0.07084507495164871, 0.02859872207045555, -0.9970772862434387, 2.6935206214715897, 0.0, 0.0, 0.0, 1.0, 4.2647, 0.0, 0.5, 0.0, 4.2647, 0.5, 0.0, 0.0, 1.0]], ["frame11.png", [0.9895156025886536, -0.13335630297660828, -0.05545206740498543, 0.1292523788578367, -0.13446442782878876, -0.9907770156860352, -0.016740435734391212, 0.034869318548019675, -0.05270819365978241, 0.024021252989768982, -0.9983210563659668, 2.696679060100328, 0.0, 0.0, 0.0, 1.0, 4.2647, 0.0, 0.5, 0.0, 4.2647, 0.5, 0.0, 0.0, 1.0]], ["frame11_mirror.png", [0.9895156025886536, 0.13335630297660828, 0.05545206740498543, -0.1292523788578367, 0.13446442782878876, -0.9907770156860352, -0.016740435734391212, 0.034869318548019675, 0.05270819365978241, 0.024021252989768982, -0.9983210563659668, 2.696679060100328, 0.0, 0.0, 0.0, 1.0, 4.2647, 0.0, 0.5, 0.0, 4.2647, 0.5, 0.0, 0.0, 1.0]], ["frame12.png", [0.9892004132270813, -0.13637036085128784, -0.05371786281466484, 0.12861690762939723, -0.1367521435022354, -0.9905991554260254, -0.003479541512206197, 0.004466614342675626, -0.052738361060619354, 0.010787997394800186, -0.9985500574111938, 2.6969311708733255, 0.0, 0.0, 0.0, 1.0, 4.2647, 0.0, 0.5, 0.0, 4.2647, 0.5, 0.0, 0.0, 1.0]], ["frame12_mirror.png", [0.9892004132270813, 0.13637036085128784, 0.05371786281466484, -0.12861690762939723, 0.1367521435022354, -0.9905991554260254, -0.003479541512206197, 0.004466614342675626, 0.052738361060619354, 0.010787997394800186, -0.9985500574111938, 2.6969311708733255, 0.0, 0.0, 0.0, 1.0, 4.2647, 0.0, 0.5, 0.0, 4.2647, 0.5, 0.0, 0.0, 1.0]], ["frame13.png", [0.9892799854278564, -0.13698291778564453, -0.05060345679521561, 0.1186156646299362, -0.1364675760269165, -0.9905523061752319, 0.01351907104253769, -0.03589874681944344, -0.0519772507250309, -0.006468417122960091, -0.9986273050308228, 2.6971543530323197, 0.0, 0.0, 0.0, 1.0, 4.2647, 0.0, 0.5, 0.0, 4.2647, 0.5, 0.0, 0.0, 1.0]], ["frame13_mirror.png", [0.9892799854278564, 0.13698291778564453, 0.05060345679521561, -0.1186156646299362, 0.1364675760269165, -0.9905523061752319, 0.01351907104253769, -0.03589874681944344, 0.0519772507250309, -0.006468417122960091, -0.9986273050308228, 2.6971543530323197, 0.0, 0.0, 0.0, 1.0, 4.2647, 0.0, 0.5, 0.0, 4.2647, 0.5, 0.0, 0.0, 1.0]], ["frame14.png", [0.9895132184028625, -0.13762930035591125, -0.043837882578372955, 0.1043727908116598, -0.13739605247974396, -0.9904813766479492, 0.008304179646074772, -0.02697874375132709, -0.044563502073287964, -0.0021939431317150593, -0.9990041255950928, 2.6978470060260618, 0.0, 0.0, 0.0, 1.0, 4.2647, 0.0, 0.5, 0.0, 4.2647, 0.5, 0.0, 0.0, 1.0]], ["frame14_mirror.png", [0.9895132184028625, 0.13762930035591125, 0.043837882578372955, -0.1043727908116598, 0.13739605247974396, -0.9904813766479492, 0.008304179646074772, -0.02697874375132709, 0.044563502073287964, -0.0021939431317150593, -0.9990041255950928, 2.6978470060260618, 0.0, 0.0, 0.0, 1.0, 4.2647, 0.0, 0.5, 0.0, 4.2647, 0.5, 0.0, 0.0, 1.0]], ["frame15.png", [0.9905080795288086, -0.13063116371631622, -0.04276946187019348, 0.10026140326199501, -0.12943218648433685, -0.9911432266235352, 0.029707221314311028, -0.08216997348573846, -0.046271346509456635, -0.02388949692249298, -0.9986432194709778, 2.6968863058114425, 0.0, 0.0, 0.0, 1.0, 4.2647, 0.0, 0.5, 0.0, 4.2647, 0.5, 0.0, 0.0, 1.0]], ["frame15_mirror.png", [0.9905080795288086, 0.13063116371631622, 0.04276946187019348, -0.10026140326199501, 0.12943218648433685, -0.9911432266235352, 0.029707221314311028, -0.08216997348573846, 0.046271346509456635, -0.02388949692249298, -0.9986432194709778, 2.6968863058114425, 0.0, 0.0, 0.0, 1.0, 4.2647, 0.0, 0.5, 0.0, 4.2647, 0.5, 0.0, 0.0, 1.0]], ["frame16.png", [0.9907991290092468, -0.1290518194437027, -0.0407768115401268, 0.10051154514308035, -0.1276821345090866, -0.9912118911743164, 0.03458692505955696, -0.09521947056358991, -0.04488196596503258, -0.029062220826745033, -0.9985694289207458, 2.6964477895406285, 0.0, 0.0, 0.0, 1.0, 4.2647, 0.0, 0.5, 0.0, 4.2647, 0.5, 0.0, 0.0, 1.0]], ["frame16_mirror.png", [0.9907991290092468, 0.1290518194437027, 0.0407768115401268, -0.10051154514308035, 0.1276821345090866, -0.9912118911743164, 0.03458692505955696, -0.09521947056358991, 0.04488196596503258, -0.029062220826745033, -0.9985694289207458, 2.6964477895406285, 0.0, 0.0, 0.0, 1.0, 4.2647, 0.0, 0.5, 0.0, 4.2647, 0.5, 0.0, 0.0, 1.0]], ["frame17.png", [0.9917922616004944, -0.12219885736703873, -0.037622515112161636, 0.0908353842166038, -0.12084037065505981, -0.9920010566711426, 0.03649008274078369, -0.10156014501249916, -0.04178062081336975, -0.03164426237344742, -0.9986255764961243, 2.696559747144361, 0.0, 0.0, 0.0, 1.0, 4.2647, 0.0, 0.5, 0.0, 4.2647, 0.5, 0.0, 0.0, 1.0]], ["frame17_mirror.png", [0.9917922616004944, 0.12219885736703873, 0.037622515112161636, -0.0908353842166038, 0.12084037065505981, -0.9920010566711426, 0.03649008274078369, -0.10156014501249916, 0.04178062081336975, -0.03164426237344742, -0.9986255764961243, 2.696559747144361, 0.0, 0.0, 0.0, 1.0, 4.2647, 0.0, 0.5, 0.0, 4.2647, 0.5, 0.0, 0.0, 1.0]], ["frame18.png", [0.9928892850875854, -0.11477319151163101, -0.03158840164542198, 0.0732476765437381, -0.11401484906673431, -0.9931681752204895, 0.024849535897374153, -0.06943924334557233, -0.034224655479192734, -0.021071292459964752, -0.9991919994354248, 2.698112853341116, 0.0, 0.0, 0.0, 1.0, 4.2647, 0.0, 0.5, 0.0, 4.2647, 0.5, 0.0, 0.0, 1.0]], ["frame18_mirror.png", [0.9928892850875854, 0.11477319151163101, 0.03158840164542198, -0.0732476765437381, 0.11401484906673431, -0.9931681752204895, 0.024849535897374153, -0.06943924334557233, 0.034224655479192734, -0.021071292459964752, -0.9991919994354248, 2.698112853341116, 0.0, 0.0, 0.0, 1.0, 4.2647, 0.0, 0.5, 0.0, 4.2647, 0.5, 0.0, 0.0, 1.0]], ["frame19.png", [0.9932787418365479, -0.11391512304544449, -0.020510394126176834, 0.043816003594524366, -0.11353126913309097, -0.9933527112007141, 0.019000262022018433, -0.05777372856481586, -0.022538471966981888, -0.016543984413146973, -0.999609112739563, 2.699026186259912, 0.0, 0.0, 0.0, 1.0, 4.2647, 0.0, 0.5, 0.0, 4.2647, 0.5, 0.0, 0.0, 1.0]], ["frame19_mirror.png", [0.9932787418365479, 0.11391512304544449, 0.020510394126176834, -0.043816003594524366, 0.11353126913309097, -0.9933527112007141, 0.019000262022018433, -0.05777372856481586, 0.022538471966981888, -0.016543984413146973, -0.999609112739563, 2.699026186259912, 0.0, 0.0, 0.0, 1.0, 4.2647, 0.0, 0.5, 0.0, 4.2647, 0.5, 0.0, 0.0, 1.0]], ["frame2.png", [0.9794978499412537, -0.12578758597373962, -0.15735764801502228, 0.3919792057714403, -0.13433516025543213, -0.9899193048477173, -0.04487511143088341, 0.10763529229402848, -0.1501266360282898, 0.0650937408208847, -0.9865215420722961, 2.669225907654796, 0.0, 0.0, 0.0, 1.0, 4.2647, 0.0, 0.5, 0.0, 4.2647, 0.5, 0.0, 0.0, 1.0]], ["frame2_mirror.png", [0.9794978499412537, 0.12578758597373962, 0.15735764801502228, -0.3919792057714403, 0.13433516025543213, -0.9899193048477173, -0.04487511143088341, 0.10763529229402848, 0.1501266360282898, 0.0650937408208847, -0.9865215420722961, 2.669225907654796, 0.0, 0.0, 0.0, 1.0, 4.2647, 0.0, 0.5, 0.0, 4.2647, 0.5, 0.0, 0.0, 1.0]], ["frame20.png", [0.9935259222984314, -0.11338833719491959, -0.007024586200714111, 0.013322255011001054, -0.11332596838474274, -0.9935196042060852, 0.008718984201550484, -0.026145968022939118, -0.007967695593833923, -0.007866468280553818, -0.9999372959136963, 2.6998405334162916, 0.0, 0.0, 0.0, 1.0, 4.2647, 0.0, 0.5, 0.0, 4.2647, 0.5, 0.0, 0.0, 1.0]], ["frame20_mirror.png", [0.9935259222984314, 0.11338833719491959, 0.007024586200714111, -0.013322255011001054, 0.11332596838474274, -0.9935196042060852, 0.008718984201550484, -0.026145968022939118, 0.007967695593833923, -0.007866468280553818, -0.9999372959136963, 2.6998405334162916, 0.0, 0.0, 0.0, 1.0, 4.2647, 0.0, 0.5, 0.0, 4.2647, 0.5, 0.0, 0.0, 1.0]], ["frame21.png", [0.9936679601669312, -0.11218593269586563, 0.006188273895531893, -0.02174094292739583, -0.11217746883630753, -0.9936867356300354, -0.0016982837114483118, 0.00024211315825211502, 0.00633972929790616, 0.0009933451656252146, -0.9999794363975525, 2.69991245650333, 0.0, 0.0, 0.0, 1.0, 4.2647, 0.0, 0.5, 0.0, 4.2647, 0.5, 0.0, 0.0, 1.0]], ["frame21_mirror.png", [0.9936679601669312, 0.11218593269586563, -0.006188273895531893, 0.02174094292739583, 0.11217746883630753, -0.9936867356300354, -0.0016982837114483118, 0.00024211315825211502, -0.00633972929790616, 0.0009933451656252146, -0.9999794363975525, 2.69991245650333, 0.0, 0.0, 0.0, 1.0, 4.2647, 0.0, 0.5, 0.0, 4.2647, 0.5, 0.0, 0.0, 1.0]], ["frame22.png", [0.9934837222099304, -0.11254895478487015, 0.017964957281947136, -0.05034739836478147, -0.11221589148044586, -0.9935100674629211, -0.018583860248327255, 0.0412356726983527, 0.019939960911870003, 0.016446810215711594, -0.9996658563613892, 2.6992155821228905, 0.0, 0.0, 0.0, 1.0, 4.2647, 0.0, 0.5, 0.0, 4.2647, 0.5, 0.0, 0.0, 1.0]], ["frame22_mirror.png", [0.9934837222099304, 0.11254895478487015, -0.017964957281947136, 0.05034739836478147, 0.11221589148044586, -0.9935100674629211, -0.018583860248327255, 0.0412356726983527, -0.019939960911870003, 0.016446810215711594, -0.9996658563613892, 2.6992155821228905, 0.0, 0.0, 0.0, 1.0, 4.2647, 0.0, 0.5, 0.0, 4.2647, 0.5, 0.0, 0.0, 1.0]], ["frame23.png", [0.9931066036224365, -0.11319564282894135, 0.030430328100919724, -0.08255525808853924, -0.11255313456058502, -0.9934006929397583, -0.022062543779611588, 0.05432165209162416, 0.032726895064115524, 0.018485430628061295, -0.999293327331543, 2.698190836000295, 0.0, 0.0, 0.0, 1.0, 4.2647, 0.0, 0.5, 0.0, 4.2647, 0.5, 0.0, 0.0, 1.0]], ["frame23_mirror.png", [0.9931066036224365, 0.11319564282894135, -0.030430328100919724, 0.08255525808853924, 0.11255313456058502, -0.9934006929397583, -0.022062543779611588, 0.05432165209162416, -0.032726895064115524, 0.018485430628061295, -0.999293327331543, 2.698190836000295, 0.0, 0.0, 0.0, 1.0, 4.2647, 0.0, 0.5, 0.0, 4.2647, 0.5, 0.0, 0.0, 1.0]], ["frame24.png", [0.993233859539032, -0.11092082411050797, 0.03439478203654289, -0.09195627957300577, -0.10982850193977356, -0.9934296607971191, -0.03217485919594765, 0.0742662635920192, 0.0377376563847065, 0.028179632499814034, -0.998890221118927, 2.6974114563297853, 0.0, 0.0, 0.0, 1.0, 4.2647, 0.0, 0.5, 0.0, 4.2647, 0.5, 0.0, 0.0, 1.0]], ["frame24_mirror.png", [0.993233859539032, 0.11092082411050797, -0.03439478203654289, 0.09195627957300577, 0.10982850193977356, -0.9934296607971191, -0.03217485919594765, 0.0742662635920192, -0.0377376563847065, 0.028179632499814034, -0.998890221118927, 2.6974114563297853, 0.0, 0.0, 0.0, 1.0, 4.2647, 0.0, 0.5, 0.0, 4.2647, 0.5, 0.0, 0.0, 1.0]], ["frame25.png", [0.9928568601608276, -0.1102687194943428, 0.04556385427713394, -0.12002105943631537, -0.10847777873277664, -0.9932907819747925, -0.0400753952562809, 0.09327103947709084, 0.04967721924185753, 0.0348464660346508, -0.998157262802124, 2.6957179857111626, 0.0, 0.0, 0.0, 1.0, 4.2647, 0.0, 0.5, 0.0, 4.2647, 0.5, 0.0, 0.0, 1.0]], ["frame25_mirror.png", [0.9928568601608276, 0.1102687194943428, -0.04556385427713394, 0.12002105943631537, 0.10847777873277664, -0.9932907819747925, -0.0400753952562809, 0.09327103947709084, -0.04967721924185753, 0.0348464660346508, -0.998157262802124, 2.6957179857111626, 0.0, 0.0, 0.0, 1.0, 4.2647, 0.0, 0.5, 0.0, 4.2647, 0.5, 0.0, 0.0, 1.0]], ["frame26.png", [0.9923578500747681, -0.11273505538702011, 0.050167012959718704, -0.13077188817367644, -0.11029215902090073, -0.9926874041557312, -0.04906386882066727, 0.11545414416843679, 0.05533137917518616, 0.043155886232852936, -0.997534990310669, 2.69435874631754, 0.0, 0.0, 0.0, 1.0, 4.2647, 0.0, 0.5, 0.0, 4.2647, 0.5, 0.0, 0.0, 1.0]], ["frame26_mirror.png", [0.9923578500747681, 0.11273505538702011, -0.050167012959718704, 0.13077188817367644, 0.11029215902090073, -0.9926874041557312, -0.04906386882066727, 0.11545414416843679, -0.05533137917518616, 0.043155886232852936, -0.997534990310669, 2.69435874631754, 0.0, 0.0, 0.0, 1.0, 4.2647, 0.0, 0.5, 0.0, 4.2647, 0.5, 0.0, 0.0, 1.0]], ["frame27.png", [0.9922400712966919, -0.11224120855331421, 0.053492289036512375, -0.13756661450403293, -0.10983771085739136, -0.9928872585296631, -0.045940887182950974, 0.11149107001009596, 0.05826827138662338, 0.03970891982316971, -0.9975108504295349, 2.694187292650959, 0.0, 0.0, 0.0, 1.0, 4.2647, 0.0, 0.5, 0.0, 4.2647, 0.5, 0.0, 0.0, 1.0]], ["frame27_mirror.png", [0.9922400712966919, 0.11224120855331421, -0.053492289036512375, 0.13756661450403293, 0.10983771085739136, -0.9928872585296631, -0.045940887182950974, 0.11149107001009596, -0.05826827138662338, 0.03970891982316971, -0.9975108504295349, 2.694187292650959, 0.0, 0.0, 0.0, 1.0, 4.2647, 0.0, 0.5, 0.0, 4.2647, 0.5, 0.0, 0.0, 1.0]], ["frame28.png", [0.9927071928977966, -0.10618487000465393, 0.05707120895385742, -0.14686087083982893, -0.10340453684329987, -0.9933993816375732, -0.049649517983198166, 0.11785254143167676, 0.061966534703969955, 0.04338601231575012, -0.997134804725647, 2.693425822831262, 0.0, 0.0, 0.0, 1.0, 4.2647, 0.0, 0.5, 0.0, 4.2647, 0.5, 0.0, 0.0, 1.0]], ["frame28_mirror.png", [0.9927071928977966, 0.10618487000465393, -0.05707120895385742, 0.14686087083982893, 0.10340453684329987, -0.9933993816375732, -0.049649517983198166, 0.11785254143167676, -0.061966534703969955, 0.04338601231575012, -0.997134804725647, 2.693425822831262, 0.0, 0.0, 0.0, 1.0, 4.2647, 0.0, 0.5, 0.0, 4.2647, 0.5, 0.0, 0.0, 1.0]], ["frame29.png", [0.9921038150787354, -0.11296840012073517, 0.05448004975914955, -0.14024569502518633, -0.10967963188886642, -0.9921546578407288, -0.05999526381492615, 0.14795979819743627, 0.06083020195364952, 0.05354618281126022, -0.9967107772827148, 2.6922925255522063, 0.0, 0.0, 0.0, 1.0, 4.2647, 0.0, 0.5, 0.0, 4.2647, 0.5, 0.0, 0.0, 1.0]], ["frame29_mirror.png", [0.9921038150787354, 0.11296840012073517, -0.05448004975914955, 0.14024569502518633, 0.10967963188886642, -0.9921546578407288, -0.05999526381492615, 0.14795979819743627, -0.06083020195364952, 0.05354618281126022, -0.9967107772827148, 2.6922925255522063, 0.0, 0.0, 0.0, 1.0, 4.2647, 0.0, 0.5, 0.0, 4.2647, 0.5, 0.0, 0.0, 1.0]], ["frame3.png", [0.9795042276382446, -0.13096117973327637, -0.15303780138492584, 0.3806545392615793, -0.13952088356018066, -0.9891241788864136, -0.046553418040275574, 0.11439323279731706, -0.14527671039104462, 0.06695123761892319, -0.9871231913566589, 2.6705835148951502, 0.0, 0.0, 0.0, 1.0, 4.2647, 0.0, 0.5, 0.0, 4.2647, 0.5, 0.0, 0.0, 1.0]], ["frame3_mirror.png", [0.9795042276382446, 0.13096117973327637, 0.15303780138492584, -0.3806545392615793, 0.13952088356018066, -0.9891241788864136, -0.046553418040275574, 0.11439323279731706, 0.14527671039104462, 0.06695123761892319, -0.9871231913566589, 2.6705835148951502, 0.0, 0.0, 0.0, 1.0, 4.2647, 0.0, 0.5, 0.0, 4.2647, 0.5, 0.0, 0.0, 1.0]], ["frame30.png", [0.9919573664665222, -0.11193787306547165, 0.059080127626657486, -0.14941863457455984, -0.10837536305189133, -0.992272675037384, -0.060412194579839706, 0.15006577699157134, 0.06538601219654083, 0.05352349579334259, -0.9964235424995422, 2.6916824356186213, 0.0, 0.0, 0.0, 1.0, 4.2647, 0.0, 0.5, 0.0, 4.2647, 0.5, 0.0, 0.0, 1.0]], ["frame30_mirror.png", [0.9919573664665222, 0.11193787306547165, -0.059080127626657486, 0.14941863457455984, 0.10837536305189133, -0.992272675037384, -0.060412194579839706, 0.15006577699157134, -0.06538601219654083, 0.05352349579334259, -0.9964235424995422, 2.6916824356186213, 0.0, 0.0, 0.0, 1.0, 4.2647, 0.0, 0.5, 0.0, 4.2647, 0.5, 0.0, 0.0, 1.0]], ["frame31.png", [0.992078959941864, -0.11106806993484497, 0.05867858603596687, -0.14832085593937738, -0.1074560135602951, -0.9923059940338135, -0.06149870902299881, 0.15189901872035633, 0.0650576502084732, 0.054706208407878876, -0.9963808655738831, 2.6916403199174304, 0.0, 0.0, 0.0, 1.0, 4.2647, 0.0, 0.5, 0.0, 4.2647, 0.5, 0.0, 0.0, 1.0]], ["frame31_mirror.png", [0.992078959941864, 0.11106806993484497, -0.05867858603596687, 0.14832085593937738, 0.1074560135602951, -0.9923059940338135, -0.06149870902299881, 0.15189901872035633, -0.0650576502084732, 0.054706208407878876, -0.9963808655738831, 2.6916403199174304, 0.0, 0.0, 0.0, 1.0, 4.2647, 0.0, 0.5, 0.0, 4.2647, 0.5, 0.0, 0.0, 1.0]], ["frame32.png", [0.9925346970558167, -0.1092495247721672, 0.05421651154756546, -0.14001447153317917, -0.10617624968290329, -0.9927317500114441, -0.05665908753871918, 0.1396893547344508, 0.06001242995262146, 0.05047960579395294, -0.9969204068183899, 2.6927463363516364, 0.0, 0.0, 0.0, 1.0, 4.2647, 0.0, 0.5, 0.0, 4.2647, 0.5, 0.0, 0.0, 1.0]], ["frame32_mirror.png", [0.9925346970558167, 0.1092495247721672, -0.05421651154756546, 0.14001447153317917, 0.10617624968290329, -0.9927317500114441, -0.05665908753871918, 0.1396893547344508, -0.06001242995262146, 0.05047960579395294, -0.9969204068183899, 2.6927463363516364, 0.0, 0.0, 0.0, 1.0, 4.2647, 0.0, 0.5, 0.0, 4.2647, 0.5, 0.0, 0.0, 1.0]], ["frame33.png", [0.9931700825691223, -0.10455317050218582, 0.051786500960588455, -0.13762335969445802, -0.10153559595346451, -0.9931496381759644, -0.057830240577459335, 0.13964729122695077, 0.057478077709674835, 0.05217709019780159, -0.9969823956489563, 2.6928717839732705, 0.0, 0.0, 0.0, 1.0, 4.2647, 0.0, 0.5, 0.0, 4.2647, 0.5, 0.0, 0.0, 1.0]], ["frame33_mirror.png", [0.9931700825691223, 0.10455317050218582, -0.051786500960588455, 0.13762335969445802, 0.10153559595346451, -0.9931496381759644, -0.057830240577459335, 0.13964729122695077, -0.057478077709674835, 0.05217709019780159, -0.9969823956489563, 2.6928717839732705, 0.0, 0.0, 0.0, 1.0, 4.2647, 0.0, 0.5, 0.0, 4.2647, 0.5, 0.0, 0.0, 1.0]], ["frame34.png", [0.9934403896331787, -0.10628726333379745, 0.04218069463968277, -0.11308356407285072, -0.10393296927213669, -0.9930868148803711, -0.054557472467422485, 0.13460760986471723, 0.04768785834312439, 0.04981563240289688, -0.9976192712783813, 2.6942703834068125, 0.0, 0.0, 0.0, 1.0, 4.2647, 0.0, 0.5, 0.0, 4.2647, 0.5, 0.0, 0.0, 1.0]], ["frame34_mirror.png", [0.9934403896331787, 0.10628726333379745, -0.04218069463968277, 0.11308356407285072, 0.10393296927213669, -0.9930868148803711, -0.054557472467422485, 0.13460760986471723, -0.04768785834312439, 0.04981563240289688, -0.9976192712783813, 2.6942703834068125, 0.0, 0.0, 0.0, 1.0, 4.2647, 0.0, 0.5, 0.0, 4.2647, 0.5, 0.0, 0.0, 1.0]], ["frame35.png", [0.9940397143363953, -0.10292419046163559, 0.035940203815698624, -0.09633732571270884, -0.10077706724405289, -0.9932652115821838, -0.05716763436794281, 0.13915999154597103, 0.04158208891749382, 0.05320494994521141, -0.9977174997329712, 2.694689892441698, 0.0, 0.0, 0.0, 1.0, 4.2647, 0.0, 0.5, 0.0, 4.2647, 0.5, 0.0, 0.0, 1.0]], ["frame35_mirror.png", [0.9940397143363953, 0.10292419046163559, -0.035940203815698624, 0.09633732571270884, 0.10077706724405289, -0.9932652115821838, -0.05716763436794281, 0.13915999154597103, -0.04158208891749382, 0.05320494994521141, -0.9977174997329712, 2.694689892441698, 0.0, 0.0, 0.0, 1.0, 4.2647, 0.0, 0.5, 0.0, 4.2647, 0.5, 0.0, 0.0, 1.0]], ["frame36.png", [0.9942049384117126, -0.1048063337802887, 0.023918626829981804, -0.06725325968956762, -0.10346055775880814, -0.9932794570922852, -0.0518832765519619, 0.1264400771450429, 0.029195576906204224, 0.049107976257801056, -0.99836665391922, 2.6961991591780983, 0.0, 0.0, 0.0, 1.0, 4.2647, 0.0, 0.5, 0.0, 4.2647, 0.5, 0.0, 0.0, 1.0]], ["frame36_mirror.png", [0.9942049384117126, 0.1048063337802887, -0.023918626829981804, 0.06725325968956762, 0.10346055775880814, -0.9932794570922852, -0.0518832765519619, 0.1264400771450429, -0.029195576906204224, 0.049107976257801056, -0.99836665391922, 2.6961991591780983, 0.0, 0.0, 0.0, 1.0, 4.2647, 0.0, 0.5, 0.0, 4.2647, 0.5, 0.0, 0.0, 1.0]], ["frame37.png", [0.9946249723434448, -0.1025528833270073, 0.01428407896310091, -0.04504424948881571, -0.10174313187599182, -0.993601381778717, -0.04903567209839821, 0.11818592952334617, 0.019221432507038116, 0.047318797558546066, -0.9986948370933533, 2.697035984493105, 0.0, 0.0, 0.0, 1.0, 4.2647, 0.0, 0.5, 0.0, 4.2647, 0.5, 0.0, 0.0, 1.0]], ["frame37_mirror.png", [0.9946249723434448, 0.1025528833270073, -0.01428407896310091, 0.04504424948881571, 0.10174313187599182, -0.993601381778717, -0.04903567209839821, 0.11818592952334617, -0.019221432507038116, 0.047318797558546066, -0.9986948370933533, 2.697035984493105, 0.0, 0.0, 0.0, 1.0, 4.2647, 0.0, 0.5, 0.0, 4.2647, 0.5, 0.0, 0.0, 1.0]], ["frame38.png", [0.9950566291809082, -0.09926575422286987, 0.0029285424388945103, -0.014098393763292541, -0.09892399609088898, -0.9933624267578125, -0.05869505926966667, 0.1437298916680844, 0.00873551331460476, 0.05811520665884018, -0.998271644115448, 2.6961348173884736, 0.0, 0.0, 0.0, 1.0, 4.2647, 0.0, 0.5, 0.0, 4.2647, 0.5, 0.0, 0.0, 1.0]], ["frame38_mirror.png", [0.9950566291809082, 0.09926575422286987, -0.0029285424388945103, 0.014098393763292541, 0.09892399609088898, -0.9933624267578125, -0.05869505926966667, 0.1437298916680844, -0.00873551331460476, 0.05811520665884018, -0.998271644115448, 2.6961348173884736, 0.0, 0.0, 0.0, 1.0, 4.2647, 0.0, 0.5, 0.0, 4.2647, 0.5, 0.0, 0.0, 1.0]], ["frame39.png", [0.9949554800987244, -0.09970462322235107, -0.011071506887674332, 0.02105915051104981, -0.10016472637653351, -0.9934595823287964, -0.05481916666030884, 0.13206978721830923, -0.005533370189368725, 0.05565160512924194, -0.9984349608421326, 2.6966857591280196, 0.0, 0.0, 0.0, 1.0, 4.2647, 0.0, 0.5, 0.0, 4.2647, 0.5, 0.0, 0.0, 1.0]], ["frame39_mirror.png", [0.9949554800987244, 0.09970462322235107, 0.011071506887674332, -0.02105915051104981, 0.10016472637653351, -0.9934595823287964, -0.05481916666030884, 0.13206978721830923, 0.005533370189368725, 0.05565160512924194, -0.9984349608421326, 2.6966857591280196, 0.0, 0.0, 0.0, 1.0, 4.2647, 0.0, 0.5, 0.0, 4.2647, 0.5, 0.0, 0.0, 1.0]], ["frame4.png", [0.980111837387085, -0.13451963663101196, -0.14589469134807587, 0.36187438395811783, -0.1423037201166153, -0.9888334274291992, -0.044251468032598495, 0.10917272743974979, -0.13831286132335663, 0.06413275003433228, -0.9883099794387817, 2.673411349908259, 0.0, 0.0, 0.0, 1.0, 4.2647, 0.0, 0.5, 0.0, 4.2647, 0.5, 0.0, 0.0, 1.0]], ["frame4_mirror.png", [0.980111837387085, 0.13451963663101196, 0.14589469134807587, -0.36187438395811783, 0.1423037201166153, -0.9888334274291992, -0.044251468032598495, 0.10917272743974979, 0.13831286132335663, 0.06413275003433228, -0.9883099794387817, 2.673411349908259, 0.0, 0.0, 0.0, 1.0, 4.2647, 0.0, 0.5, 0.0, 4.2647, 0.5, 0.0, 0.0, 1.0]], ["frame40.png", [0.9949346780776978, -0.09822937846183777, -0.02135474607348442, 0.047959394368923665, -0.09936066716909409, -0.993198812007904, -0.060692720115184784, 0.14785935274582035, -0.015247699804604053, 0.06250710785388947, -0.9979280233383179, 2.6955217506630054, 0.0, 0.0, 0.0, 1.0, 4.2647, 0.0, 0.5, 0.0, 4.2647, 0.5, 0.0, 0.0, 1.0]], ["frame40_mirror.png", [0.9949346780776978, 0.09822937846183777, 0.02135474607348442, -0.047959394368923665, 0.09936066716909409, -0.993198812007904, -0.060692720115184784, 0.14785935274582035, 0.015247699804604053, 0.06250710785388947, -0.9979280233383179, 2.6955217506630054, 0.0, 0.0, 0.0, 1.0, 4.2647, 0.0, 0.5, 0.0, 4.2647, 0.5, 0.0, 0.0, 1.0]], ["frame41.png", [0.9946585297584534, -0.0993533805012703, -0.027990145608782768, 0.06468890239337155, -0.10071757435798645, -0.993529736995697, -0.052484869956970215, 0.12671023983825536, -0.022594492882490158, 0.05502362176775932, -0.9982293844223022, 2.696249220867254, 0.0, 0.0, 0.0, 1.0, 4.2647, 0.0, 0.5, 0.0, 4.2647, 0.5, 0.0, 0.0, 1.0]], ["frame41_mirror.png", [0.9946585297584534, 0.0993533805012703, 0.027990145608782768, -0.06468890239337155, 0.10071757435798645, -0.993529736995697, -0.052484869956970215, 0.12671023983825536, 0.022594492882490158, 0.05502362176775932, -0.9982293844223022, 2.696249220867254, 0.0, 0.0, 0.0, 1.0, 4.2647, 0.0, 0.5, 0.0, 4.2647, 0.5, 0.0, 0.0, 1.0]], ["frame42.png", [0.9947301149368286, -0.09840307384729385, -0.028789352625608444, 0.0666153961339844, -0.09964510798454285, -0.9939836859703064, -0.04546590521931648, 0.10637322439806847, -0.02414216287434101, 0.04809502139687538, -0.9985509514808655, 2.69708122349496, 0.0, 0.0, 0.0, 1.0, 4.2647, 0.0, 0.5, 0.0, 4.2647, 0.5, 0.0, 0.0, 1.0]], ["frame42_mirror.png", [0.9947301149368286, 0.09840307384729385, 0.028789352625608444, -0.0666153961339844, 0.09964510798454285, -0.9939836859703064, -0.04546590521931648, 0.10637322439806847, 0.02414216287434101, 0.04809502139687538, -0.9985509514808655, 2.69708122349496, 0.0, 0.0, 0.0, 1.0, 4.2647, 0.0, 0.5, 0.0, 4.2647, 0.5, 0.0, 0.0, 1.0]], ["frame43.png", [0.9945293068885803, -0.098033607006073, -0.03606792911887169, 0.08498844590911823, -0.09958422929048538, -0.9940536022186279, -0.04404951632022858, 0.10446782670978493, -0.03153511881828308, 0.0474003329873085, -0.9983780980110168, 2.6966392857118446, 0.0, 0.0, 0.0, 1.0, 4.2647, 0.0, 0.5, 0.0, 4.2647, 0.5, 0.0, 0.0, 1.0]], ["frame43_mirror.png", [0.9945293068885803, 0.098033607006073, 0.03606792911887169, -0.08498844590911823, 0.09958422929048538, -0.9940536022186279, -0.04404951632022858, 0.10446782670978493, 0.03153511881828308, 0.0474003329873085, -0.9983780980110168, 2.6966392857118446, 0.0, 0.0, 0.0, 1.0, 4.2647, 0.0, 0.5, 0.0, 4.2647, 0.5, 0.0, 0.0, 1.0]], ["frame44.png", [0.9939279556274414, -0.10032976418733597, -0.04517974704504013, 0.1068428822974064, -0.10221874713897705, -0.9938900470733643, -0.04164068028330803, 0.10083069510463312, -0.04072590172290802, 0.04600605368614197, -0.9981105923652649, 2.696000328157825, 0.0, 0.0, 0.0, 1.0, 4.2647, 0.0, 0.5, 0.0, 4.2647, 0.5, 0.0, 0.0, 1.0]], ["frame44_mirror.png", [0.9939279556274414, 0.10032976418733597, 0.04517974704504013, -0.1068428822974064, 0.10221874713897705, -0.9938900470733643, -0.04164068028330803, 0.10083069510463312, 0.04072590172290802, 0.04600605368614197, -0.9981105923652649, 2.696000328157825, 0.0, 0.0, 0.0, 1.0, 4.2647, 0.0, 0.5, 0.0, 4.2647, 0.5, 0.0, 0.0, 1.0]], ["frame45.png", [0.9934149980545044, -0.1041140928864479, -0.047821834683418274, 0.11564393146553045, -0.10602553933858871, -0.9935850501060486, -0.03933672979474068, 0.09444949472980271, -0.04341955482959747, 0.0441480316221714, -0.9980810284614563, 2.6958682783215653, 0.0, 0.0, 0.0, 1.0, 4.2647, 0.0, 0.5, 0.0, 4.2647, 0.5, 0.0, 0.0, 1.0]], ["frame45_mirror.png", [0.9934149980545044, 0.1041140928864479, 0.047821834683418274, -0.11564393146553045, 0.10602553933858871, -0.9935850501060486, -0.03933672979474068, 0.09444949472980271, 0.04341955482959747, 0.0441480316221714, -0.9980810284614563, 2.6958682783215653, 0.0, 0.0, 0.0, 1.0, 4.2647, 0.0, 0.5, 0.0, 4.2647, 0.5, 0.0, 0.0, 1.0]], ["frame46.png", [0.9934808015823364, -0.10198572278022766, -0.05093963444232941, 0.12294085737574578, -0.10396591573953629, -0.9938599467277527, -0.037860654294490814, 0.09028298448484076, -0.04676561802625656, 0.04290981590747833, -0.9979838728904724, 2.695688136320711, 0.0, 0.0, 0.0, 1.0, 4.2647, 0.0, 0.5, 0.0, 4.2647, 0.5, 0.0, 0.0, 1.0]], ["frame46_mirror.png", [0.9934808015823364, 0.10198572278022766, 0.05093963444232941, -0.12294085737574578, 0.10396591573953629, -0.9938599467277527, -0.037860654294490814, 0.09028298448484076, 0.04676561802625656, 0.04290981590747833, -0.9979838728904724, 2.695688136320711, 0.0, 0.0, 0.0, 1.0, 4.2647, 0.0, 0.5, 0.0, 4.2647, 0.5, 0.0, 0.0, 1.0]], ["frame47.png", [0.9930635690689087, -0.10305167734622955, -0.056613270193338394, 0.13705662426214185, -0.10513869673013687, -0.9938341975212097, -0.03520611301064491, 0.08276296225802095, -0.05263615399599075, 0.040914155542850494, -0.9977752566337585, 2.6952487406219383, 0.0, 0.0, 0.0, 1.0, 4.2647, 0.0, 0.5, 0.0, 4.2647, 0.5, 0.0, 0.0, 1.0]], ["frame47_mirror.png", [0.9930635690689087, 0.10305167734622955, 0.056613270193338394, -0.13705662426214185, 0.10513869673013687, -0.9938341975212097, -0.03520611301064491, 0.08276296225802095, 0.05263615399599075, 0.040914155542850494, -0.9977752566337585, 2.6952487406219383, 0.0, 0.0, 0.0, 1.0, 4.2647, 0.0, 0.5, 0.0, 4.2647, 0.5, 0.0, 0.0, 1.0]], ["frame48.png", [0.9926447868347168, -0.10522744059562683, -0.0598626472055912, 0.1440387966663657, -0.10724928975105286, -0.9937291741371155, -0.031620245426893234, 0.07574296436453525, -0.05615994334220886, 0.037807900458574295, -0.9977056384086609, 2.6950910612452743, 0.0, 0.0, 0.0, 1.0, 4.2647, 0.0, 0.5, 0.0, 4.2647, 0.5, 0.0, 0.0, 1.0]], ["frame48_mirror.png", [0.9926447868347168, 0.10522744059562683, 0.0598626472055912, -0.1440387966663657, 0.10724928975105286, -0.9937291741371155, -0.031620245426893234, 0.07574296436453525, 0.05615994334220886, 0.037807900458574295, -0.9977056384086609, 2.6950910612452743, 0.0, 0.0, 0.0, 1.0, 4.2647, 0.0, 0.5, 0.0, 4.2647, 0.5, 0.0, 0.0, 1.0]], ["frame49.png", [0.9921277165412903, -0.10759938508272171, -0.06406941264867783, 0.15521868973762024, -0.10901474207639694, -0.9938583374023438, -0.019010666757822037, 0.043595251326201595, -0.061630383133888245, 0.025845520198345184, -0.9977643489837646, 2.6951821111787497, 0.0, 0.0, 0.0, 1.0, 4.2647, 0.0, 0.5, 0.0, 4.2647, 0.5, 0.0, 0.0, 1.0]], ["frame49_mirror.png", [0.9921277165412903, 0.10759938508272171, 0.06406941264867783, -0.15521868973762024, 0.10901474207639694, -0.9938583374023438, -0.019010666757822037, 0.043595251326201595, 0.061630383133888245, 0.025845520198345184, -0.9977643489837646, 2.6951821111787497, 0.0, 0.0, 0.0, 1.0, 4.2647, 0.0, 0.5, 0.0, 4.2647, 0.5, 0.0, 0.0, 1.0]], ["frame5.png", [0.9802210330963135, -0.13547897338867188, -0.14426425099372864, 0.3591792638704468, -0.14370936155319214, -0.9884454607963562, -0.04819880798459053, 0.11519270721587625, -0.13606742024421692, 0.06797760725021362, -0.9883646368980408, 2.6735221892869645, 0.0, 0.0, 0.0, 1.0, 4.2647, 0.0, 0.5, 0.0, 4.2647, 0.5, 0.0, 0.0, 1.0]], ["frame5_mirror.png", [0.9802210330963135, 0.13547897338867188, 0.14426425099372864, -0.3591792638704468, 0.14370936155319214, -0.9884454607963562, -0.04819880798459053, 0.11519270721587625, 0.13606742024421692, 0.06797760725021362, -0.9883646368980408, 2.6735221892869645, 0.0, 0.0, 0.0, 1.0, 4.2647, 0.0, 0.5, 0.0, 4.2647, 0.5, 0.0, 0.0, 1.0]], ["frame6.png", [0.9816930890083313, -0.1349298059940338, -0.13443408906459808, 0.3336601456325929, -0.14275632798671722, -0.9884766936302185, -0.05034390091896057, 0.1193160518843411, -0.1260920614004135, 0.06861358880996704, -0.989642858505249, 2.6766461452682107, 0.0, 0.0, 0.0, 1.0, 4.2647, 0.0, 0.5, 0.0, 4.2647, 0.5, 0.0, 0.0, 1.0]], ["frame6_mirror.png", [0.9816930890083313, 0.1349298059940338, 0.13443408906459808, -0.3336601456325929, 0.14275632798671722, -0.9884766936302185, -0.05034390091896057, 0.1193160518843411, 0.1260920614004135, 0.06861358880996704, -0.989642858505249, 2.6766461452682107, 0.0, 0.0, 0.0, 1.0, 4.2647, 0.0, 0.5, 0.0, 4.2647, 0.5, 0.0, 0.0, 1.0]], ["frame7.png", [0.9844323396682739, -0.1300199329853058, -0.11826972663402557, 0.29165715289778643, -0.13566632568836212, -0.9899066686630249, -0.0409802570939064, 0.09692972585415773, -0.11174773424863815, 0.056387510150671005, -0.9921354651451111, 2.6824505090326265, 0.0, 0.0, 0.0, 1.0, 4.2647, 0.0, 0.5, 0.0, 4.2647, 0.5, 0.0, 0.0, 1.0]], ["frame7_mirror.png", [0.9844323396682739, 0.1300199329853058, 0.11826972663402557, -0.29165715289778643, 0.13566632568836212, -0.9899066686630249, -0.0409802570939064, 0.09692972585415773, 0.11174773424863815, 0.056387510150671005, -0.9921354651451111, 2.6824505090326265, 0.0, 0.0, 0.0, 1.0, 4.2647, 0.0, 0.5, 0.0, 4.2647, 0.5, 0.0, 0.0, 1.0]], ["frame8.png", [0.9854868650436401, -0.13177809119224548, -0.10700593143701553, 0.26430863502458174, -0.13602477312088013, -0.9901430010795593, -0.033376339823007584, 0.07968908676363941, -0.10155291855335236, 0.04744739830493927, -0.993698000907898, 2.6858500693266967, 0.0, 0.0, 0.0, 1.0, 4.2647, 0.0, 0.5, 0.0, 4.2647, 0.5, 0.0, 0.0, 1.0]], ["frame8_mirror.png", [0.9854868650436401, 0.13177809119224548, 0.10700593143701553, -0.26430863502458174, 0.13602477312088013, -0.9901430010795593, -0.033376339823007584, 0.07968908676363941, 0.10155291855335236, 0.04744739830493927, -0.993698000907898, 2.6858500693266967, 0.0, 0.0, 0.0, 1.0, 4.2647, 0.0, 0.5, 0.0, 4.2647, 0.5, 0.0, 0.0, 1.0]], ["frame9.png", [0.9869408011436462, -0.1330910474061966, -0.09074465930461884, 0.2251399525804756, -0.1364225596189499, -0.9901489019393921, -0.03152843937277794, 0.07767171213836646, -0.08565457165241241, 0.043496325612068176, -0.9953749775886536, 2.6894756193142104, 0.0, 0.0, 0.0, 1.0, 4.2647, 0.0, 0.5, 0.0, 4.2647, 0.5, 0.0, 0.0, 1.0]], ["frame9_mirror.png", [0.9869408011436462, 0.1330910474061966, 0.09074465930461884, -0.2251399525804756, 0.1364225596189499, -0.9901489019393921, -0.03152843937277794, 0.07767171213836646, 0.08565457165241241, 0.043496325612068176, -0.9953749775886536, 2.6894756193142104, 0.0, 0.0, 0.0, 1.0, 4.2647, 0.0, 0.5, 0.0, 4.2647, 0.5, 0.0, 0.0, 1.0]]]}