{"labels": [["frame0.png", [0.9678274989128113, 0.003362021641805768, 0.2515921890735626, -0.635736308009952, -0.017649173736572266, -0.9965407252311707, 0.08120977878570557, -0.1953583257150211, 0.25099489092826843, -0.08303745090961456, -0.9644201993942261, 2.6168061585168476, 0.0, 0.0, 0.0, 1.0, 4.2647, 0.0, 0.5, 0.0, 4.2647, 0.5, 0.0, 0.0, 1.0]], ["frame0_mirror.png", [0.9678274989128113, -0.003362021641805768, -0.2515921890735626, 0.635736308009952, 0.017649173736572266, -0.9965407252311707, 0.08120977878570557, -0.1953583257150211, -0.25099489092826843, -0.08303745090961456, -0.9644201993942261, 2.6168061585168476, 0.0, 0.0, 0.0, 1.0, 4.2647, 0.0, 0.5, 0.0, 4.2647, 0.5, 0.0, 0.0, 1.0]], ["frame1.png", [0.9606025815010071, -0.009451783262193203, 0.2777649462223053, -0.7037393700167835, -0.03265209496021271, -0.9963383078575134, 0.07901830226182938, -0.1905326247118684, 0.2760009765625, -0.08497479557991028, -0.9573937058448792, 2.599701563258519, 0.0, 0.0, 0.0, 1.0, 4.2647, 0.0, 0.5, 0.0, 4.2647, 0.5, 0.0, 0.0, 1.0]], ["frame1_mirror.png", [0.9606025815010071, 0.009451783262193203, -0.2777649462223053, 0.7037393700167835, 0.03265209496021271, -0.9963383078575134, 0.07901830226182938, -0.1905326247118684, -0.2760009765625, -0.08497479557991028, -0.9573937058448792, 2.599701563258519, 0.0, 0.0, 0.0, 1.0, 4.2647, 0.0, 0.5, 0.0, 4.2647, 0.5, 0.0, 0.0, 1.0]], ["frame10.png", [0.89851975440979, -0.2486402690410614, 0.3617183566093445, -0.9174772816507752, -0.27879101037979126, -0.9597923159599304, 0.03277744725346565, -0.08465843694984695, 0.3390246629714966, -0.1302950084209442, -0.9317110180854797, 2.537926001030746, 0.0, 0.0, 0.0, 1.0, 4.2647, 0.0, 0.5, 0.0, 4.2647, 0.5, 0.0, 0.0, 1.0]], ["frame10_mirror.png", [0.89851975440979, 0.2486402690410614, -0.3617183566093445, 0.9174772816507752, 0.27879101037979126, -0.9597923159599304, 0.03277744725346565, -0.08465843694984695, -0.3390246629714966, -0.1302950084209442, -0.9317110180854797, 2.537926001030746, 0.0, 0.0, 0.0, 1.0, 4.2647, 0.0, 0.5, 0.0, 4.2647, 0.5, 0.0, 0.0, 1.0]], ["frame11.png", [0.9030776619911194, -0.24779407680034637, 0.3507830500602722, -0.8915892549866388, -0.27329933643341064, -0.961621880531311, 0.02430655062198639, -0.06272951155369533, 0.3312976658344269, -0.11781948804855347, -0.9361412525177002, 2.5477703210400673, 0.0, 0.0, 0.0, 1.0, 4.2647, 0.0, 0.5, 0.0, 4.2647, 0.5, 0.0, 0.0, 1.0]], ["frame11_mirror.png", [0.9030776619911194, 0.24779407680034637, -0.3507830500602722, 0.8915892549866388, 0.27329933643341064, -0.961621880531311, 0.02430655062198639, -0.06272951155369533, -0.3312976658344269, -0.11781948804855347, -0.9361412525177002, 2.5477703210400673, 0.0, 0.0, 0.0, 1.0, 4.2647, 0.0, 0.5, 0.0, 4.2647, 0.5, 0.0, 0.0, 1.0]], ["frame12.png", [0.9083237051963806, -0.24097847938537598, 0.3418733775615692, -0.8703708381066027, -0.26318520307540894, -0.9645508527755737, 0.01936783455312252, -0.04534504251568244, 0.3250870704650879, -0.10756827145814896, -0.9395464062690735, 2.5554644257537342, 0.0, 0.0, 0.0, 1.0, 4.2647, 0.0, 0.5, 0.0, 4.2647, 0.5, 0.0, 0.0, 1.0]], ["frame12_mirror.png", [0.9083237051963806, 0.24097847938537598, -0.3418733775615692, 0.8703708381066027, 0.26318520307540894, -0.9645508527755737, 0.01936783455312252, -0.04534504251568244, -0.3250870704650879, -0.10756827145814896, -0.9395464062690735, 2.5554644257537342, 0.0, 0.0, 0.0, 1.0, 4.2647, 0.0, 0.5, 0.0, 4.2647, 0.5, 0.0, 0.0, 1.0]], ["frame13.png", [0.9082461595535278, -0.24357978999614716, 0.3402319848537445, -0.865686516675504, -0.2678782641887665, -0.963113009929657, 0.025584174320101738, -0.058630264671291295, 0.3214500844478607, -0.11437748372554779, -0.9399934411048889, 2.556784962978077, 0.0, 0.0, 0.0, 1.0, 4.2647, 0.0, 0.5, 0.0, 4.2647, 0.5, 0.0, 0.0, 1.0]], ["frame13_mirror.png", [0.9082461595535278, 0.24357978999614716, -0.3402319848537445, 0.865686516675504, 0.2678782641887665, -0.963113009929657, 0.025584174320101738, -0.058630264671291295, -0.3214500844478607, -0.11437748372554779, -0.9399934411048889, 2.556784962978077, 0.0, 0.0, 0.0, 1.0, 4.2647, 0.0, 0.5, 0.0, 4.2647, 0.5, 0.0, 0.0, 1.0]], ["frame14.png", [0.9095568060874939, -0.24042806029319763, 0.3389700651168823, -0.8602716442458563, -0.26702308654785156, -0.9631119966506958, 0.03337619826197624, -0.07649426017269147, 0.31844156980514526, -0.12087038159370422, -0.940204918384552, 2.5581402084848994, 0.0, 0.0, 0.0, 1.0, 4.2647, 0.0, 0.5, 0.0, 4.2647, 0.5, 0.0, 0.0, 1.0]], ["frame14_mirror.png", [0.9095568060874939, 0.24042806029319763, -0.3389700651168823, 0.8602716442458563, 0.26702308654785156, -0.9631119966506958, 0.03337619826197624, -0.07649426017269147, -0.31844156980514526, -0.12087038159370422, -0.940204918384552, 2.5581402084848994, 0.0, 0.0, 0.0, 1.0, 4.2647, 0.0, 0.5, 0.0, 4.2647, 0.5, 0.0, 0.0, 1.0]], ["frame15.png", [0.9143294095993042, -0.23427341878414154, 0.3303297460079193, -0.8350904351692939, -0.26723188161849976, -0.9619165658950806, 0.05747738853096962, -0.13796784947481827, 0.3042842447757721, -0.14082790911197662, -0.9421139359474182, 2.563901097468476, 0.0, 0.0, 0.0, 1.0, 4.2647, 0.0, 0.5, 0.0, 4.2647, 0.5, 0.0, 0.0, 1.0]], ["frame15_mirror.png", [0.9143294095993042, 0.23427341878414154, -0.3303297460079193, 0.8350904351692939, 0.26723188161849976, -0.9619165658950806, 0.05747738853096962, -0.13796784947481827, -0.3042842447757721, -0.14082790911197662, -0.9421139359474182, 2.563901097468476, 0.0, 0.0, 0.0, 1.0, 4.2647, 0.0, 0.5, 0.0, 4.2647, 0.5, 0.0, 0.0, 1.0]], ["frame16.png", [0.931118905544281, -0.21359963715076447, 0.2956228256225586, -0.747101508039502, -0.24456661939620972, -0.9669836163520813, 0.07162245362997055, -0.1745266724935645, 0.27056393027305603, -0.13898849487304688, -0.9526160359382629, 2.588702334621234, 0.0, 0.0, 0.0, 1.0, 4.2647, 0.0, 0.5, 0.0, 4.2647, 0.5, 0.0, 0.0, 1.0]], ["frame16_mirror.png", [0.931118905544281, 0.21359963715076447, -0.2956228256225586, 0.747101508039502, 0.24456661939620972, -0.9669836163520813, 0.07162245362997055, -0.1745266724935645, -0.27056393027305603, -0.13898849487304688, -0.9526160359382629, 2.588702334621234, 0.0, 0.0, 0.0, 1.0, 4.2647, 0.0, 0.5, 0.0, 4.2647, 0.5, 0.0, 0.0, 1.0]], ["frame17.png", [0.9514111280441284, -0.16661040484905243, 0.2589551508426666, -0.6562954099134389, -0.19659999012947083, -0.9759278893470764, 0.09440889954566956, -0.23267956570074552, 0.23699204623699188, -0.14073225855827332, -0.9612643122673035, 2.6086656655523845, 0.0, 0.0, 0.0, 1.0, 4.2647, 0.0, 0.5, 0.0, 4.2647, 0.5, 0.0, 0.0, 1.0]], ["frame17_mirror.png", [0.9514111280441284, 0.16661040484905243, -0.2589551508426666, 0.6562954099134389, 0.19659999012947083, -0.9759278893470764, 0.09440889954566956, -0.23267956570074552, -0.23699204623699188, -0.14073225855827332, -0.9612643122673035, 2.6086656655523845, 0.0, 0.0, 0.0, 1.0, 4.2647, 0.0, 0.5, 0.0, 4.2647, 0.5, 0.0, 0.0, 1.0]], ["frame18.png", [0.9617989659309387, -0.1334419995546341, 0.23903127014636993, -0.607054527891137, -0.16296382248401642, -0.9806756377220154, 0.10824992507696152, -0.27006141277958073, 0.2199670523405075, -0.1430681198835373, -0.9649590849876404, 2.616973754834841, 0.0, 0.0, 0.0, 1.0, 4.2647, 0.0, 0.5, 0.0, 4.2647, 0.5, 0.0, 0.0, 1.0]], ["frame18_mirror.png", [0.9617989659309387, 0.1334419995546341, -0.23903127014636993, 0.607054527891137, 0.16296382248401642, -0.9806756377220154, 0.10824992507696152, -0.27006141277958073, -0.2199670523405075, -0.1430681198835373, -0.9649590849876404, 2.616973754834841, 0.0, 0.0, 0.0, 1.0, 4.2647, 0.0, 0.5, 0.0, 4.2647, 0.5, 0.0, 0.0, 1.0]], ["frame19.png", [0.9644515514373779, -0.1197497770190239, 0.23556995391845703, -0.5995882468343021, -0.15110351145267487, -0.9812270402908325, 0.11983830481767654, -0.29841264508117216, 0.21679699420928955, -0.1511736810207367, -0.9644405841827393, 2.6156153821832877, 0.0, 0.0, 0.0, 1.0, 4.2647, 0.0, 0.5, 0.0, 4.2647, 0.5, 0.0, 0.0, 1.0]], ["frame19_mirror.png", [0.9644515514373779, 0.1197497770190239, -0.23556995391845703, 0.5995882468343021, 0.15110351145267487, -0.9812270402908325, 0.11983830481767654, -0.29841264508117216, -0.21679699420928955, -0.1511736810207367, -0.9644405841827393, 2.6156153821832877, 0.0, 0.0, 0.0, 1.0, 4.2647, 0.0, 0.5, 0.0, 4.2647, 0.5, 0.0, 0.0, 1.0]], ["frame2.png", [0.9523105621337891, -0.02983888052403927, 0.30366796255111694, -0.766611827094585, -0.060169920325279236, -0.994029700756073, 0.09101953357458115, -0.22242102693141347, 0.2991390526294708, -0.10495053231716156, -0.9484203457832336, 2.5793090534748795, 0.0, 0.0, 0.0, 1.0, 4.2647, 0.0, 0.5, 0.0, 4.2647, 0.5, 0.0, 0.0, 1.0]], ["frame2_mirror.png", [0.9523105621337891, 0.02983888052403927, -0.30366796255111694, 0.766611827094585, 0.060169920325279236, -0.994029700756073, 0.09101953357458115, -0.22242102693141347, -0.2991390526294708, -0.10495053231716156, -0.9484203457832336, 2.5793090534748795, 0.0, 0.0, 0.0, 1.0, 4.2647, 0.0, 0.5, 0.0, 4.2647, 0.5, 0.0, 0.0, 1.0]], ["frame20.png", [0.9641187191009521, -0.12117910385131836, 0.23620057106018066, -0.6000430408830925, -0.1524246484041214, -0.981148898601532, 0.11880037933588028, -0.29702962494501617, 0.21735180914402008, -0.15054045617580414, -0.964414656162262, 2.6156685093858503, 0.0, 0.0, 0.0, 1.0, 4.2647, 0.0, 0.5, 0.0, 4.2647, 0.5, 0.0, 0.0, 1.0]], ["frame20_mirror.png", [0.9641187191009521, 0.12117910385131836, -0.23620057106018066, 0.6000430408830925, 0.1524246484041214, -0.981148898601532, 0.11880037933588028, -0.29702962494501617, -0.21735180914402008, -0.15054045617580414, -0.964414656162262, 2.6156685093858503, 0.0, 0.0, 0.0, 1.0, 4.2647, 0.0, 0.5, 0.0, 4.2647, 0.5, 0.0, 0.0, 1.0]], ["frame21.png", [0.9627496600151062, -0.12350247800350189, 0.24054180085659027, -0.6106830519328575, -0.1530798226594925, -0.9822542071342468, 0.10836668312549591, -0.27088602127767436, 0.22288963198661804, -0.14115208387374878, -0.9645705819129944, 2.61604414594982, 0.0, 0.0, 0.0, 1.0, 4.2647, 0.0, 0.5, 0.0, 4.2647, 0.5, 0.0, 0.0, 1.0]], ["frame21_mirror.png", [0.9627496600151062, 0.12350247800350189, -0.24054180085659027, 0.6106830519328575, 0.1530798226594925, -0.9822542071342468, 0.10836668312549591, -0.27088602127767436, -0.22288963198661804, -0.14115208387374878, -0.9645705819129944, 2.61604414594982, 0.0, 0.0, 0.0, 1.0, 4.2647, 0.0, 0.5, 0.0, 4.2647, 0.5, 0.0, 0.0, 1.0]], ["frame22.png", [0.9598863124847412, -0.13041384518146515, 0.24821458756923676, -0.6288489968537259, -0.1586879938840866, -0.9825072884559631, 0.09745551645755768, -0.2465968653993849, 0.23116308450698853, -0.13293489813804626, -0.9637904167175293, 2.6141421011741617, 0.0, 0.0, 0.0, 1.0, 4.2647, 0.0, 0.5, 0.0, 4.2647, 0.5, 0.0, 0.0, 1.0]], ["frame22_mirror.png", [0.9598863124847412, 0.13041384518146515, -0.24821458756923676, 0.6288489968537259, 0.1586879938840866, -0.9825072884559631, 0.09745551645755768, -0.2465968653993849, -0.23116308450698853, -0.13293489813804626, -0.9637904167175293, 2.6141421011741617, 0.0, 0.0, 0.0, 1.0, 4.2647, 0.0, 0.5, 0.0, 4.2647, 0.5, 0.0, 0.0, 1.0]], ["frame23.png", [0.9597030282020569, -0.12620694935321808, 0.2510814964771271, -0.6341625182716881, -0.15863662958145142, -0.9808093309402466, 0.11334608495235443, -0.28075209015840497, 0.23195800185203552, -0.14860931038856506, -0.9613067507743835, 2.609409159999826, 0.0, 0.0, 0.0, 1.0, 4.2647, 0.0, 0.5, 0.0, 4.2647, 0.5, 0.0, 0.0, 1.0]], ["frame23_mirror.png", [0.9597030282020569, 0.12620694935321808, -0.2510814964771271, 0.6341625182716881, 0.15863662958145142, -0.9808093309402466, 0.11334608495235443, -0.28075209015840497, -0.23195800185203552, -0.14860931038856506, -0.9613067507743835, 2.609409159999826, 0.0, 0.0, 0.0, 1.0, 4.2647, 0.0, 0.5, 0.0, 4.2647, 0.5, 0.0, 0.0, 1.0]], ["frame24.png", [0.9597126245498657, -0.12601451575756073, 0.2511414587497711, -0.6339149871450687, -0.15923498570919037, -0.9803305268287659, 0.11660339683294296, -0.2894354147813019, 0.23150791227817535, -0.15189625322818756, -0.9609014987945557, 2.608520448404276, 0.0, 0.0, 0.0, 1.0, 4.2647, 0.0, 0.5, 0.0, 4.2647, 0.5, 0.0, 0.0, 1.0]], ["frame24_mirror.png", [0.9597126245498657, 0.12601451575756073, -0.2511414587497711, 0.6339149871450687, 0.15923498570919037, -0.9803305268287659, 0.11660339683294296, -0.2894354147813019, -0.23150791227817535, -0.15189625322818756, -0.9609014987945557, 2.608520448404276, 0.0, 0.0, 0.0, 1.0, 4.2647, 0.0, 0.5, 0.0, 4.2647, 0.5, 0.0, 0.0, 1.0]], ["frame25.png", [0.9610092639923096, -0.1203472763299942, 0.24895323812961578, -0.6292521889292486, -0.1540156751871109, -0.980699360370636, 0.1204482689499855, -0.2956262695410129, 0.22965267300605774, -0.1540946066379547, -0.9609966278076172, 2.608955114885079, 0.0, 0.0, 0.0, 1.0, 4.2647, 0.0, 0.5, 0.0, 4.2647, 0.5, 0.0, 0.0, 1.0]], ["frame25_mirror.png", [0.9610092639923096, 0.1203472763299942, -0.24895323812961578, 0.6292521889292486, 0.1540156751871109, -0.980699360370636, 0.1204482689499855, -0.2956262695410129, -0.22965267300605774, -0.1540946066379547, -0.9609966278076172, 2.608955114885079, 0.0, 0.0, 0.0, 1.0, 4.2647, 0.0, 0.5, 0.0, 4.2647, 0.5, 0.0, 0.0, 1.0]], ["frame26.png", [0.9611789584159851, -0.12016484141349792, 0.248385488986969, -0.6313422960387769, -0.15191234648227692, -0.9819349050521851, 0.11281218379735947, -0.27729630916630327, 0.2303423136472702, -0.14616551995277405, -0.9620696902275085, 2.610462346435059, 0.0, 0.0, 0.0, 1.0, 4.2647, 0.0, 0.5, 0.0, 4.2647, 0.5, 0.0, 0.0, 1.0]], ["frame26_mirror.png", [0.9611789584159851, 0.12016484141349792, -0.248385488986969, 0.6313422960387769, 0.15191234648227692, -0.9819349050521851, 0.11281218379735947, -0.27729630916630327, -0.2303423136472702, -0.14616551995277405, -0.9620696902275085, 2.610462346435059, 0.0, 0.0, 0.0, 1.0, 4.2647, 0.0, 0.5, 0.0, 4.2647, 0.5, 0.0, 0.0, 1.0]], ["frame27.png", [0.9610074162483215, -0.12443023920059204, 0.24694499373435974, -0.6261954546327356, -0.15596936643123627, -0.9813351035118103, 0.11249452084302902, -0.2746800857241303, 0.2283380627632141, -0.14662392437458038, -0.9624775648117065, 2.6119781972872373, 0.0, 0.0, 0.0, 1.0, 4.2647, 0.0, 0.5, 0.0, 4.2647, 0.5, 0.0, 0.0, 1.0]], ["frame27_mirror.png", [0.9610074162483215, 0.12443023920059204, -0.24694499373435974, 0.6261954546327356, 0.15596936643123627, -0.9813351035118103, 0.11249452084302902, -0.2746800857241303, -0.2283380627632141, -0.14662392437458038, -0.9624775648117065, 2.6119781972872373, 0.0, 0.0, 0.0, 1.0, 4.2647, 0.0, 0.5, 0.0, 4.2647, 0.5, 0.0, 0.0, 1.0]], ["frame28.png", [0.9612098932266235, -0.13465940952301025, 0.2407124936580658, -0.6103644321106492, -0.1627623438835144, -0.9814954400062561, 0.10087218135595322, -0.24398283797244558, 0.22267481684684753, -0.13613826036453247, -0.9653404951095581, 2.618764524501804, 0.0, 0.0, 0.0, 1.0, 4.2647, 0.0, 0.5, 0.0, 4.2647, 0.5, 0.0, 0.0, 1.0]], ["frame28_mirror.png", [0.9612098932266235, 0.13465940952301025, -0.2407124936580658, 0.6103644321106492, 0.1627623438835144, -0.9814954400062561, 0.10087218135595322, -0.24398283797244558, -0.22267481684684753, -0.13613826036453247, -0.9653404951095581, 2.618764524501804, 0.0, 0.0, 0.0, 1.0, 4.2647, 0.0, 0.5, 0.0, 4.2647, 0.5, 0.0, 0.0, 1.0]], ["frame29.png", [0.96087646484375, -0.13466520607471466, 0.24203655123710632, -0.6168292018494811, -0.16092190146446228, -0.9826587438583374, 0.09211885929107666, -0.222257422115236, 0.22543412446975708, -0.12746381759643555, -0.9658842086791992, 2.6191837228534434, 0.0, 0.0, 0.0, 1.0, 4.2647, 0.0, 0.5, 0.0, 4.2647, 0.5, 0.0, 0.0, 1.0]], ["frame29_mirror.png", [0.96087646484375, 0.13466520607471466, -0.24203655123710632, 0.6168292018494811, 0.16092190146446228, -0.9826587438583374, 0.09211885929107666, -0.222257422115236, -0.22543412446975708, -0.12746381759643555, -0.9658842086791992, 2.6191837228534434, 0.0, 0.0, 0.0, 1.0, 4.2647, 0.0, 0.5, 0.0, 4.2647, 0.5, 0.0, 0.0, 1.0]], ["frame3.png", [0.9420660734176636, -0.06857554614543915, 0.32834258675575256, -0.8314831337821397, -0.10063145309686661, -0.9915689826011658, 0.08163454383611679, -0.19798955698150225, 0.31997621059417725, -0.10994673520326614, -0.9410243630409241, 2.5611395771339955, 0.0, 0.0, 0.0, 1.0, 4.2647, 0.0, 0.5, 0.0, 4.2647, 0.5, 0.0, 0.0, 1.0]], ["frame3_mirror.png", [0.9420660734176636, 0.06857554614543915, -0.32834258675575256, 0.8314831337821397, 0.10063145309686661, -0.9915689826011658, 0.08163454383611679, -0.19798955698150225, -0.31997621059417725, -0.10994673520326614, -0.9410243630409241, 2.5611395771339955, 0.0, 0.0, 0.0, 1.0, 4.2647, 0.0, 0.5, 0.0, 4.2647, 0.5, 0.0, 0.0, 1.0]], ["frame30.png", [0.9611620903015137, -0.13018952310085297, 0.2433476448059082, -0.6188327426199004, -0.15728318691253662, -0.9829384088516235, 0.09536296874284744, -0.22943079828816296, 0.2267804741859436, -0.12993377447128296, -0.9652397632598877, 2.6180923485351673, 0.0, 0.0, 0.0, 1.0, 4.2647, 0.0, 0.5, 0.0, 4.2647, 0.5, 0.0, 0.0, 1.0]], ["frame30_mirror.png", [0.9611620903015137, 0.13018952310085297, -0.2433476448059082, 0.6188327426199004, 0.15728318691253662, -0.9829384088516235, 0.09536296874284744, -0.22943079828816296, -0.2267804741859436, -0.12993377447128296, -0.9652397632598877, 2.6180923485351673, 0.0, 0.0, 0.0, 1.0, 4.2647, 0.0, 0.5, 0.0, 4.2647, 0.5, 0.0, 0.0, 1.0]], ["frame31.png", [0.9617984890937805, -0.12577001750469208, 0.24315756559371948, -0.6185477878403864, -0.1530866026878357, -0.9834556579589844, 0.09684762358665466, -0.2339140839669318, 0.2269541472196579, -0.1303720623254776, -0.9651398062705994, 2.617762944859537, 0.0, 0.0, 0.0, 1.0, 4.2647, 0.0, 0.5, 0.0, 4.2647, 0.5, 0.0, 0.0, 1.0]], ["frame31_mirror.png", [0.9617984890937805, 0.12577001750469208, -0.24315756559371948, 0.6185477878403864, 0.1530866026878357, -0.9834556579589844, 0.09684762358665466, -0.2339140839669318, -0.2269541472196579, -0.1303720623254776, -0.9651398062705994, 2.617762944859537, 0.0, 0.0, 0.0, 1.0, 4.2647, 0.0, 0.5, 0.0, 4.2647, 0.5, 0.0, 0.0, 1.0]], ["frame32.png", [0.9620346426963806, -0.12455685436725616, 0.24284766614437103, -0.616273965024745, -0.14865539968013763, -0.9853571653366089, 0.08350362628698349, -0.19801344981504684, 0.22889073193073273, -0.1164340004324913, -0.9664637446403503, 2.6212586811921144, 0.0, 0.0, 0.0, 1.0, 4.2647, 0.0, 0.5, 0.0, 4.2647, 0.5, 0.0, 0.0, 1.0]], ["frame32_mirror.png", [0.9620346426963806, 0.12455685436725616, -0.24284766614437103, 0.616273965024745, 0.14865539968013763, -0.9853571653366089, 0.08350362628698349, -0.19801344981504684, -0.22889073193073273, -0.1164340004324913, -0.9664637446403503, 2.6212586811921144, 0.0, 0.0, 0.0, 1.0, 4.2647, 0.0, 0.5, 0.0, 4.2647, 0.5, 0.0, 0.0, 1.0]], ["frame33.png", [0.9625285863876343, -0.12046819180250168, 0.24295273423194885, -0.6177319663309, -0.14269022643566132, -0.9868466854095459, 0.07598098367452621, -0.17644065454016672, 0.23060381412506104, -0.10780085623264313, -0.9670578241348267, 2.6224560841315148, 0.0, 0.0, 0.0, 1.0, 4.2647, 0.0, 0.5, 0.0, 4.2647, 0.5, 0.0, 0.0, 1.0]], ["frame33_mirror.png", [0.9625285863876343, 0.12046819180250168, -0.24295273423194885, 0.6177319663309, 0.14269022643566132, -0.9868466854095459, 0.07598098367452621, -0.17644065454016672, -0.23060381412506104, -0.10780085623264313, -0.9670578241348267, 2.6224560841315148, 0.0, 0.0, 0.0, 1.0, 4.2647, 0.0, 0.5, 0.0, 4.2647, 0.5, 0.0, 0.0, 1.0]], ["frame34.png", [0.9627817869186401, -0.1204669177532196, 0.2419482171535492, -0.6160062775718113, -0.14082537591457367, -0.9876528978347778, 0.06862873584032059, -0.15764612023158445, 0.23069337010383606, -0.10014694184064865, -0.9678590297698975, 2.624058682035913, 0.0, 0.0, 0.0, 1.0, 4.2647, 0.0, 0.5, 0.0, 4.2647, 0.5, 0.0, 0.0, 1.0]], ["frame34_mirror.png", [0.9627817869186401, 0.1204669177532196, -0.2419482171535492, 0.6160062775718113, 0.14082537591457367, -0.9876528978347778, 0.06862873584032059, -0.15764612023158445, -0.23069337010383606, -0.10014694184064865, -0.9678590297698975, 2.624058682035913, 0.0, 0.0, 0.0, 1.0, 4.2647, 0.0, 0.5, 0.0, 4.2647, 0.5, 0.0, 0.0, 1.0]], ["frame35.png", [0.9633538126945496, -0.11768388748168945, 0.24103915691375732, -0.6169461158853145, -0.1382453590631485, -0.9879077076911926, 0.07018932700157166, -0.16003946774126843, 0.22986426949501038, -0.10093970596790314, -0.9679738879203796, 2.623692981059163, 0.0, 0.0, 0.0, 1.0, 4.2647, 0.0, 0.5, 0.0, 4.2647, 0.5, 0.0, 0.0, 1.0]], ["frame35_mirror.png", [0.9633538126945496, 0.11768388748168945, -0.24103915691375732, 0.6169461158853145, 0.1382453590631485, -0.9879077076911926, 0.07018932700157166, -0.16003946774126843, -0.22986426949501038, -0.10093970596790314, -0.9679738879203796, 2.623692981059163, 0.0, 0.0, 0.0, 1.0, 4.2647, 0.0, 0.5, 0.0, 4.2647, 0.5, 0.0, 0.0, 1.0]], ["frame36.png", [0.9643183946609497, -0.11404765397310257, 0.23892083764076233, -0.6109719505985625, -0.13449926674365997, -0.9883618354797363, 0.07106858491897583, -0.16238459615583517, 0.22803504765033722, -0.10066741704940796, -0.9684348702430725, 2.6249465744112004, 0.0, 0.0, 0.0, 1.0, 4.2647, 0.0, 0.5, 0.0, 4.2647, 0.5, 0.0, 0.0, 1.0]], ["frame36_mirror.png", [0.9643183946609497, 0.11404765397310257, -0.23892083764076233, 0.6109719505985625, 0.13449926674365997, -0.9883618354797363, 0.07106858491897583, -0.16238459615583517, -0.22803504765033722, -0.10066741704940796, -0.9684348702430725, 2.6249465744112004, 0.0, 0.0, 0.0, 1.0, 4.2647, 0.0, 0.5, 0.0, 4.2647, 0.5, 0.0, 0.0, 1.0]], ["frame37.png", [0.9672217965126038, -0.10535469651222229, 0.2310463786125183, -0.5896039207542247, -0.12615488469600677, -0.9890066981315613, 0.07714144885540009, -0.17822998892090328, 0.22037918865680695, -0.10376051813364029, -0.9698798060417175, 2.6288022534379607, 0.0, 0.0, 0.0, 1.0, 4.2647, 0.0, 0.5, 0.0, 4.2647, 0.5, 0.0, 0.0, 1.0]], ["frame37_mirror.png", [0.9672217965126038, 0.10535469651222229, -0.2310463786125183, 0.5896039207542247, 0.12615488469600677, -0.9890066981315613, 0.07714144885540009, -0.17822998892090328, -0.22037918865680695, -0.10376051813364029, -0.9698798060417175, 2.6288022534379607, 0.0, 0.0, 0.0, 1.0, 4.2647, 0.0, 0.5, 0.0, 4.2647, 0.5, 0.0, 0.0, 1.0]], ["frame38.png", [0.9707558155059814, -0.08943044394254684, 0.22278977930545807, -0.5700977189824128, -0.11302417516708374, -0.9889936447143555, 0.0954834595322609, -0.22683924356323842, 0.2117985486984253, -0.11787175387144089, -0.9701791405677795, 2.629359722135925, 0.0, 0.0, 0.0, 1.0, 4.2647, 0.0, 0.5, 0.0, 4.2647, 0.5, 0.0, 0.0, 1.0]], ["frame38_mirror.png", [0.9707558155059814, 0.08943044394254684, -0.22278977930545807, 0.5700977189824128, 0.11302417516708374, -0.9889936447143555, 0.0954834595322609, -0.22683924356323842, -0.2117985486984253, -0.11787175387144089, -0.9701791405677795, 2.629359722135925, 0.0, 0.0, 0.0, 1.0, 4.2647, 0.0, 0.5, 0.0, 4.2647, 0.5, 0.0, 0.0, 1.0]], ["frame39.png", [0.9775235652923584, -0.0689360499382019, 0.19923712313175201, -0.5105604944593645, -0.091917984187603, -0.989838182926178, 0.10849617421627045, -0.2577642382427946, 0.18973320722579956, -0.12437104433774948, -0.9739266633987427, 2.6387280229270544, 0.0, 0.0, 0.0, 1.0, 4.2647, 0.0, 0.5, 0.0, 4.2647, 0.5, 0.0, 0.0, 1.0]], ["frame39_mirror.png", [0.9775235652923584, 0.0689360499382019, -0.19923712313175201, 0.5105604944593645, 0.091917984187603, -0.989838182926178, 0.10849617421627045, -0.2577642382427946, -0.18973320722579956, -0.12437104433774948, -0.9739266633987427, 2.6387280229270544, 0.0, 0.0, 0.0, 1.0, 4.2647, 0.0, 0.5, 0.0, 4.2647, 0.5, 0.0, 0.0, 1.0]], ["frame4.png", [0.9314682483673096, -0.11896184086799622, 0.3438240885734558, -0.8703825677148951, -0.14797669649124146, -0.9872102737426758, 0.05931884050369263, -0.13755837061578804, 0.33236998319625854, -0.10613156855106354, -0.9371586441993713, 2.55215827888702, 0.0, 0.0, 0.0, 1.0, 4.2647, 0.0, 0.5, 0.0, 4.2647, 0.5, 0.0, 0.0, 1.0]], ["frame4_mirror.png", [0.9314682483673096, 0.11896184086799622, -0.3438240885734558, 0.8703825677148951, 0.14797669649124146, -0.9872102737426758, 0.05931884050369263, -0.13755837061578804, -0.33236998319625854, -0.10613156855106354, -0.9371586441993713, 2.55215827888702, 0.0, 0.0, 0.0, 1.0, 4.2647, 0.0, 0.5, 0.0, 4.2647, 0.5, 0.0, 0.0, 1.0]], ["frame40.png", [0.9823746681213379, -0.046740736812353134, 0.1809842884540558, -0.46131620590625966, -0.06933741271495819, -0.9902750253677368, 0.12061342597007751, -0.29124476748269107, 0.1735866814851761, -0.13103654980659485, -0.976061999797821, 2.644307819370167, 0.0, 0.0, 0.0, 1.0, 4.2647, 0.0, 0.5, 0.0, 4.2647, 0.5, 0.0, 0.0, 1.0]], ["frame40_mirror.png", [0.9823746681213379, 0.046740736812353134, -0.1809842884540558, 0.46131620590625966, 0.06933741271495819, -0.9902750253677368, 0.12061342597007751, -0.29124476748269107, -0.1735866814851761, -0.13103654980659485, -0.976061999797821, 2.644307819370167, 0.0, 0.0, 0.0, 1.0, 4.2647, 0.0, 0.5, 0.0, 4.2647, 0.5, 0.0, 0.0, 1.0]], ["frame41.png", [0.9847047924995422, -0.03341517597436905, 0.17099672555923462, -0.43765656270522796, -0.054709650576114655, -0.991097629070282, 0.12137746810913086, -0.29503703338766674, 0.1654185950756073, -0.12887614965438843, -0.9777666330337524, 2.6479066981392774, 0.0, 0.0, 0.0, 1.0, 4.2647, 0.0, 0.5, 0.0, 4.2647, 0.5, 0.0, 0.0, 1.0]], ["frame41_mirror.png", [0.9847047924995422, 0.03341517597436905, -0.17099672555923462, 0.43765656270522796, 0.054709650576114655, -0.991097629070282, 0.12137746810913086, -0.29503703338766674, -0.1654185950756073, -0.12887614965438843, -0.9777666330337524, 2.6479066981392774, 0.0, 0.0, 0.0, 1.0, 4.2647, 0.0, 0.5, 0.0, 4.2647, 0.5, 0.0, 0.0, 1.0]], ["frame42.png", [0.9876177310943604, -0.019085977226495743, 0.15571419894695282, -0.3970474708293527, -0.03658711165189743, -0.9932231903076172, 0.11031395196914673, -0.2648191151645711, 0.1525534987449646, -0.11464515328407288, -0.981623113155365, 2.657484551629881, 0.0, 0.0, 0.0, 1.0, 4.2647, 0.0, 0.5, 0.0, 4.2647, 0.5, 0.0, 0.0, 1.0]], ["frame42_mirror.png", [0.9876177310943604, 0.019085977226495743, -0.15571419894695282, 0.3970474708293527, 0.03658711165189743, -0.9932231903076172, 0.11031395196914673, -0.2648191151645711, -0.1525534987449646, -0.11464515328407288, -0.981623113155365, 2.657484551629881, 0.0, 0.0, 0.0, 1.0, 4.2647, 0.0, 0.5, 0.0, 4.2647, 0.5, 0.0, 0.0, 1.0]], ["frame43.png", [0.989668071269989, -0.006957962643355131, 0.1432083696126938, -0.36395120495977773, -0.019784986972808838, -0.9958937764167786, 0.08834106475114822, -0.20577057274127827, 0.14200563728809357, -0.09026170521974564, -0.9857419729232788, 2.66743284672774, 0.0, 0.0, 0.0, 1.0, 4.2647, 0.0, 0.5, 0.0, 4.2647, 0.5, 0.0, 0.0, 1.0]], ["frame43_mirror.png", [0.989668071269989, 0.006957962643355131, -0.1432083696126938, 0.36395120495977773, 0.019784986972808838, -0.9958937764167786, 0.08834106475114822, -0.20577057274127827, -0.14200563728809357, -0.09026170521974564, -0.9857419729232788, 2.66743284672774, 0.0, 0.0, 0.0, 1.0, 4.2647, 0.0, 0.5, 0.0, 4.2647, 0.5, 0.0, 0.0, 1.0]], ["frame44.png", [0.9916571974754333, 0.001106133684515953, 0.12889833748340607, -0.3262570772031168, -0.009262287989258766, -0.9967669248580933, 0.07981151342391968, -0.18649900922354495, 0.12856988608837128, -0.08033955842256546, -0.9884408116340637, 2.673719214714499, 0.0, 0.0, 0.0, 1.0, 4.2647, 0.0, 0.5, 0.0, 4.2647, 0.5, 0.0, 0.0, 1.0]], ["frame44_mirror.png", [0.9916571974754333, -0.001106133684515953, -0.12889833748340607, 0.3262570772031168, 0.009262287989258766, -0.9967669248580933, 0.07981151342391968, -0.18649900922354495, -0.12856988608837128, -0.08033955842256546, -0.9884408116340637, 2.673719214714499, 0.0, 0.0, 0.0, 1.0, 4.2647, 0.0, 0.5, 0.0, 4.2647, 0.5, 0.0, 0.0, 1.0]], ["frame45.png", [0.9923222064971924, 0.003225147258490324, 0.12363738566637039, -0.3129538460228976, -0.007648909464478493, -0.996146023273468, 0.08737567812204361, -0.20256238353263029, 0.12344269454479218, -0.08765051513910294, -0.9884731769561768, 2.6741406789914883, 0.0, 0.0, 0.0, 1.0, 4.2647, 0.0, 0.5, 0.0, 4.2647, 0.5, 0.0, 0.0, 1.0]], ["frame45_mirror.png", [0.9923222064971924, -0.003225147258490324, -0.12363738566637039, 0.3129538460228976, 0.007648909464478493, -0.996146023273468, 0.08737567812204361, -0.20256238353263029, -0.12344269454479218, -0.08765051513910294, -0.9884731769561768, 2.6741406789914883, 0.0, 0.0, 0.0, 1.0, 4.2647, 0.0, 0.5, 0.0, 4.2647, 0.5, 0.0, 0.0, 1.0]], ["frame46.png", [0.9904656410217285, 0.0008519195253029466, 0.1377572864294052, -0.3491691371353798, -0.013175027444958687, -0.9948113560676575, 0.10087967664003372, -0.23668570998074961, 0.13712845742702484, -0.10173281282186508, -0.9853152632713318, 2.666844725206746, 0.0, 0.0, 0.0, 1.0, 4.2647, 0.0, 0.5, 0.0, 4.2647, 0.5, 0.0, 0.0, 1.0]], ["frame46_mirror.png", [0.9904656410217285, -0.0008519195253029466, -0.1377572864294052, 0.3491691371353798, 0.013175027444958687, -0.9948113560676575, 0.10087967664003372, -0.23668570998074961, -0.13712845742702484, -0.10173281282186508, -0.9853152632713318, 2.666844725206746, 0.0, 0.0, 0.0, 1.0, 4.2647, 0.0, 0.5, 0.0, 4.2647, 0.5, 0.0, 0.0, 1.0]], ["frame47.png", [0.9888409376144409, -0.005633032880723476, 0.1488686203956604, -0.37823072356022636, -0.020741667598485947, -0.9947577714920044, 0.10013329982757568, -0.235897570028991, 0.1475241631269455, -0.10210369527339935, -0.9837740659713745, 2.662948339005007, 0.0, 0.0, 0.0, 1.0, 4.2647, 0.0, 0.5, 0.0, 4.2647, 0.5, 0.0, 0.0, 1.0]], ["frame47_mirror.png", [0.9888409376144409, 0.005633032880723476, -0.1488686203956604, 0.37823072356022636, 0.020741667598485947, -0.9947577714920044, 0.10013329982757568, -0.235897570028991, -0.1475241631269455, -0.10210369527339935, -0.9837740659713745, 2.662948339005007, 0.0, 0.0, 0.0, 1.0, 4.2647, 0.0, 0.5, 0.0, 4.2647, 0.5, 0.0, 0.0, 1.0]], ["frame48.png", [0.9878731369972229, -0.008938347920775414, 0.15500545501708984, -0.39449273383269556, -0.024029649794101715, -0.9951141476631165, 0.09576158970594406, -0.22471722449524897, 0.15339218080043793, -0.09832502901554108, -0.9832614064216614, 2.6615554948128284, 0.0, 0.0, 0.0, 1.0, 4.2647, 0.0, 0.5, 0.0, 4.2647, 0.5, 0.0, 0.0, 1.0]], ["frame48_mirror.png", [0.9878731369972229, 0.008938347920775414, -0.15500545501708984, 0.39449273383269556, 0.024029649794101715, -0.9951141476631165, 0.09576158970594406, -0.22471722449524897, -0.15339218080043793, -0.09832502901554108, -0.9832614064216614, 2.6615554948128284, 0.0, 0.0, 0.0, 1.0, 4.2647, 0.0, 0.5, 0.0, 4.2647, 0.5, 0.0, 0.0, 1.0]], ["frame49.png", [0.985969066619873, -0.02210148237645626, 0.16545848548412323, -0.4177558213270639, -0.041078824549913406, -0.9928396940231323, 0.11216846108436584, -0.2720180252548917, 0.16179466247558594, -0.11739146709442139, -0.9798172116279602, 2.653579896608312, 0.0, 0.0, 0.0, 1.0, 4.2647, 0.0, 0.5, 0.0, 4.2647, 0.5, 0.0, 0.0, 1.0]], ["frame49_mirror.png", [0.985969066619873, 0.02210148237645626, -0.16545848548412323, 0.4177558213270639, 0.041078824549913406, -0.9928396940231323, 0.11216846108436584, -0.2720180252548917, -0.16179466247558594, -0.11739146709442139, -0.9798172116279602, 2.653579896608312, 0.0, 0.0, 0.0, 1.0, 4.2647, 0.0, 0.5, 0.0, 4.2647, 0.5, 0.0, 0.0, 1.0]], ["frame5.png", [0.919558584690094, -0.1743028610944748, 0.35217973589897156, -0.8930416511698732, -0.19754378497600555, -0.9798080921173096, 0.030864175409078598, -0.06392591129702488, 0.33968880772590637, -0.09795233607292175, -0.9354233741760254, 2.5472318479362324, 0.0, 0.0, 0.0, 1.0, 4.2647, 0.0, 0.5, 0.0, 4.2647, 0.5, 0.0, 0.0, 1.0]], ["frame5_mirror.png", [0.919558584690094, 0.1743028610944748, -0.35217973589897156, 0.8930416511698732, 0.19754378497600555, -0.9798080921173096, 0.030864175409078598, -0.06392591129702488, -0.33968880772590637, -0.09795233607292175, -0.9354233741760254, 2.5472318479362324, 0.0, 0.0, 0.0, 1.0, 4.2647, 0.0, 0.5, 0.0, 4.2647, 0.5, 0.0, 0.0, 1.0]], ["frame6.png", [0.9057037234306335, -0.21144351363182068, 0.36741316318511963, -0.9335581137721978, -0.23264585435390472, -0.9724630117416382, 0.01384607795625925, -0.024153821785063135, 0.35436803102493286, -0.09801759570837021, -0.9299547672271729, 2.5333546615314786, 0.0, 0.0, 0.0, 1.0, 4.2647, 0.0, 0.5, 0.0, 4.2647, 0.5, 0.0, 0.0, 1.0]], ["frame6_mirror.png", [0.9057037234306335, 0.21144351363182068, -0.36741316318511963, 0.9335581137721978, 0.23264585435390472, -0.9724630117416382, 0.01384607795625925, -0.024153821785063135, -0.35436803102493286, -0.09801759570837021, -0.9299547672271729, 2.5333546615314786, 0.0, 0.0, 0.0, 1.0, 4.2647, 0.0, 0.5, 0.0, 4.2647, 0.5, 0.0, 0.0, 1.0]], ["frame7.png", [0.8964415788650513, -0.23443461954593658, 0.3760756552219391, -0.9557883453061095, -0.2551221549510956, -0.9668937921524048, 0.005394503008574247, -0.004026457676643378, 0.36236056685447693, -0.10078109800815582, -0.9265732765197754, 2.5251638415389186, 0.0, 0.0, 0.0, 1.0, 4.2647, 0.0, 0.5, 0.0, 4.2647, 0.5, 0.0, 0.0, 1.0]], ["frame7_mirror.png", [0.8964415788650513, 0.23443461954593658, -0.3760756552219391, 0.9557883453061095, 0.2551221549510956, -0.9668937921524048, 0.005394503008574247, -0.004026457676643378, -0.36236056685447693, -0.10078109800815582, -0.9265732765197754, 2.5251638415389186, 0.0, 0.0, 0.0, 1.0, 4.2647, 0.0, 0.5, 0.0, 4.2647, 0.5, 0.0, 0.0, 1.0]], ["frame8.png", [0.8950684666633606, -0.2381412386894226, 0.37701618671417236, -0.9561564336526851, -0.2630540430545807, -0.9646616578102112, 0.015186826698482037, -0.03219148488893281, 0.3600764274597168, -0.11276888847351074, -0.9260821342468262, 2.524822485380948, 0.0, 0.0, 0.0, 1.0, 4.2647, 0.0, 0.5, 0.0, 4.2647, 0.5, 0.0, 0.0, 1.0]], ["frame8_mirror.png", [0.8950684666633606, 0.2381412386894226, -0.37701618671417236, 0.9561564336526851, 0.2630540430545807, -0.9646616578102112, 0.015186826698482037, -0.03219148488893281, -0.3600764274597168, -0.11276888847351074, -0.9260821342468262, 2.524822485380948, 0.0, 0.0, 0.0, 1.0, 4.2647, 0.0, 0.5, 0.0, 4.2647, 0.5, 0.0, 0.0, 1.0]], ["frame9.png", [0.8905705809593201, -0.24708513915538788, 0.38188087940216064, -0.9696799140179768, -0.2700331509113312, -0.9628272652626038, 0.006764582823961973, -0.009977665844160485, 0.36601391434669495, -0.10914483666419983, -0.9241868257522583, 2.519845493385337, 0.0, 0.0, 0.0, 1.0, 4.2647, 0.0, 0.5, 0.0, 4.2647, 0.5, 0.0, 0.0, 1.0]], ["frame9_mirror.png", [0.8905705809593201, 0.24708513915538788, -0.38188087940216064, 0.9696799140179768, 0.2700331509113312, -0.9628272652626038, 0.006764582823961973, -0.009977665844160485, -0.36601391434669495, -0.10914483666419983, -0.9241868257522583, 2.519845493385337, 0.0, 0.0, 0.0, 1.0, 4.2647, 0.0, 0.5, 0.0, 4.2647, 0.5, 0.0, 0.0, 1.0]]]}