{"labels": [["frame0.png", [0.9031518697738647, 0.19469860196113586, -0.38263455033302307, 0.9656269246073754, 0.1863185316324234, -0.9807018041610718, -0.05924017354846001, 0.15501165641117176, -0.3867843747138977, -0.01778903603553772, -0.9219985604286194, 2.5166517496169325, 0.0, 0.0, 0.0, 1.0, 4.2647, 0.0, 0.5, 0.0, 4.2647, 0.5, 0.0, 0.0, 1.0]], ["frame0_mirror.png", [0.9031518697738647, -0.19469860196113586, 0.38263455033302307, -0.9656269246073754, -0.1863185316324234, -0.9807018041610718, -0.05924017354846001, 0.15501165641117176, 0.3867843747138977, -0.01778903603553772, -0.9219985604286194, 2.5166517496169325, 0.0, 0.0, 0.0, 1.0, 4.2647, 0.0, 0.5, 0.0, 4.2647, 0.5, 0.0, 0.0, 1.0]], ["frame1.png", [0.9414533376693726, 0.21227769553661346, -0.26192325353622437, 0.6565604620034226, 0.17745175957679749, -0.9725697040557861, -0.15039637684822083, 0.3852338583822796, -0.2866644263267517, 0.09511242061853409, -0.9532980918884277, 2.590467763568919, 0.0, 0.0, 0.0, 1.0, 4.2647, 0.0, 0.5, 0.0, 4.2647, 0.5, 0.0, 0.0, 1.0]], ["frame1_mirror.png", [0.9414533376693726, -0.21227769553661346, 0.26192325353622437, -0.6565604620034226, -0.17745175957679749, -0.9725697040557861, -0.15039637684822083, 0.3852338583822796, 0.2866644263267517, 0.09511242061853409, -0.9532980918884277, 2.590467763568919, 0.0, 0.0, 0.0, 1.0, 4.2647, 0.0, 0.5, 0.0, 4.2647, 0.5, 0.0, 0.0, 1.0]], ["frame2.png", [0.9073136448860168, 0.30387386679649353, -0.2905902862548828, 0.7329966315450913, 0.2564341425895691, -0.9476439952850342, -0.19029557704925537, 0.49061271380325566, -0.33320197463035583, 0.09814048558473587, -0.9377339482307434, 2.551865024486631, 0.0, 0.0, 0.0, 1.0, 4.2647, 0.0, 0.5, 0.0, 4.2647, 0.5, 0.0, 0.0, 1.0]], ["frame2_mirror.png", [0.9073136448860168, -0.30387386679649353, 0.2905902862548828, -0.7329966315450913, -0.2564341425895691, -0.9476439952850342, -0.19029557704925537, 0.49061271380325566, 0.33320197463035583, 0.09814048558473587, -0.9377339482307434, 2.551865024486631, 0.0, 0.0, 0.0, 1.0, 4.2647, 0.0, 0.5, 0.0, 4.2647, 0.5, 0.0, 0.0, 1.0]], ["frame3.png", [0.9743964076042175, 0.12227294594049454, -0.1886821836233139, 0.469965888494658, 0.11126318573951721, -0.9914673566818237, -0.06791942566633224, 0.17870439229125606, -0.195376917719841, 0.04518706351518631, -0.9796866774559021, 2.6527715325348393, 0.0, 0.0, 0.0, 1.0, 4.2647, 0.0, 0.5, 0.0, 4.2647, 0.5, 0.0, 0.0, 1.0]], ["frame3_mirror.png", [0.9743964076042175, -0.12227294594049454, 0.1886821836233139, -0.469965888494658, -0.11126318573951721, -0.9914673566818237, -0.06791942566633224, 0.17870439229125606, 0.195376917719841, 0.04518706351518631, -0.9796866774559021, 2.6527715325348393, 0.0, 0.0, 0.0, 1.0, 4.2647, 0.0, 0.5, 0.0, 4.2647, 0.5, 0.0, 0.0, 1.0]], ["frame4.png", [0.9825664162635803, 0.11152195930480957, -0.14874866604804993, 0.3706391611601721, 0.10981990396976471, -0.9937576055526733, -0.01963338442146778, 0.05613903405506822, -0.15000967681407928, 0.0029555391520261765, -0.9886801242828369, 2.673850224128092, 0.0, 0.0, 0.0, 1.0, 4.2647, 0.0, 0.5, 0.0, 4.2647, 0.5, 0.0, 0.0, 1.0]], ["frame4_mirror.png", [0.9825664162635803, -0.11152195930480957, 0.14874866604804993, -0.3706391611601721, -0.10981990396976471, -0.9937576055526733, -0.01963338442146778, 0.05613903405506822, 0.15000967681407928, 0.0029555391520261765, -0.9886801242828369, 2.673850224128092, 0.0, 0.0, 0.0, 1.0, 4.2647, 0.0, 0.5, 0.0, 4.2647, 0.5, 0.0, 0.0, 1.0]]]}