{"labels": [["frame0.png", [0.7814043164253235, -0.02764359675347805, 0.6234124898910522, -1.603512900062628, 0.08943258225917816, -0.9837445616722107, -0.15571913123130798, 0.39822698920901006, 0.6175832748413086, 0.17743298411369324, -0.766230046749115, 2.135453498533337, 0.0, 0.0, 0.0, 1.0, 4.2647, 0.0, 0.5, 0.0, 4.2647, 0.5, 0.0, 0.0, 1.0]], ["frame0_mirror.png", [0.7814043164253235, 0.02764359675347805, -0.6234124898910522, 1.603512900062628, -0.08943258225917816, -0.9837445616722107, -0.15571913123130798, 0.39822698920901006, -0.6175832748413086, 0.17743298411369324, -0.766230046749115, 2.135453498533337, 0.0, 0.0, 0.0, 1.0, 4.2647, 0.0, 0.5, 0.0, 4.2647, 0.5, 0.0, 0.0, 1.0]], ["frame1.png", [0.7885388731956482, -0.0012490848312154412, 0.6149835586547852, -1.574193164143629, 0.10822810232639313, -0.9841089844703674, -0.1407701075077057, 0.36212900665258346, 0.6053866744041443, 0.1775612235069275, -0.7758730053901672, 2.163510680469196, 0.0, 0.0, 0.0, 1.0, 4.2647, 0.0, 0.5, 0.0, 4.2647, 0.5, 0.0, 0.0, 1.0]], ["frame1_mirror.png", [0.7885388731956482, 0.0012490848312154412, -0.6149835586547852, 1.574193164143629, -0.10822810232639313, -0.9841089844703674, -0.1407701075077057, 0.36212900665258346, -0.6053866744041443, 0.1775612235069275, -0.7758730053901672, 2.163510680469196, 0.0, 0.0, 0.0, 1.0, 4.2647, 0.0, 0.5, 0.0, 4.2647, 0.5, 0.0, 0.0, 1.0]], ["frame10.png", [0.934634268283844, 0.09991959482431412, 0.3412840962409973, -0.8715255120745979, 0.10775461792945862, -0.9941693544387817, -0.0040264553390443325, 0.02314198407171491, 0.338891863822937, 0.040538202971220016, -0.9399515390396118, 2.55536841382536, 0.0, 0.0, 0.0, 1.0, 4.2647, 0.0, 0.5, 0.0, 4.2647, 0.5, 0.0, 0.0, 1.0]], ["frame10_mirror.png", [0.934634268283844, -0.09991959482431412, -0.3412840962409973, 0.8715255120745979, -0.10775461792945862, -0.9941693544387817, -0.0040264553390443325, 0.02314198407171491, -0.338891863822937, 0.040538202971220016, -0.9399515390396118, 2.55536841382536, 0.0, 0.0, 0.0, 1.0, 4.2647, 0.0, 0.5, 0.0, 4.2647, 0.5, 0.0, 0.0, 1.0]], ["frame11.png", [0.9368171095848083, 0.09594830125570297, 0.33640405535697937, -0.8585091364058844, 0.1023075059056282, -0.9947521090507507, -0.001185029512271285, 0.01398116629550865, 0.334524929523468, 0.0355268158018589, -0.9417170286178589, 2.5598372193748262, 0.0, 0.0, 0.0, 1.0, 4.2647, 0.0, 0.5, 0.0, 4.2647, 0.5, 0.0, 0.0, 1.0]], ["frame11_mirror.png", [0.9368171095848083, -0.09594830125570297, -0.33640405535697937, 0.8585091364058844, -0.1023075059056282, -0.9947521090507507, -0.001185029512271285, 0.01398116629550865, -0.334524929523468, 0.0355268158018589, -0.9417170286178589, 2.5598372193748262, 0.0, 0.0, 0.0, 1.0, 4.2647, 0.0, 0.5, 0.0, 4.2647, 0.5, 0.0, 0.0, 1.0]], ["frame12.png", [0.9417296051979065, 0.09144019335508347, 0.3237035572528839, -0.8285797282269446, 0.10241071879863739, -0.994597315788269, -0.016981706023216248, 0.053746974636718486, 0.3204018771648407, 0.04914288967847824, -0.9460061192512512, 2.5691568454823392, 0.0, 0.0, 0.0, 1.0, 4.2647, 0.0, 0.5, 0.0, 4.2647, 0.5, 0.0, 0.0, 1.0]], ["frame12_mirror.png", [0.9417296051979065, -0.09144019335508347, -0.3237035572528839, 0.8285797282269446, -0.10241071879863739, -0.994597315788269, -0.016981706023216248, 0.053746974636718486, -0.3204018771648407, 0.04914288967847824, -0.9460061192512512, 2.5691568454823392, 0.0, 0.0, 0.0, 1.0, 4.2647, 0.0, 0.5, 0.0, 4.2647, 0.5, 0.0, 0.0, 1.0]], ["frame13.png", [0.9413368105888367, 0.10457293689250946, 0.32085737586021423, -0.8165945370411862, 0.11589480191469193, -0.9931271076202393, -0.01633693464100361, 0.0474842696133781, 0.3169437646865845, 0.05256425961852074, -0.9469866156578064, 2.573114573083324, 0.0, 0.0, 0.0, 1.0, 4.2647, 0.0, 0.5, 0.0, 4.2647, 0.5, 0.0, 0.0, 1.0]], ["frame13_mirror.png", [0.9413368105888367, -0.10457293689250946, -0.32085737586021423, 0.8165945370411862, -0.11589480191469193, -0.9931271076202393, -0.01633693464100361, 0.0474842696133781, -0.3169437646865845, 0.05256425961852074, -0.9469866156578064, 2.573114573083324, 0.0, 0.0, 0.0, 1.0, 4.2647, 0.0, 0.5, 0.0, 4.2647, 0.5, 0.0, 0.0, 1.0]], ["frame14.png", [0.9414650797843933, 0.11823185533285141, 0.31569719314575195, -0.800223341346779, 0.1219935268163681, -0.9924994707107544, 0.007894945330917835, -0.016129262977506477, 0.314262717962265, 0.031080197542905807, -0.9488271474838257, 2.578639651219146, 0.0, 0.0, 0.0, 1.0, 4.2647, 0.0, 0.5, 0.0, 4.2647, 0.5, 0.0, 0.0, 1.0]], ["frame14_mirror.png", [0.9414650797843933, -0.11823185533285141, -0.31569719314575195, 0.800223341346779, -0.1219935268163681, -0.9924994707107544, 0.007894945330917835, -0.016129262977506477, -0.314262717962265, 0.031080197542905807, -0.9488271474838257, 2.578639651219146, 0.0, 0.0, 0.0, 1.0, 4.2647, 0.0, 0.5, 0.0, 4.2647, 0.5, 0.0, 0.0, 1.0]], ["frame15.png", [0.9507832527160645, 0.14370067417621613, 0.2745201885700226, -0.6995618007602182, 0.15630687773227692, -0.9874048829078674, -0.02449079230427742, 0.07750768449714439, 0.2675432562828064, 0.06619483232498169, -0.9612694382667542, 2.6066464750251446, 0.0, 0.0, 0.0, 1.0, 4.2647, 0.0, 0.5, 0.0, 4.2647, 0.5, 0.0, 0.0, 1.0]], ["frame15_mirror.png", [0.9507832527160645, -0.14370067417621613, -0.2745201885700226, 0.6995618007602182, -0.15630687773227692, -0.9874048829078674, -0.02449079230427742, 0.07750768449714439, -0.2675432562828064, 0.06619483232498169, -0.9612694382667542, 2.6066464750251446, 0.0, 0.0, 0.0, 1.0, 4.2647, 0.0, 0.5, 0.0, 4.2647, 0.5, 0.0, 0.0, 1.0]], ["frame16.png", [0.9640920758247375, 0.16144980490207672, 0.21085642278194427, -0.5369588302497137, 0.17402708530426025, -0.9838278889656067, -0.04239526391029358, 0.11620912861746945, 0.200601726770401, 0.07756766676902771, -0.9765973091125488, 2.643514829359357, 0.0, 0.0, 0.0, 1.0, 4.2647, 0.0, 0.5, 0.0, 4.2647, 0.5, 0.0, 0.0, 1.0]], ["frame16_mirror.png", [0.9640920758247375, -0.16144980490207672, -0.21085642278194427, 0.5369588302497137, -0.17402708530426025, -0.9838278889656067, -0.04239526391029358, 0.11620912861746945, -0.200601726770401, 0.07756766676902771, -0.9765973091125488, 2.643514829359357, 0.0, 0.0, 0.0, 1.0, 4.2647, 0.0, 0.5, 0.0, 4.2647, 0.5, 0.0, 0.0, 1.0]], ["frame17.png", [0.9758734703063965, 0.20198285579681396, 0.08290921896696091, -0.21102765809365207, 0.20853912830352783, -0.9747427701950073, -0.07992447912693024, 0.20976147899317096, 0.06467178463935852, 0.09528598934412003, -0.9933469295501709, 2.6835550021287258, 0.0, 0.0, 0.0, 1.0, 4.2647, 0.0, 0.5, 0.0, 4.2647, 0.5, 0.0, 0.0, 1.0]], ["frame17_mirror.png", [0.9758734703063965, -0.20198285579681396, -0.08290921896696091, 0.21102765809365207, -0.20853912830352783, -0.9747427701950073, -0.07992447912693024, 0.20976147899317096, -0.06467178463935852, 0.09528598934412003, -0.9933469295501709, 2.6835550021287258, 0.0, 0.0, 0.0, 1.0, 4.2647, 0.0, 0.5, 0.0, 4.2647, 0.5, 0.0, 0.0, 1.0]], ["frame18.png", [0.9743778109550476, 0.22107133269309998, 0.0414179190993309, -0.11022490396366368, 0.223984494805336, -0.970498263835907, -0.0892411321401596, 0.2358190402648196, 0.0204673632979393, 0.09623154997825623, -0.9951485395431519, 2.6874225292638263, 0.0, 0.0, 0.0, 1.0, 4.2647, 0.0, 0.5, 0.0, 4.2647, 0.5, 0.0, 0.0, 1.0]], ["frame18_mirror.png", [0.9743778109550476, -0.22107133269309998, -0.0414179190993309, 0.11022490396366368, -0.223984494805336, -0.970498263835907, -0.0892411321401596, 0.2358190402648196, -0.0204673632979393, 0.09623154997825623, -0.9951485395431519, 2.6874225292638263, 0.0, 0.0, 0.0, 1.0, 4.2647, 0.0, 0.5, 0.0, 4.2647, 0.5, 0.0, 0.0, 1.0]], ["frame19.png", [0.9749151468276978, 0.22138315439224243, 0.023020334541797638, -0.06263633492138111, 0.22251863777637482, -0.9717979431152344, -0.07806584984064102, 0.20202128663808294, 0.005088651552796364, 0.081230029463768, -0.9966824054718018, 2.691702823361582, 0.0, 0.0, 0.0, 1.0, 4.2647, 0.0, 0.5, 0.0, 4.2647, 0.5, 0.0, 0.0, 1.0]], ["frame19_mirror.png", [0.9749151468276978, -0.22138315439224243, -0.023020334541797638, 0.06263633492138111, -0.22251863777637482, -0.9717979431152344, -0.07806584984064102, 0.20202128663808294, -0.005088651552796364, 0.081230029463768, -0.9966824054718018, 2.691702823361582, 0.0, 0.0, 0.0, 1.0, 4.2647, 0.0, 0.5, 0.0, 4.2647, 0.5, 0.0, 0.0, 1.0]], ["frame2.png", [0.779425859451294, -0.00010168581502512097, 0.6264944672584534, -1.603043987687213, 0.12141677737236023, -0.9810158610343933, -0.15121464431285858, 0.3926023003998247, 0.6146163940429688, 0.19392754137516022, -0.7646167874336243, 2.1368466035868474, 0.0, 0.0, 0.0, 1.0, 4.2647, 0.0, 0.5, 0.0, 4.2647, 0.5, 0.0, 0.0, 1.0]], ["frame2_mirror.png", [0.779425859451294, 0.00010168581502512097, -0.6264944672584534, 1.603043987687213, -0.12141677737236023, -0.9810158610343933, -0.15121464431285858, 0.3926023003998247, -0.6146163940429688, 0.19392754137516022, -0.7646167874336243, 2.1368466035868474, 0.0, 0.0, 0.0, 1.0, 4.2647, 0.0, 0.5, 0.0, 4.2647, 0.5, 0.0, 0.0, 1.0]], ["frame20.png", [0.9764014482498169, 0.21588243544101715, 0.005921387113630772, -0.02069107057309177, 0.21561118960380554, -0.9728757739067078, -0.08381234854459763, 0.21922874959611188, -0.012332838028669357, 0.08311121165752411, -0.9964639544487, 2.6910055063022567, 0.0, 0.0, 0.0, 1.0, 4.2647, 0.0, 0.5, 0.0, 4.2647, 0.5, 0.0, 0.0, 1.0]], ["frame20_mirror.png", [0.9764014482498169, -0.21588243544101715, -0.005921387113630772, 0.02069107057309177, -0.21561118960380554, -0.9728757739067078, -0.08381234854459763, 0.21922874959611188, 0.012332838028669357, 0.08311121165752411, -0.9964639544487, 2.6910055063022567, 0.0, 0.0, 0.0, 1.0, 4.2647, 0.0, 0.5, 0.0, 4.2647, 0.5, 0.0, 0.0, 1.0]], ["frame21.png", [0.9745268821716309, 0.22414177656173706, 0.007604034151881933, -0.02673159006833917, 0.22385141253471375, -0.9700732231140137, -0.09406634420156479, 0.24779293083653847, -0.013707727193832397, 0.09337235242128372, -0.9955368638038635, 2.6884724446272195, 0.0, 0.0, 0.0, 1.0, 4.2647, 0.0, 0.5, 0.0, 4.2647, 0.5, 0.0, 0.0, 1.0]], ["frame21_mirror.png", [0.9745268821716309, -0.22414177656173706, -0.007604034151881933, 0.02673159006833917, -0.22385141253471375, -0.9700732231140137, -0.09406634420156479, 0.24779293083653847, 0.013707727193832397, 0.09337235242128372, -0.9955368638038635, 2.6884724446272195, 0.0, 0.0, 0.0, 1.0, 4.2647, 0.0, 0.5, 0.0, 4.2647, 0.5, 0.0, 0.0, 1.0]], ["frame22.png", [0.9741023182868958, 0.22610032558441162, 0.0018136113649234176, -0.009584189502196893, 0.22512905299663544, -0.9691100120544434, -0.1007106602191925, 0.2638201394043601, -0.02101312391459942, 0.09851078689098358, -0.9949140548706055, 2.687062909080517, 0.0, 0.0, 0.0, 1.0, 4.2647, 0.0, 0.5, 0.0, 4.2647, 0.5, 0.0, 0.0, 1.0]], ["frame22_mirror.png", [0.9741023182868958, -0.22610032558441162, -0.0018136113649234176, 0.009584189502196893, -0.22512905299663544, -0.9691100120544434, -0.1007106602191925, 0.2638201394043601, 0.02101312391459942, 0.09851078689098358, -0.9949140548706055, 2.687062909080517, 0.0, 0.0, 0.0, 1.0, 4.2647, 0.0, 0.5, 0.0, 4.2647, 0.5, 0.0, 0.0, 1.0]], ["frame23.png", [0.974574089050293, 0.22383983433246613, -0.010056447237730026, 0.021489267882311154, 0.22139281034469604, -0.9688899517059326, -0.11062260717153549, 0.2833756072233845, -0.03450533747673035, 0.10558349639177322, -0.9938116073608398, 2.6850021371679875, 0.0, 0.0, 0.0, 1.0, 4.2647, 0.0, 0.5, 0.0, 4.2647, 0.5, 0.0, 0.0, 1.0]], ["frame23_mirror.png", [0.974574089050293, -0.22383983433246613, 0.010056447237730026, -0.021489267882311154, -0.22139281034469604, -0.9688899517059326, -0.11062260717153549, 0.2833756072233845, 0.03450533747673035, 0.10558349639177322, -0.9938116073608398, 2.6850021371679875, 0.0, 0.0, 0.0, 1.0, 4.2647, 0.0, 0.5, 0.0, 4.2647, 0.5, 0.0, 0.0, 1.0]], ["frame24.png", [0.9725486040115356, 0.23251909017562866, -0.009168116375803947, 0.019096928070809052, 0.23028382658958435, -0.967366635799408, -0.1056932732462883, 0.27258426455946505, -0.033444635570049286, 0.10068058222532272, -0.9943565130233765, 2.6861372128118908, 0.0, 0.0, 0.0, 1.0, 4.2647, 0.0, 0.5, 0.0, 4.2647, 0.5, 0.0, 0.0, 1.0]], ["frame24_mirror.png", [0.9725486040115356, -0.23251909017562866, 0.009168116375803947, -0.019096928070809052, -0.23028382658958435, -0.967366635799408, -0.1056932732462883, 0.27258426455946505, 0.033444635570049286, 0.10068058222532272, -0.9943565130233765, 2.6861372128118908, 0.0, 0.0, 0.0, 1.0, 4.2647, 0.0, 0.5, 0.0, 4.2647, 0.5, 0.0, 0.0, 1.0]], ["frame25.png", [0.9719674587249756, 0.23473115265369415, -0.013435249216854572, 0.030549354335763317, 0.23194371163845062, -0.9666434526443481, -0.10863911360502243, 0.27946517877241056, -0.038488078862428665, 0.10247746109962463, -0.9939904808998108, 2.6853241798344154, 0.0, 0.0, 0.0, 1.0, 4.2647, 0.0, 0.5, 0.0, 4.2647, 0.5, 0.0, 0.0, 1.0]], ["frame25_mirror.png", [0.9719674587249756, -0.23473115265369415, 0.013435249216854572, -0.030549354335763317, -0.23194371163845062, -0.9666434526443481, -0.10863911360502243, 0.27946517877241056, 0.038488078862428665, 0.10247746109962463, -0.9939904808998108, 2.6853241798344154, 0.0, 0.0, 0.0, 1.0, 4.2647, 0.0, 0.5, 0.0, 4.2647, 0.5, 0.0, 0.0, 1.0]], ["frame26.png", [0.9712744951248169, 0.23759347200393677, -0.013237970881164074, 0.026344552277443523, 0.2353305071592331, -0.9672966599464417, -0.09463997185230255, 0.2474409623478441, -0.03529088571667671, 0.08880609273910522, -0.9954235553741455, 2.6885086822842275, 0.0, 0.0, 0.0, 1.0, 4.2647, 0.0, 0.5, 0.0, 4.2647, 0.5, 0.0, 0.0, 1.0]], ["frame26_mirror.png", [0.9712744951248169, -0.23759347200393677, 0.013237970881164074, -0.026344552277443523, -0.2353305071592331, -0.9672966599464417, -0.09463997185230255, 0.2474409623478441, 0.03529088571667671, 0.08880609273910522, -0.9954235553741455, 2.6885086822842275, 0.0, 0.0, 0.0, 1.0, 4.2647, 0.0, 0.5, 0.0, 4.2647, 0.5, 0.0, 0.0, 1.0]], ["frame27.png", [0.9718453884124756, 0.23492270708084106, -0.018109023571014404, 0.040333110876665045, 0.23197385668754578, -0.9674456715583801, -0.10117829591035843, 0.2612353072842747, -0.041288577020168304, 0.09412883967161179, -0.994703471660614, 2.6870298387615836, 0.0, 0.0, 0.0, 1.0, 4.2647, 0.0, 0.5, 0.0, 4.2647, 0.5, 0.0, 0.0, 1.0]], ["frame27_mirror.png", [0.9718453884124756, -0.23492270708084106, 0.018109023571014404, -0.040333110876665045, -0.23197385668754578, -0.9674456715583801, -0.10117829591035843, 0.2612353072842747, 0.041288577020168304, 0.09412883967161179, -0.994703471660614, 2.6870298387615836, 0.0, 0.0, 0.0, 1.0, 4.2647, 0.0, 0.5, 0.0, 4.2647, 0.5, 0.0, 0.0, 1.0]], ["frame28.png", [0.9713586568832397, 0.23699821531772614, -0.017152778804302216, 0.03519224816597887, 0.23321689665317535, -0.9647089242935181, -0.12225653976202011, 0.3150856141664253, -0.045522019267082214, 0.11475463211536407, -0.9923503398895264, 2.681321047807291, 0.0, 0.0, 0.0, 1.0, 4.2647, 0.0, 0.5, 0.0, 4.2647, 0.5, 0.0, 0.0, 1.0]], ["frame28_mirror.png", [0.9713586568832397, -0.23699821531772614, 0.017152778804302216, -0.03519224816597887, -0.23321689665317535, -0.9647089242935181, -0.12225653976202011, 0.3150856141664253, 0.045522019267082214, 0.11475463211536407, -0.9923503398895264, 2.681321047807291, 0.0, 0.0, 0.0, 1.0, 4.2647, 0.0, 0.5, 0.0, 4.2647, 0.5, 0.0, 0.0, 1.0]], ["frame29.png", [0.9722892642021179, 0.2330898940563202, -0.01796618103981018, 0.038708378767710716, 0.22880737483501434, -0.9645569324493408, -0.13144268095493317, 0.3391315414662254, -0.04796736687421799, 0.12368951737880707, -0.9911609888076782, 2.6783374430784326, 0.0, 0.0, 0.0, 1.0, 4.2647, 0.0, 0.5, 0.0, 4.2647, 0.5, 0.0, 0.0, 1.0]], ["frame29_mirror.png", [0.9722892642021179, -0.2330898940563202, 0.01796618103981018, -0.038708378767710716, -0.22880737483501434, -0.9645569324493408, -0.13144268095493317, 0.3391315414662254, 0.04796736687421799, 0.12368951737880707, -0.9911609888076782, 2.6783374430784326, 0.0, 0.0, 0.0, 1.0, 4.2647, 0.0, 0.5, 0.0, 4.2647, 0.5, 0.0, 0.0, 1.0]], ["frame3.png", [0.7896516919136047, 0.005087446421384811, 0.6135343313217163, -1.5711919268757846, 0.12032430619001389, -0.9818322658538818, -0.1467224806547165, 0.378852754840243, 0.6016413569450378, 0.189682736992836, -0.775917649269104, 2.162828360982517, 0.0, 0.0, 0.0, 1.0, 4.2647, 0.0, 0.5, 0.0, 4.2647, 0.5, 0.0, 0.0, 1.0]], ["frame3_mirror.png", [0.7896516919136047, -0.005087446421384811, -0.6135343313217163, 1.5711919268757846, -0.12032430619001389, -0.9818322658538818, -0.1467224806547165, 0.378852754840243, -0.6016413569450378, 0.189682736992836, -0.775917649269104, 2.162828360982517, 0.0, 0.0, 0.0, 1.0, 4.2647, 0.0, 0.5, 0.0, 4.2647, 0.5, 0.0, 0.0, 1.0]], ["frame30.png", [0.9734533429145813, 0.22814364731311798, -0.018413683399558067, 0.04266003507315661, 0.22311703860759735, -0.9637916684150696, -0.1460290551185608, 0.376191821139058, -0.05106256157159805, 0.138044074177742, -0.9891089200973511, 2.6733237430426637, 0.0, 0.0, 0.0, 1.0, 4.2647, 0.0, 0.5, 0.0, 4.2647, 0.5, 0.0, 0.0, 1.0]], ["frame30_mirror.png", [0.9734533429145813, -0.22814364731311798, 0.018413683399558067, -0.04266003507315661, -0.22311703860759735, -0.9637916684150696, -0.1460290551185608, 0.376191821139058, 0.05106256157159805, 0.138044074177742, -0.9891089200973511, 2.6733237430426637, 0.0, 0.0, 0.0, 1.0, 4.2647, 0.0, 0.5, 0.0, 4.2647, 0.5, 0.0, 0.0, 1.0]], ["frame31.png", [0.9734780192375183, 0.22798219323158264, -0.019098429009318352, 0.0434479741543748, 0.22297868132591248, -0.9641591906547546, -0.1437970995903015, 0.3718004429262369, -0.0511971041560173, 0.1357247531414032, -0.9894229173660278, 2.673925336313962, 0.0, 0.0, 0.0, 1.0, 4.2647, 0.0, 0.5, 0.0, 4.2647, 0.5, 0.0, 0.0, 1.0]], ["frame31_mirror.png", [0.9734780192375183, -0.22798219323158264, 0.019098429009318352, -0.0434479741543748, -0.22297868132591248, -0.9641591906547546, -0.1437970995903015, 0.3718004429262369, 0.0511971041560173, 0.1357247531414032, -0.9894229173660278, 2.673925336313962, 0.0, 0.0, 0.0, 1.0, 4.2647, 0.0, 0.5, 0.0, 4.2647, 0.5, 0.0, 0.0, 1.0]], ["frame32.png", [0.9730040431022644, 0.2304992377758026, -0.011547071859240532, 0.028360516809615193, 0.2267952561378479, -0.964238703250885, -0.1371411830186844, 0.3553357214388336, -0.04274506866931915, 0.13082009553909302, -0.9904842376708984, 2.6763654844127394, 0.0, 0.0, 0.0, 1.0, 4.2647, 0.0, 0.5, 0.0, 4.2647, 0.5, 0.0, 0.0, 1.0]], ["frame32_mirror.png", [0.9730040431022644, -0.2304992377758026, 0.011547071859240532, -0.028360516809615193, -0.2267952561378479, -0.964238703250885, -0.1371411830186844, 0.3553357214388336, 0.04274506866931915, 0.13082009553909302, -0.9904842376708984, 2.6763654844127394, 0.0, 0.0, 0.0, 1.0, 4.2647, 0.0, 0.5, 0.0, 4.2647, 0.5, 0.0, 0.0, 1.0]], ["frame33.png", [0.9751792550086975, 0.22117118537425995, -0.010432216338813305, 0.020194019664969327, 0.2175612896680832, -0.965887725353241, -0.14045678079128265, 0.3639910184133366, -0.041141342371702194, 0.13470089435577393, -0.9900318384170532, 2.6752761988408214, 0.0, 0.0, 0.0, 1.0, 4.2647, 0.0, 0.5, 0.0, 4.2647, 0.5, 0.0, 0.0, 1.0]], ["frame33_mirror.png", [0.9751792550086975, -0.22117118537425995, 0.010432216338813305, -0.020194019664969327, -0.2175612896680832, -0.965887725353241, -0.14045678079128265, 0.3639910184133366, 0.041141342371702194, 0.13470089435577393, -0.9900318384170532, 2.6752761988408214, 0.0, 0.0, 0.0, 1.0, 4.2647, 0.0, 0.5, 0.0, 4.2647, 0.5, 0.0, 0.0, 1.0]], ["frame34.png", [0.9761082530021667, 0.21715442836284637, -0.007522040046751499, 0.014343448315175271, 0.21374380588531494, -0.9658503532409668, -0.14644722640514374, 0.3780224588965703, -0.03906683251261711, 0.14134055376052856, -0.989189863204956, 2.673367405737607, 0.0, 0.0, 0.0, 1.0, 4.2647, 0.0, 0.5, 0.0, 4.2647, 0.5, 0.0, 0.0, 1.0]], ["frame34_mirror.png", [0.9761082530021667, -0.21715442836284637, 0.007522040046751499, -0.014343448315175271, -0.21374380588531494, -0.9658503532409668, -0.14644722640514374, 0.3780224588965703, 0.03906683251261711, 0.14134055376052856, -0.989189863204956, 2.673367405737607, 0.0, 0.0, 0.0, 1.0, 4.2647, 0.0, 0.5, 0.0, 4.2647, 0.5, 0.0, 0.0, 1.0]], ["frame35.png", [0.9757051467895508, 0.2189921885728836, 0.006476191338151693, -0.024492166570256272, 0.21749988198280334, -0.9646569490432739, -0.14876419305801392, 0.3840553100645009, -0.026330890133976936, 0.14655855298042297, -0.9888514876365662, 2.672433657284677, 0.0, 0.0, 0.0, 1.0, 4.2647, 0.0, 0.5, 0.0, 4.2647, 0.5, 0.0, 0.0, 1.0]], ["frame35_mirror.png", [0.9757051467895508, -0.2189921885728836, -0.006476191338151693, 0.024492166570256272, -0.21749988198280334, -0.9646569490432739, -0.14876419305801392, 0.3840553100645009, 0.026330890133976936, 0.14655855298042297, -0.9888514876365662, 2.672433657284677, 0.0, 0.0, 0.0, 1.0, 4.2647, 0.0, 0.5, 0.0, 4.2647, 0.5, 0.0, 0.0, 1.0]], ["frame36.png", [0.9755859971046448, 0.21960335969924927, 0.002509119687601924, -0.012166168007659765, 0.21794144809246063, -0.966667652130127, -0.1343698501586914, 0.35046328559644363, -0.02708258479833603, 0.13163618743419647, -0.990928053855896, 2.6771304543867407, 0.0, 0.0, 0.0, 1.0, 4.2647, 0.0, 0.5, 0.0, 4.2647, 0.5, 0.0, 0.0, 1.0]], ["frame36_mirror.png", [0.9755859971046448, -0.21960335969924927, -0.002509119687601924, 0.012166168007659765, -0.21794144809246063, -0.966667652130127, -0.1343698501586914, 0.35046328559644363, 0.02708258479833603, 0.13163618743419647, -0.990928053855896, 2.6771304543867407, 0.0, 0.0, 0.0, 1.0, 4.2647, 0.0, 0.5, 0.0, 4.2647, 0.5, 0.0, 0.0, 1.0]], ["frame37.png", [0.9763098955154419, 0.2158496081829071, 0.015096439979970455, -0.047035001337104934, 0.21586409211158752, -0.9668221473693848, -0.13659334182739258, 0.35359226660934184, -0.014888047240674496, 0.13661621510982513, -0.9905121922492981, 2.6763333532359694, 0.0, 0.0, 0.0, 1.0, 4.2647, 0.0, 0.5, 0.0, 4.2647, 0.5, 0.0, 0.0, 1.0]], ["frame37_mirror.png", [0.9763098955154419, -0.2158496081829071, -0.015096439979970455, 0.047035001337104934, -0.21586409211158752, -0.9668221473693848, -0.13659334182739258, 0.35359226660934184, 0.014888047240674496, 0.13661621510982513, -0.9905121922492981, 2.6763333532359694, 0.0, 0.0, 0.0, 1.0, 4.2647, 0.0, 0.5, 0.0, 4.2647, 0.5, 0.0, 0.0, 1.0]], ["frame38.png", [0.9781569242477417, 0.2065073400735855, 0.0237446092069149, -0.06762471702237062, 0.20770670473575592, -0.9665021896362305, -0.15076974034309387, 0.3912895340896281, -0.008185837417840958, 0.15240837633609772, -0.9882836937904358, 2.6706402599675547, 0.0, 0.0, 0.0, 1.0, 4.2647, 0.0, 0.5, 0.0, 4.2647, 0.5, 0.0, 0.0, 1.0]], ["frame38_mirror.png", [0.9781569242477417, -0.2065073400735855, -0.0237446092069149, 0.06762471702237062, -0.20770670473575592, -0.9665021896362305, -0.15076974034309387, 0.3912895340896281, 0.008185837417840958, 0.15240837633609772, -0.9882836937904358, 2.6706402599675547, 0.0, 0.0, 0.0, 1.0, 4.2647, 0.0, 0.5, 0.0, 4.2647, 0.5, 0.0, 0.0, 1.0]], ["frame39.png", [0.9791867136955261, 0.20055364072322845, 0.03117178939282894, -0.08552089974925645, 0.20295847952365875, -0.9666914343833923, -0.1559344232082367, 0.4051505344165051, -0.0011397134512662888, 0.159015491604805, -0.9872754216194153, 2.6680590735904066, 0.0, 0.0, 0.0, 1.0, 4.2647, 0.0, 0.5, 0.0, 4.2647, 0.5, 0.0, 0.0, 1.0]], ["frame39_mirror.png", [0.9791867136955261, -0.20055364072322845, -0.03117178939282894, 0.08552089974925645, -0.20295847952365875, -0.9666914343833923, -0.1559344232082367, 0.4051505344165051, 0.0011397134512662888, 0.159015491604805, -0.9872754216194153, 2.6680590735904066, 0.0, 0.0, 0.0, 1.0, 4.2647, 0.0, 0.5, 0.0, 4.2647, 0.5, 0.0, 0.0, 1.0]], ["frame4.png", [0.7957873940467834, 0.008093670010566711, 0.6055219769477844, -1.5636069678115048, 0.11196663230657578, -0.9846373796463013, -0.1339873969554901, 0.3606361550276169, 0.5951350927352905, 0.1744237244129181, -0.7844682931900024, 2.1714223020633754, 0.0, 0.0, 0.0, 1.0, 4.2647, 0.0, 0.5, 0.0, 4.2647, 0.5, 0.0, 0.0, 1.0]], ["frame4_mirror.png", [0.7957873940467834, -0.008093670010566711, -0.6055219769477844, 1.5636069678115048, -0.11196663230657578, -0.9846373796463013, -0.1339873969554901, 0.3606361550276169, -0.5951350927352905, 0.1744237244129181, -0.7844682931900024, 2.1714223020633754, 0.0, 0.0, 0.0, 1.0, 4.2647, 0.0, 0.5, 0.0, 4.2647, 0.5, 0.0, 0.0, 1.0]], ["frame40.png", [0.9796721339225769, 0.19720548391342163, 0.036775678396224976, -0.09772737416311865, 0.20052185654640198, -0.9679532051086426, -0.15118704736232758, 0.39604322195584724, 0.005782220512628555, 0.15548807382583618, -0.9878208637237549, 2.6690071424936304, 0.0, 0.0, 0.0, 1.0, 4.2647, 0.0, 0.5, 0.0, 4.2647, 0.5, 0.0, 0.0, 1.0]], ["frame40_mirror.png", [0.9796721339225769, -0.19720548391342163, -0.036775678396224976, 0.09772737416311865, -0.20052185654640198, -0.9679532051086426, -0.15118704736232758, 0.39604322195584724, -0.005782220512628555, 0.15548807382583618, -0.9878208637237549, 2.6690071424936304, 0.0, 0.0, 0.0, 1.0, 4.2647, 0.0, 0.5, 0.0, 4.2647, 0.5, 0.0, 0.0, 1.0]], ["frame41.png", [0.9782834649085999, 0.20234663784503937, 0.04491442069411278, -0.12042234726231626, 0.2069621980190277, -0.9654476642608643, -0.1583586037158966, 0.40859303789404566, 0.011319190263748169, 0.16421519219875336, -0.9863595962524414, 2.6661864502814407, 0.0, 0.0, 0.0, 1.0, 4.2647, 0.0, 0.5, 0.0, 4.2647, 0.5, 0.0, 0.0, 1.0]], ["frame41_mirror.png", [0.9782834649085999, -0.20234663784503937, -0.04491442069411278, 0.12042234726231626, -0.2069621980190277, -0.9654476642608643, -0.1583586037158966, 0.40859303789404566, -0.011319190263748169, 0.16421519219875336, -0.9863595962524414, 2.6661864502814407, 0.0, 0.0, 0.0, 1.0, 4.2647, 0.0, 0.5, 0.0, 4.2647, 0.5, 0.0, 0.0, 1.0]], ["frame42.png", [0.9795244336128235, 0.17959357798099518, 0.09098416566848755, -0.2320181272927619, 0.19199439883232117, -0.9692818522453308, -0.1537235677242279, 0.394166577579604, 0.06058153882622719, 0.16804443299770355, -0.983916163444519, 2.6609773200323863, 0.0, 0.0, 0.0, 1.0, 4.2647, 0.0, 0.5, 0.0, 4.2647, 0.5, 0.0, 0.0, 1.0]], ["frame42_mirror.png", [0.9795244336128235, -0.17959357798099518, -0.09098416566848755, 0.2320181272927619, -0.19199439883232117, -0.9692818522453308, -0.1537235677242279, 0.394166577579604, -0.06058153882622719, 0.16804443299770355, -0.983916163444519, 2.6609773200323863, 0.0, 0.0, 0.0, 1.0, 4.2647, 0.0, 0.5, 0.0, 4.2647, 0.5, 0.0, 0.0, 1.0]], ["frame43.png", [0.9626092910766602, 0.1350681632757187, 0.2348191738128662, -0.5938551922048119, 0.1683976799249649, -0.9773536920547485, -0.1281488537788391, 0.3346883047713261, 0.21219253540039062, 0.16290026903152466, -0.963554859161377, 2.6125312915524446, 0.0, 0.0, 0.0, 1.0, 4.2647, 0.0, 0.5, 0.0, 4.2647, 0.5, 0.0, 0.0, 1.0]], ["frame43_mirror.png", [0.9626092910766602, -0.1350681632757187, -0.2348191738128662, 0.5938551922048119, -0.1683976799249649, -0.9773536920547485, -0.1281488537788391, 0.3346883047713261, -0.21219253540039062, 0.16290026903152466, -0.963554859161377, 2.6125312915524446, 0.0, 0.0, 0.0, 1.0, 4.2647, 0.0, 0.5, 0.0, 4.2647, 0.5, 0.0, 0.0, 1.0]], ["frame44.png", [0.9515687227249146, 0.12197455018758774, 0.28220412135124207, -0.7184393642333345, 0.15580302476882935, -0.9826486110687256, -0.1006334125995636, 0.2654983652597406, 0.2650327682495117, 0.1397278606891632, -0.95406174659729, 2.589083910954685, 0.0, 0.0, 0.0, 1.0, 4.2647, 0.0, 0.5, 0.0, 4.2647, 0.5, 0.0, 0.0, 1.0]], ["frame44_mirror.png", [0.9515687227249146, -0.12197455018758774, -0.28220412135124207, 0.7184393642333345, -0.15580302476882935, -0.9826486110687256, -0.1006334125995636, 0.2654983652597406, -0.2650327682495117, 0.1397278606891632, -0.95406174659729, 2.589083910954685, 0.0, 0.0, 0.0, 1.0, 4.2647, 0.0, 0.5, 0.0, 4.2647, 0.5, 0.0, 0.0, 1.0]], ["frame45.png", [0.9648922085762024, 0.14895550906658173, 0.21632233262062073, -0.5505613197540808, 0.1737205982208252, -0.9796756505966187, -0.10028354078531265, 0.26469161763220916, 0.19698794186115265, 0.13434244692325592, -0.971157968044281, 2.6299849012391476, 0.0, 0.0, 0.0, 1.0, 4.2647, 0.0, 0.5, 0.0, 4.2647, 0.5, 0.0, 0.0, 1.0]], ["frame45_mirror.png", [0.9648922085762024, -0.14895550906658173, -0.21632233262062073, 0.5505613197540808, -0.1737205982208252, -0.9796756505966187, -0.10028354078531265, 0.26469161763220916, -0.19698794186115265, 0.13434244692325592, -0.971157968044281, 2.6299849012391476, 0.0, 0.0, 0.0, 1.0, 4.2647, 0.0, 0.5, 0.0, 4.2647, 0.5, 0.0, 0.0, 1.0]], ["frame46.png", [0.9762231707572937, 0.15795041620731354, 0.14845892786979675, -0.3766023948683016, 0.17250920832157135, -0.9808087944984436, -0.09085553884506226, 0.23524696938572953, 0.13125915825366974, 0.11430580168962479, -0.9847361445426941, 2.663236658574354, 0.0, 0.0, 0.0, 1.0, 4.2647, 0.0, 0.5, 0.0, 4.2647, 0.5, 0.0, 0.0, 1.0]], ["frame46_mirror.png", [0.9762231707572937, -0.15795041620731354, -0.14845892786979675, 0.3766023948683016, -0.17250920832157135, -0.9808087944984436, -0.09085553884506226, 0.23524696938572953, -0.13125915825366974, 0.11430580168962479, -0.9847361445426941, 2.663236658574354, 0.0, 0.0, 0.0, 1.0, 4.2647, 0.0, 0.5, 0.0, 4.2647, 0.5, 0.0, 0.0, 1.0]], ["frame47.png", [0.9805029034614563, 0.17314010858535767, 0.09293315559625626, -0.2376061104781319, 0.18255087733268738, -0.9776075482368469, -0.10468363761901855, 0.2748215400389497, 0.07272721827030182, 0.11960764229297638, -0.9901538491249084, 2.675446964040602, 0.0, 0.0, 0.0, 1.0, 4.2647, 0.0, 0.5, 0.0, 4.2647, 0.5, 0.0, 0.0, 1.0]], ["frame47_mirror.png", [0.9805029034614563, -0.17314010858535767, -0.09293315559625626, 0.2376061104781319, -0.18255087733268738, -0.9776075482368469, -0.10468363761901855, 0.2748215400389497, -0.07272721827030182, 0.11960764229297638, -0.9901538491249084, 2.675446964040602, 0.0, 0.0, 0.0, 1.0, 4.2647, 0.0, 0.5, 0.0, 4.2647, 0.5, 0.0, 0.0, 1.0]], ["frame48.png", [0.9806104898452759, 0.1749773919582367, 0.088238924741745, -0.22591572540391175, 0.18515464663505554, -0.9747668504714966, -0.12468888610601425, 0.32407741758521263, 0.06419464200735092, 0.13860906660556793, -0.9882644414901733, 2.670942888274949, 0.0, 0.0, 0.0, 1.0, 4.2647, 0.0, 0.5, 0.0, 4.2647, 0.5, 0.0, 0.0, 1.0]], ["frame48_mirror.png", [0.9806104898452759, -0.1749773919582367, -0.088238924741745, 0.22591572540391175, -0.18515464663505554, -0.9747668504714966, -0.12468888610601425, 0.32407741758521263, -0.06419464200735092, 0.13860906660556793, -0.9882644414901733, 2.670942888274949, 0.0, 0.0, 0.0, 1.0, 4.2647, 0.0, 0.5, 0.0, 4.2647, 0.5, 0.0, 0.0, 1.0]], ["frame49.png", [0.9801120758056641, 0.16731911897659302, 0.10669903457164764, -0.27378901962232793, 0.17946089804172516, -0.9768194556236267, -0.11669471859931946, 0.3019964718817185, 0.08470043540000916, 0.13352219760417938, -0.9874197244644165, 2.66905183608435, 0.0, 0.0, 0.0, 1.0, 4.2647, 0.0, 0.5, 0.0, 4.2647, 0.5, 0.0, 0.0, 1.0]], ["frame49_mirror.png", [0.9801120758056641, -0.16731911897659302, -0.10669903457164764, 0.27378901962232793, -0.17946089804172516, -0.9768194556236267, -0.11669471859931946, 0.3019964718817185, -0.08470043540000916, 0.13352219760417938, -0.9874197244644165, 2.66905183608435, 0.0, 0.0, 0.0, 1.0, 4.2647, 0.0, 0.5, 0.0, 4.2647, 0.5, 0.0, 0.0, 1.0]], ["frame5.png", [0.8060079216957092, 0.018316607922315598, 0.5916212797164917, -1.5176709255896945, 0.1067861020565033, -0.9876201152801514, -0.11490558832883835, 0.310847786014295, 0.5821924209594727, 0.1557917445898056, -0.7979855537414551, 2.2113454310780423, 0.0, 0.0, 0.0, 1.0, 4.2647, 0.0, 0.5, 0.0, 4.2647, 0.5, 0.0, 0.0, 1.0]], ["frame5_mirror.png", [0.8060079216957092, -0.018316607922315598, -0.5916212797164917, 1.5176709255896945, -0.1067861020565033, -0.9876201152801514, -0.11490558832883835, 0.310847786014295, -0.5821924209594727, 0.1557917445898056, -0.7979855537414551, 2.2113454310780423, 0.0, 0.0, 0.0, 1.0, 4.2647, 0.0, 0.5, 0.0, 4.2647, 0.5, 0.0, 0.0, 1.0]], ["frame6.png", [0.8313559293746948, 0.0019665423315018415, 0.5557368397712708, -1.4230524665666848, 0.10002212226390839, -0.9841936230659485, -0.14614565670490265, 0.40543212238223636, 0.5466652512550354, 0.1770850419998169, -0.8184118866920471, 2.258438945718726, 0.0, 0.0, 0.0, 1.0, 4.2647, 0.0, 0.5, 0.0, 4.2647, 0.5, 0.0, 0.0, 1.0]], ["frame6_mirror.png", [0.8313559293746948, -0.0019665423315018415, -0.5557368397712708, 1.4230524665666848, -0.10002212226390839, -0.9841936230659485, -0.14614565670490265, 0.40543212238223636, -0.5466652512550354, 0.1770850419998169, -0.8184118866920471, 2.258438945718726, 0.0, 0.0, 0.0, 1.0, 4.2647, 0.0, 0.5, 0.0, 4.2647, 0.5, 0.0, 0.0, 1.0]], ["frame7.png", [0.8548067808151245, 0.03381511941552162, 0.51784348487854, -1.32010383220079, 0.09718210250139236, -0.9906520247459412, -0.0957295149564743, 0.2422392919613763, 0.5097655653953552, 0.13215535879135132, -0.8501023054122925, 2.3427859478917066, 0.0, 0.0, 0.0, 1.0, 4.2647, 0.0, 0.5, 0.0, 4.2647, 0.5, 0.0, 0.0, 1.0]], ["frame7_mirror.png", [0.8548067808151245, -0.03381511941552162, -0.51784348487854, 1.32010383220079, -0.09718210250139236, -0.9906520247459412, -0.0957295149564743, 0.2422392919613763, -0.5097655653953552, 0.13215535879135132, -0.8501023054122925, 2.3427859478917066, 0.0, 0.0, 0.0, 1.0, 4.2647, 0.0, 0.5, 0.0, 4.2647, 0.5, 0.0, 0.0, 1.0]], ["frame8.png", [0.8957041501998901, 0.07711330056190491, 0.43791282176971436, -1.1069241543860855, 0.09876510500907898, -0.994748592376709, -0.026845455169677734, 0.07270195572922694, 0.43354299664497375, 0.0672960877418518, -0.8986165523529053, 2.4615916278029943, 0.0, 0.0, 0.0, 1.0, 4.2647, 0.0, 0.5, 0.0, 4.2647, 0.5, 0.0, 0.0, 1.0]], ["frame8_mirror.png", [0.8957041501998901, -0.07711330056190491, -0.43791282176971436, 1.1069241543860855, -0.09876510500907898, -0.994748592376709, -0.026845455169677734, 0.07270195572922694, -0.43354299664497375, 0.0672960877418518, -0.8986165523529053, 2.4615916278029943, 0.0, 0.0, 0.0, 1.0, 4.2647, 0.0, 0.5, 0.0, 4.2647, 0.5, 0.0, 0.0, 1.0]], ["frame9.png", [0.9130356907844543, 0.0983261913061142, 0.39585059881210327, -1.0193715948242492, 0.11662615090608597, -0.9929239749908447, -0.02236553281545639, 0.07653373212299842, 0.3908504247665405, 0.06658706068992615, -0.9180425405502319, 2.499004629750172, 0.0, 0.0, 0.0, 1.0, 4.2647, 0.0, 0.5, 0.0, 4.2647, 0.5, 0.0, 0.0, 1.0]], ["frame9_mirror.png", [0.9130356907844543, -0.0983261913061142, -0.39585059881210327, 1.0193715948242492, -0.11662615090608597, -0.9929239749908447, -0.02236553281545639, 0.07653373212299842, -0.3908504247665405, 0.06658706068992615, -0.9180425405502319, 2.499004629750172, 0.0, 0.0, 0.0, 1.0, 4.2647, 0.0, 0.5, 0.0, 4.2647, 0.5, 0.0, 0.0, 1.0]]]}