{"labels": [["frame0.png", [0.9765946865081787, -0.027011176571249962, -0.21338513493537903, 0.5429364524408324, -0.02228972129523754, -0.999451220035553, 0.024501848965883255, -0.06342776396036648, -0.21392986178398132, -0.019172079861164093, -0.9766609072685242, 2.6440871633457834, 0.0, 0.0, 0.0, 1.0, 4.2647, 0.0, 0.5, 0.0, 4.2647, 0.5, 0.0, 0.0, 1.0]], ["frame0_mirror.png", [0.9765946865081787, 0.027011176571249962, 0.21338513493537903, -0.5429364524408324, 0.02228972129523754, -0.999451220035553, 0.024501848965883255, -0.06342776396036648, 0.21392986178398132, -0.019172079861164093, -0.9766609072685242, 2.6440871633457834, 0.0, 0.0, 0.0, 1.0, 4.2647, 0.0, 0.5, 0.0, 4.2647, 0.5, 0.0, 0.0, 1.0]], ["frame1.png", [0.9780281782150269, -0.022266756743192673, -0.20728033781051636, 0.5300331950813203, -0.023329196497797966, -0.999724268913269, -0.002682333579286933, 0.009442000041429139, -0.207163468003273, 0.007459081709384918, -0.9782779216766357, 2.6474470081093417, 0.0, 0.0, 0.0, 1.0, 4.2647, 0.0, 0.5, 0.0, 4.2647, 0.5, 0.0, 0.0, 1.0]], ["frame1_mirror.png", [0.9780281782150269, 0.022266756743192673, 0.20728033781051636, -0.5300331950813203, 0.023329196497797966, -0.999724268913269, -0.002682333579286933, 0.009442000041429139, 0.207163468003273, 0.007459081709384918, -0.9782779216766357, 2.6474470081093417, 0.0, 0.0, 0.0, 1.0, 4.2647, 0.0, 0.5, 0.0, 4.2647, 0.5, 0.0, 0.0, 1.0]], ["frame2.png", [0.9810277223587036, -0.01525278203189373, -0.19326665997505188, 0.49699699954637006, -0.022723620757460594, -0.9990753531455994, -0.036497876048088074, 0.10179211916248486, -0.1925312578678131, 0.04019714891910553, -0.9804672002792358, 2.651911074474089, 0.0, 0.0, 0.0, 1.0, 4.2647, 0.0, 0.5, 0.0, 4.2647, 0.5, 0.0, 0.0, 1.0]], ["frame2_mirror.png", [0.9810277223587036, 0.01525278203189373, 0.19326665997505188, -0.49699699954637006, 0.022723620757460594, -0.9990753531455994, -0.036497876048088074, 0.10179211916248486, 0.1925312578678131, 0.04019714891910553, -0.9804672002792358, 2.651911074474089, 0.0, 0.0, 0.0, 1.0, 4.2647, 0.0, 0.5, 0.0, 4.2647, 0.5, 0.0, 0.0, 1.0]]]}