{"labels": [["frame0.png", [0.7443580627441406, -0.16168978810310364, -0.6479100584983826, 1.6734270632919188, -0.2166345864534378, -0.9762386083602905, -0.005256731063127518, 0.02540493047838256, -0.6316648721694946, 0.1442726105451584, -0.7616987228393555, 2.1187251953355286, 0.0, 0.0, 0.0, 1.0, 4.2647, 0.0, 0.5, 0.0, 4.2647, 0.5, 0.0, 0.0, 1.0]], ["frame0_mirror.png", [0.7443580627441406, 0.16168978810310364, 0.6479100584983826, -1.6734270632919188, 0.2166345864534378, -0.9762386083602905, -0.005256731063127518, 0.02540493047838256, 0.6316648721694946, 0.1442726105451584, -0.7616987228393555, 2.1187251953355286, 0.0, 0.0, 0.0, 1.0, 4.2647, 0.0, 0.5, 0.0, 4.2647, 0.5, 0.0, 0.0, 1.0]], ["frame1.png", [0.746788501739502, -0.15673421323299408, -0.6463291049003601, 1.6687984664175928, -0.21315431594848633, -0.9769735932350159, -0.00936985295265913, 0.03657610384548117, -0.6299778819084167, 0.14476512372493744, -0.7630012631416321, 2.122209666152187, 0.0, 0.0, 0.0, 1.0, 4.2647, 0.0, 0.5, 0.0, 4.2647, 0.5, 0.0, 0.0, 1.0]], ["frame1_mirror.png", [0.746788501739502, 0.15673421323299408, 0.6463291049003601, -1.6687984664175928, 0.21315431594848633, -0.9769735932350159, -0.00936985295265913, 0.03657610384548117, 0.6299778819084167, 0.14476512372493744, -0.7630012631416321, 2.122209666152187, 0.0, 0.0, 0.0, 1.0, 4.2647, 0.0, 0.5, 0.0, 4.2647, 0.5, 0.0, 0.0, 1.0]], ["frame10.png", [0.7637816071510315, -0.11144103109836578, -0.6357818245887756, 1.6430822420145368, -0.1714000701904297, -0.9846379160881042, -0.03331828862428665, 0.09392381790424073, -0.6223018765449524, 0.1344209462404251, -0.7711493968963623, 2.1404343163028328, 0.0, 0.0, 0.0, 1.0, 4.2647, 0.0, 0.5, 0.0, 4.2647, 0.5, 0.0, 0.0, 1.0]], ["frame10_mirror.png", [0.7637816071510315, 0.11144103109836578, 0.6357818245887756, -1.6430822420145368, 0.1714000701904297, -0.9846379160881042, -0.03331828862428665, 0.09392381790424073, 0.6223018765449524, 0.1344209462404251, -0.7711493968963623, 2.1404343163028328, 0.0, 0.0, 0.0, 1.0, 4.2647, 0.0, 0.5, 0.0, 4.2647, 0.5, 0.0, 0.0, 1.0]], ["frame11.png", [0.7709859609603882, -0.10414578020572662, -0.6282787919044495, 1.6209466695380814, -0.16691334545612335, -0.9850963950157166, -0.04153284803032875, 0.11061886832573287, -0.6145896911621094, 0.13688935339450836, -0.776878833770752, 2.1564543492695916, 0.0, 0.0, 0.0, 1.0, 4.2647, 0.0, 0.5, 0.0, 4.2647, 0.5, 0.0, 0.0, 1.0]], ["frame11_mirror.png", [0.7709859609603882, 0.10414578020572662, 0.6282787919044495, -1.6209466695380814, 0.16691334545612335, -0.9850963950157166, -0.04153284803032875, 0.11061886832573287, 0.6145896911621094, 0.13688935339450836, -0.776878833770752, 2.1564543492695916, 0.0, 0.0, 0.0, 1.0, 4.2647, 0.0, 0.5, 0.0, 4.2647, 0.5, 0.0, 0.0, 1.0]], ["frame12.png", [0.7678312659263611, -0.10262467712163925, -0.6323790550231934, 1.6315855580584944, -0.16570214927196503, -0.9853107929229736, -0.041294991970062256, 0.1088103010046817, -0.6188520789146423, 0.13649415969848633, -0.7735576629638672, 2.148508525729005, 0.0, 0.0, 0.0, 1.0, 4.2647, 0.0, 0.5, 0.0, 4.2647, 0.5, 0.0, 0.0, 1.0]], ["frame12_mirror.png", [0.7678312659263611, 0.10262467712163925, 0.6323790550231934, -1.6315855580584944, 0.16570214927196503, -0.9853107929229736, -0.041294991970062256, 0.1088103010046817, 0.6188520789146423, 0.13649415969848633, -0.7735576629638672, 2.148508525729005, 0.0, 0.0, 0.0, 1.0, 4.2647, 0.0, 0.5, 0.0, 4.2647, 0.5, 0.0, 0.0, 1.0]], ["frame13.png", [0.7627565264701843, -0.10278849303722382, -0.6384645700454712, 1.6503727266689103, -0.1626938283443451, -0.9860333204269409, -0.03562123328447342, 0.09152108145348249, -0.6258859038352966, 0.13104458153247833, -0.768826425075531, 2.1349224235828834, 0.0, 0.0, 0.0, 1.0, 4.2647, 0.0, 0.5, 0.0, 4.2647, 0.5, 0.0, 0.0, 1.0]], ["frame13_mirror.png", [0.7627565264701843, 0.10278849303722382, 0.6384645700454712, -1.6503727266689103, 0.1626938283443451, -0.9860333204269409, -0.03562123328447342, 0.09152108145348249, 0.6258859038352966, 0.13104458153247833, -0.768826425075531, 2.1349224235828834, 0.0, 0.0, 0.0, 1.0, 4.2647, 0.0, 0.5, 0.0, 4.2647, 0.5, 0.0, 0.0, 1.0]], ["frame14.png", [0.7647626996040344, -0.08423766493797302, -0.638781726360321, 1.6464305094424243, -0.13600800931453705, -0.9901825785636902, -0.03225388377904892, 0.0882751434080861, -0.6297934651374817, 0.11154600232839584, -0.7687116265296936, 2.138100576828285, 0.0, 0.0, 0.0, 1.0, 4.2647, 0.0, 0.5, 0.0, 4.2647, 0.5, 0.0, 0.0, 1.0]], ["frame14_mirror.png", [0.7647626996040344, 0.08423766493797302, 0.638781726360321, -1.6464305094424243, 0.13600800931453705, -0.9901825785636902, -0.03225388377904892, 0.0882751434080861, 0.6297934651374817, 0.11154600232839584, -0.7687116265296936, 2.138100576828285, 0.0, 0.0, 0.0, 1.0, 4.2647, 0.0, 0.5, 0.0, 4.2647, 0.5, 0.0, 0.0, 1.0]], ["frame15.png", [0.7768815755844116, -0.07289358973503113, -0.6254130601882935, 1.6092434347948996, -0.11634927242994308, -0.9927902817726135, -0.028815453872084618, 0.0816564682971239, -0.6188035011291504, 0.09515254944562912, -0.779761552810669, 2.1664874310170266, 0.0, 0.0, 0.0, 1.0, 4.2647, 0.0, 0.5, 0.0, 4.2647, 0.5, 0.0, 0.0, 1.0]], ["frame15_mirror.png", [0.7768815755844116, 0.07289358973503113, 0.6254130601882935, -1.6092434347948996, 0.11634927242994308, -0.9927902817726135, -0.028815453872084618, 0.0816564682971239, 0.6188035011291504, 0.09515254944562912, -0.779761552810669, 2.1664874310170266, 0.0, 0.0, 0.0, 1.0, 4.2647, 0.0, 0.5, 0.0, 4.2647, 0.5, 0.0, 0.0, 1.0]], ["frame16.png", [0.7814511060714722, -0.06432725489139557, -0.6206417679786682, 1.596752433551072, -0.11175088584423065, -0.9930176734924316, -0.03778306767344475, 0.10443293633176623, -0.6138777136802673, 0.09888288378715515, -0.7831833958625793, 2.1747357144623014, 0.0, 0.0, 0.0, 1.0, 4.2647, 0.0, 0.5, 0.0, 4.2647, 0.5, 0.0, 0.0, 1.0]], ["frame16_mirror.png", [0.7814511060714722, 0.06432725489139557, 0.6206417679786682, -1.596752433551072, 0.11175088584423065, -0.9930176734924316, -0.03778306767344475, 0.10443293633176623, 0.6138777136802673, 0.09888288378715515, -0.7831833958625793, 2.1747357144623014, 0.0, 0.0, 0.0, 1.0, 4.2647, 0.0, 0.5, 0.0, 4.2647, 0.5, 0.0, 0.0, 1.0]], ["frame17.png", [0.7876908779144287, -0.05765451863408089, -0.6133669018745422, 1.5793487504439936, -0.10333786904811859, -0.9938700795173645, -0.03928676247596741, 0.10850496123122326, -0.6073419451713562, 0.09432985633611679, -0.7888203859329224, 2.1872092258993443, 0.0, 0.0, 0.0, 1.0, 4.2647, 0.0, 0.5, 0.0, 4.2647, 0.5, 0.0, 0.0, 1.0]], ["frame17_mirror.png", [0.7876908779144287, 0.05765451863408089, 0.6133669018745422, -1.5793487504439936, 0.10333786904811859, -0.9938700795173645, -0.03928676247596741, 0.10850496123122326, 0.6073419451713562, 0.09432985633611679, -0.7888203859329224, 2.1872092258993443, 0.0, 0.0, 0.0, 1.0, 4.2647, 0.0, 0.5, 0.0, 4.2647, 0.5, 0.0, 0.0, 1.0]], ["frame18.png", [0.7993491291999817, -0.048005521297454834, -0.5989460945129395, 1.540724483369629, -0.0926297977566719, -0.9947325587272644, -0.043895259499549866, 0.11915610446016539, -0.5936838984489441, 0.09056789427995682, -0.7995854020118713, 2.2140392700029667, 0.0, 0.0, 0.0, 1.0, 4.2647, 0.0, 0.5, 0.0, 4.2647, 0.5, 0.0, 0.0, 1.0]], ["frame18_mirror.png", [0.7993491291999817, 0.048005521297454834, 0.5989460945129395, -1.540724483369629, 0.0926297977566719, -0.9947325587272644, -0.043895259499549866, 0.11915610446016539, 0.5936838984489441, 0.09056789427995682, -0.7995854020118713, 2.2140392700029667, 0.0, 0.0, 0.0, 1.0, 4.2647, 0.0, 0.5, 0.0, 4.2647, 0.5, 0.0, 0.0, 1.0]], ["frame19.png", [0.7983945608139038, -0.04853169247508049, -0.600175678730011, 1.5442447490276796, -0.08913838863372803, -0.9952904582023621, -0.03809630125761032, 0.10396770557663523, -0.5955002903938293, 0.08391456305980682, -0.7989605069160461, 2.2123514348533257, 0.0, 0.0, 0.0, 1.0, 4.2647, 0.0, 0.5, 0.0, 4.2647, 0.5, 0.0, 0.0, 1.0]], ["frame19_mirror.png", [0.7983945608139038, 0.04853169247508049, 0.600175678730011, -1.5442447490276796, 0.08913838863372803, -0.9952904582023621, -0.03809630125761032, 0.10396770557663523, 0.5955002903938293, 0.08391456305980682, -0.7989605069160461, 2.2123514348533257, 0.0, 0.0, 0.0, 1.0, 4.2647, 0.0, 0.5, 0.0, 4.2647, 0.5, 0.0, 0.0, 1.0]], ["frame2.png", [0.7491938471794128, -0.15490123629570007, -0.6439830660820007, 1.6630432464299614, -0.20928891003131866, -0.9778187870979309, -0.008280686102807522, 0.032001522633150675, -0.6284160614013672, 0.14098234474658966, -0.7649949193000793, 2.1267964319729464, 0.0, 0.0, 0.0, 1.0, 4.2647, 0.0, 0.5, 0.0, 4.2647, 0.5, 0.0, 0.0, 1.0]], ["frame2_mirror.png", [0.7491938471794128, 0.15490123629570007, 0.6439830660820007, -1.6630432464299614, 0.20928891003131866, -0.9778187870979309, -0.008280686102807522, 0.032001522633150675, 0.6284160614013672, 0.14098234474658966, -0.7649949193000793, 2.1267964319729464, 0.0, 0.0, 0.0, 1.0, 4.2647, 0.0, 0.5, 0.0, 4.2647, 0.5, 0.0, 0.0, 1.0]], ["frame20.png", [0.8039709329605103, -0.04864049330353737, -0.592676043510437, 1.5234970368259988, -0.09308543801307678, -0.9946568608283997, -0.04464053735136986, 0.11927523684575525, -0.5873379707336426, 0.09105919301509857, -0.8042029142379761, 2.2259223249380895, 0.0, 0.0, 0.0, 1.0, 4.2647, 0.0, 0.5, 0.0, 4.2647, 0.5, 0.0, 0.0, 1.0]], ["frame20_mirror.png", [0.8039709329605103, 0.04864049330353737, 0.592676043510437, -1.5234970368259988, 0.09308543801307678, -0.9946568608283997, -0.04464053735136986, 0.11927523684575525, 0.5873379707336426, 0.09105919301509857, -0.8042029142379761, 2.2259223249380895, 0.0, 0.0, 0.0, 1.0, 4.2647, 0.0, 0.5, 0.0, 4.2647, 0.5, 0.0, 0.0, 1.0]], ["frame21.png", [0.805025041103363, -0.04773451387882233, -0.5913172364234924, 1.5205412297102754, -0.09319145977497101, -0.9945577383041382, -0.046585358679294586, 0.12577413609819807, -0.585875391960144, 0.09260809421539307, -0.8050923943519592, 2.2275850680591116, 0.0, 0.0, 0.0, 1.0, 4.2647, 0.0, 0.5, 0.0, 4.2647, 0.5, 0.0, 0.0, 1.0]], ["frame21_mirror.png", [0.805025041103363, 0.04773451387882233, 0.5913172364234924, -1.5205412297102754, 0.09319145977497101, -0.9945577383041382, -0.046585358679294586, 0.12577413609819807, 0.585875391960144, 0.09260809421539307, -0.8050923943519592, 2.2275850680591116, 0.0, 0.0, 0.0, 1.0, 4.2647, 0.0, 0.5, 0.0, 4.2647, 0.5, 0.0, 0.0, 1.0]], ["frame22.png", [0.8022431135177612, -0.047529950737953186, -0.5951023697853088, 1.5307580063356487, -0.09433098137378693, -0.9943953156471252, -0.04774441942572594, 0.12985437579712647, -0.5894977450370789, 0.09443922340869904, -0.8022304177284241, 2.2203418131282513, 0.0, 0.0, 0.0, 1.0, 4.2647, 0.0, 0.5, 0.0, 4.2647, 0.5, 0.0, 0.0, 1.0]], ["frame22_mirror.png", [0.8022431135177612, 0.047529950737953186, 0.5951023697853088, -1.5307580063356487, 0.09433098137378693, -0.9943953156471252, -0.04774441942572594, 0.12985437579712647, 0.5894977450370789, 0.09443922340869904, -0.8022304177284241, 2.2203418131282513, 0.0, 0.0, 0.0, 1.0, 4.2647, 0.0, 0.5, 0.0, 4.2647, 0.5, 0.0, 0.0, 1.0]], ["frame23.png", [0.8099187612533569, -0.04304565116763115, -0.584960401058197, 1.5044186660614116, -0.0911567360162735, -0.9944232702255249, -0.053035981953144073, 0.14272238963829245, -0.5794153213500977, 0.09627791494131088, -0.8093259334564209, 2.237488502026757, 0.0, 0.0, 0.0, 1.0, 4.2647, 0.0, 0.5, 0.0, 4.2647, 0.5, 0.0, 0.0, 1.0]], ["frame23_mirror.png", [0.8099187612533569, 0.04304565116763115, 0.584960401058197, -1.5044186660614116, 0.0911567360162735, -0.9944232702255249, -0.053035981953144073, 0.14272238963829245, 0.5794153213500977, 0.09627791494131088, -0.8093259334564209, 2.237488502026757, 0.0, 0.0, 0.0, 1.0, 4.2647, 0.0, 0.5, 0.0, 4.2647, 0.5, 0.0, 0.0, 1.0]], ["frame24.png", [0.8041999936103821, -0.03988936170935631, -0.5930187106132507, 1.5257951302405528, -0.09030114114284515, -0.9943628311157227, -0.055572737008333206, 0.15159339846101821, -0.5874589681625366, 0.09824186563491821, -0.8032686114311218, 2.2223790545443087, 0.0, 0.0, 0.0, 1.0, 4.2647, 0.0, 0.5, 0.0, 4.2647, 0.5, 0.0, 0.0, 1.0]], ["frame24_mirror.png", [0.8041999936103821, 0.03988936170935631, 0.5930187106132507, -1.5257951302405528, 0.09030114114284515, -0.9943628311157227, -0.055572737008333206, 0.15159339846101821, 0.5874589681625366, 0.09824186563491821, -0.8032686114311218, 2.2223790545443087, 0.0, 0.0, 0.0, 1.0, 4.2647, 0.0, 0.5, 0.0, 4.2647, 0.5, 0.0, 0.0, 1.0]], ["frame25.png", [0.800825297832489, -0.037861768156290054, -0.5977000594139099, 1.5370056322752474, -0.08931038528680801, -0.9943903088569641, -0.0566716305911541, 0.1545258077493394, -0.5922014713287354, 0.09876489639282227, -0.7997142672538757, 2.2144379560271226, 0.0, 0.0, 0.0, 1.0, 4.2647, 0.0, 0.5, 0.0, 4.2647, 0.5, 0.0, 0.0, 1.0]], ["frame25_mirror.png", [0.800825297832489, 0.037861768156290054, 0.5977000594139099, -1.5370056322752474, 0.08931038528680801, -0.9943903088569641, -0.0566716305911541, 0.1545258077493394, 0.5922014713287354, 0.09876489639282227, -0.7997142672538757, 2.2144379560271226, 0.0, 0.0, 0.0, 1.0, 4.2647, 0.0, 0.5, 0.0, 4.2647, 0.5, 0.0, 0.0, 1.0]], ["frame26.png", [0.8043583631515503, -0.03599221259355545, -0.5930533409118652, 1.5249793262388927, -0.0860849916934967, -0.9946906566619873, -0.05638962984085083, 0.1519744180947123, -0.5878750681877136, 0.09641046077013016, -0.8031861186027527, 2.222912915700646, 0.0, 0.0, 0.0, 1.0, 4.2647, 0.0, 0.5, 0.0, 4.2647, 0.5, 0.0, 0.0, 1.0]], ["frame26_mirror.png", [0.8043583631515503, 0.03599221259355545, 0.5930533409118652, -1.5249793262388927, 0.0860849916934967, -0.9946906566619873, -0.05638962984085083, 0.1519744180947123, 0.5878750681877136, 0.09641046077013016, -0.8031861186027527, 2.222912915700646, 0.0, 0.0, 0.0, 1.0, 4.2647, 0.0, 0.5, 0.0, 4.2647, 0.5, 0.0, 0.0, 1.0]], ["frame27.png", [0.7976111173629761, -0.0348682627081871, -0.6021633744239807, 1.5478449089209094, -0.08576670289039612, -0.9947399497032166, -0.056004103273153305, 0.15273962133666322, -0.5970432758331299, 0.09631507098674774, -0.7964061498641968, 2.206999489352355, 0.0, 0.0, 0.0, 1.0, 4.2647, 0.0, 0.5, 0.0, 4.2647, 0.5, 0.0, 0.0, 1.0]], ["frame27_mirror.png", [0.7976111173629761, 0.0348682627081871, 0.6021633744239807, -1.5478449089209094, 0.08576670289039612, -0.9947399497032166, -0.056004103273153305, 0.15273962133666322, 0.5970432758331299, 0.09631507098674774, -0.7964061498641968, 2.206999489352355, 0.0, 0.0, 0.0, 1.0, 4.2647, 0.0, 0.5, 0.0, 4.2647, 0.5, 0.0, 0.0, 1.0]], ["frame28.png", [0.8067339062690735, -0.0326392725110054, -0.590012788772583, 1.5170109527367555, -0.08475154638290405, -0.9945414662361145, -0.060864489525556564, 0.163465974659808, -0.5848056674003601, 0.09910593926906586, -0.8050965666770935, 2.227544981454974, 0.0, 0.0, 0.0, 1.0, 4.2647, 0.0, 0.5, 0.0, 4.2647, 0.5, 0.0, 0.0, 1.0]], ["frame28_mirror.png", [0.8067339062690735, 0.0326392725110054, 0.590012788772583, -1.5170109527367555, 0.08475154638290405, -0.9945414662361145, -0.060864489525556564, 0.163465974659808, 0.5848056674003601, 0.09910593926906586, -0.8050965666770935, 2.227544981454974, 0.0, 0.0, 0.0, 1.0, 4.2647, 0.0, 0.5, 0.0, 4.2647, 0.5, 0.0, 0.0, 1.0]], ["frame29.png", [0.8097708225250244, -0.0332588255405426, -0.5858029127120972, 1.5054710920702348, -0.08957230299711227, -0.9936970472335815, -0.0674012303352356, 0.1781119418925997, -0.5798689723014832, 0.10705126821994781, -0.8076459169387817, 2.234241018130341, 0.0, 0.0, 0.0, 1.0, 4.2647, 0.0, 0.5, 0.0, 4.2647, 0.5, 0.0, 0.0, 1.0]], ["frame29_mirror.png", [0.8097708225250244, 0.0332588255405426, 0.5858029127120972, -1.5054710920702348, 0.08957230299711227, -0.9936970472335815, -0.0674012303352356, 0.1781119418925997, 0.5798689723014832, 0.10705126821994781, -0.8076459169387817, 2.234241018130341, 0.0, 0.0, 0.0, 1.0, 4.2647, 0.0, 0.5, 0.0, 4.2647, 0.5, 0.0, 0.0, 1.0]], ["frame3.png", [0.7488970756530762, -0.146441251039505, -0.6463034152984619, 1.6715918009431432, -0.2020116150379181, -0.9793073534965515, -0.01218454074114561, 0.04093342918187021, -0.6311453580856323, 0.1396857649087906, -0.7629832029342651, 2.1199304954160816, 0.0, 0.0, 0.0, 1.0, 4.2647, 0.0, 0.5, 0.0, 4.2647, 0.5, 0.0, 0.0, 1.0]], ["frame3_mirror.png", [0.7488970756530762, 0.146441251039505, 0.6463034152984619, -1.6715918009431432, 0.2020116150379181, -0.9793073534965515, -0.01218454074114561, 0.04093342918187021, 0.6311453580856323, 0.1396857649087906, -0.7629832029342651, 2.1199304954160816, 0.0, 0.0, 0.0, 1.0, 4.2647, 0.0, 0.5, 0.0, 4.2647, 0.5, 0.0, 0.0, 1.0]], ["frame30.png", [0.8064314126968384, -0.03555746376514435, -0.5902576446533203, 1.5156288373915283, -0.0928342193365097, -0.9934254884719849, -0.06698894500732422, 0.17424256768925855, -0.5839951038360596, 0.10881808400154114, -0.8044304847717285, 2.227668906025368, 0.0, 0.0, 0.0, 1.0, 4.2647, 0.0, 0.5, 0.0, 4.2647, 0.5, 0.0, 0.0, 1.0]], ["frame30_mirror.png", [0.8064314126968384, 0.03555746376514435, 0.5902576446533203, -1.5156288373915283, 0.0928342193365097, -0.9934254884719849, -0.06698894500732422, 0.17424256768925855, 0.5839951038360596, 0.10881808400154114, -0.8044304847717285, 2.227668906025368, 0.0, 0.0, 0.0, 1.0, 4.2647, 0.0, 0.5, 0.0, 4.2647, 0.5, 0.0, 0.0, 1.0]], ["frame31.png", [0.7991519570350647, -0.032236773520708084, -0.6002640724182129, 1.5410122015643182, -0.09207427501678467, -0.9933422803878784, -0.06923483312129974, 0.18077522072810473, -0.594035804271698, 0.11059803515672684, -0.7967996001243591, 2.2096609953114075, 0.0, 0.0, 0.0, 1.0, 4.2647, 0.0, 0.5, 0.0, 4.2647, 0.5, 0.0, 0.0, 1.0]], ["frame31_mirror.png", [0.7991519570350647, 0.032236773520708084, 0.6002640724182129, -1.5410122015643182, 0.09207427501678467, -0.9933422803878784, -0.06923483312129974, 0.18077522072810473, 0.594035804271698, 0.11059803515672684, -0.7967996001243591, 2.2096609953114075, 0.0, 0.0, 0.0, 1.0, 4.2647, 0.0, 0.5, 0.0, 4.2647, 0.5, 0.0, 0.0, 1.0]], ["frame32.png", [0.797924280166626, -0.03285003453493118, -0.6018618941307068, 1.5462376600524546, -0.09377411752939224, -0.9931213855743408, -0.07011669874191284, 0.18342987021825866, -0.5954186320304871, 0.11238688230514526, -0.7955161333084106, 2.205788426242921, 0.0, 0.0, 0.0, 1.0, 4.2647, 0.0, 0.5, 0.0, 4.2647, 0.5, 0.0, 0.0, 1.0]], ["frame32_mirror.png", [0.797924280166626, 0.03285003453493118, 0.6018618941307068, -1.5462376600524546, 0.09377411752939224, -0.9931213855743408, -0.07011669874191284, 0.18342987021825866, 0.5954186320304871, 0.11238688230514526, -0.7955161333084106, 2.205788426242921, 0.0, 0.0, 0.0, 1.0, 4.2647, 0.0, 0.5, 0.0, 4.2647, 0.5, 0.0, 0.0, 1.0]], ["frame33.png", [0.7984601855278015, -0.030075713992118835, -0.6012958884239197, 1.5452608662216354, -0.09800302982330322, -0.9919230937957764, -0.08052396029233932, 0.20959456420066694, -0.5940174460411072, 0.12322400510311127, -0.7949585914611816, 2.2041413235048006, 0.0, 0.0, 0.0, 1.0, 4.2647, 0.0, 0.5, 0.0, 4.2647, 0.5, 0.0, 0.0, 1.0]], ["frame33_mirror.png", [0.7984601855278015, 0.030075713992118835, 0.6012958884239197, -1.5452608662216354, 0.09800302982330322, -0.9919230937957764, -0.08052396029233932, 0.20959456420066694, 0.5940174460411072, 0.12322400510311127, -0.7949585914611816, 2.2041413235048006, 0.0, 0.0, 0.0, 1.0, 4.2647, 0.0, 0.5, 0.0, 4.2647, 0.5, 0.0, 0.0, 1.0]], ["frame34.png", [0.7992056608200073, -0.027497313916683197, -0.6004283428192139, 1.5423451993535897, -0.09911826252937317, -0.991305947303772, -0.08653426170349121, 0.22517415777030692, -0.5928287506103516, 0.12867209315299988, -0.7949827909469604, 2.204646884356624, 0.0, 0.0, 0.0, 1.0, 4.2647, 0.0, 0.5, 0.0, 4.2647, 0.5, 0.0, 0.0, 1.0]], ["frame34_mirror.png", [0.7992056608200073, 0.027497313916683197, 0.6004283428192139, -1.5423451993535897, 0.09911826252937317, -0.991305947303772, -0.08653426170349121, 0.22517415777030692, 0.5928287506103516, 0.12867209315299988, -0.7949827909469604, 2.204646884356624, 0.0, 0.0, 0.0, 1.0, 4.2647, 0.0, 0.5, 0.0, 4.2647, 0.5, 0.0, 0.0, 1.0]], ["frame35.png", [0.8036617040634155, -0.026616862043738365, -0.5944908857345581, 1.527326542310068, -0.09906971454620361, -0.9910423159599304, -0.0895557850599289, 0.23177074938604042, -0.586781919002533, 0.1308685839176178, -0.7990996837615967, 2.2143974243310995, 0.0, 0.0, 0.0, 1.0, 4.2647, 0.0, 0.5, 0.0, 4.2647, 0.5, 0.0, 0.0, 1.0]], ["frame35_mirror.png", [0.8036617040634155, 0.026616862043738365, 0.5944908857345581, -1.527326542310068, 0.09906971454620361, -0.9910423159599304, -0.0895557850599289, 0.23177074938604042, 0.586781919002533, 0.1308685839176178, -0.7990996837615967, 2.2143974243310995, 0.0, 0.0, 0.0, 1.0, 4.2647, 0.0, 0.5, 0.0, 4.2647, 0.5, 0.0, 0.0, 1.0]], ["frame36.png", [0.8001810908317566, -0.024374982342123985, -0.5992629528045654, 1.5395313843367546, -0.0964009016752243, -0.9914095401763916, -0.08839623630046844, 0.2295594776037842, -0.5919603705406189, 0.1285024881362915, -0.7956569790840149, 2.2061608198144653, 0.0, 0.0, 0.0, 1.0, 4.2647, 0.0, 0.5, 0.0, 4.2647, 0.5, 0.0, 0.0, 1.0]], ["frame36_mirror.png", [0.8001810908317566, 0.024374982342123985, 0.5992629528045654, -1.5395313843367546, 0.0964009016752243, -0.9914095401763916, -0.08839623630046844, 0.2295594776037842, 0.5919603705406189, 0.1285024881362915, -0.7956569790840149, 2.2061608198144653, 0.0, 0.0, 0.0, 1.0, 4.2647, 0.0, 0.5, 0.0, 4.2647, 0.5, 0.0, 0.0, 1.0]], ["frame37.png", [0.7969017028808594, -0.025216108188033104, -0.603582501411438, 1.5504500928229616, -0.09522125124931335, -0.9918818473815918, -0.0842810645699501, 0.22183170596236648, -0.5965572595596313, 0.12463759630918503, -0.7928335070610046, 2.199294251321341, 0.0, 0.0, 0.0, 1.0, 4.2647, 0.0, 0.5, 0.0, 4.2647, 0.5, 0.0, 0.0, 1.0]], ["frame37_mirror.png", [0.7969017028808594, 0.025216108188033104, 0.603582501411438, -1.5504500928229616, 0.09522125124931335, -0.9918818473815918, -0.0842810645699501, 0.22183170596236648, 0.5965572595596313, 0.12463759630918503, -0.7928335070610046, 2.199294251321341, 0.0, 0.0, 0.0, 1.0, 4.2647, 0.0, 0.5, 0.0, 4.2647, 0.5, 0.0, 0.0, 1.0]], ["frame38.png", [0.7995959520339966, -0.02302873507142067, -0.600096583366394, 1.5411693132546498, -0.0932735949754715, -0.9919004440307617, -0.08621776103973389, 0.22674173619404198, -0.593250572681427, 0.12491254508495331, -0.7952675819396973, 2.2053084439483523, 0.0, 0.0, 0.0, 1.0, 4.2647, 0.0, 0.5, 0.0, 4.2647, 0.5, 0.0, 0.0, 1.0]], ["frame38_mirror.png", [0.7995959520339966, 0.02302873507142067, 0.600096583366394, -1.5411693132546498, 0.0932735949754715, -0.9919004440307617, -0.08621776103973389, 0.22674173619404198, 0.593250572681427, 0.12491254508495331, -0.7952675819396973, 2.2053084439483523, 0.0, 0.0, 0.0, 1.0, 4.2647, 0.0, 0.5, 0.0, 4.2647, 0.5, 0.0, 0.0, 1.0]], ["frame39.png", [0.7978447079658508, -0.022866204380989075, -0.602429211139679, 1.548185737457249, -0.09066411107778549, -0.9924665093421936, -0.08240293711423874, 0.21651599064378943, -0.5960065722465515, 0.12036345899105072, -0.7939072847366333, 2.2014181220589366, 0.0, 0.0, 0.0, 1.0, 4.2647, 0.0, 0.5, 0.0, 4.2647, 0.5, 0.0, 0.0, 1.0]], ["frame39_mirror.png", [0.7978447079658508, 0.022866204380989075, 0.602429211139679, -1.548185737457249, 0.09066411107778549, -0.9924665093421936, -0.08240293711423874, 0.21651599064378943, 0.5960065722465515, 0.12036345899105072, -0.7939072847366333, 2.2014181220589366, 0.0, 0.0, 0.0, 1.0, 4.2647, 0.0, 0.5, 0.0, 4.2647, 0.5, 0.0, 0.0, 1.0]], ["frame4.png", [0.756828784942627, -0.14583797752857208, -0.6371353268623352, 1.6450141327964267, -0.19848786294460297, -0.9800364375114441, -0.011449353769421577, 0.04142272295529094, -0.6227460503578186, 0.13512882590293884, -0.7706668972969055, 2.1406103477566836, 0.0, 0.0, 0.0, 1.0, 4.2647, 0.0, 0.5, 0.0, 4.2647, 0.5, 0.0, 0.0, 1.0]], ["frame4_mirror.png", [0.756828784942627, 0.14583797752857208, 0.6371353268623352, -1.6450141327964267, 0.19848786294460297, -0.9800364375114441, -0.011449353769421577, 0.04142272295529094, 0.6227460503578186, 0.13512882590293884, -0.7706668972969055, 2.1406103477566836, 0.0, 0.0, 0.0, 1.0, 4.2647, 0.0, 0.5, 0.0, 4.2647, 0.5, 0.0, 0.0, 1.0]], ["frame40.png", [0.7956069707870483, -0.01855331100523472, -0.6055289506912231, 1.5555481155910889, -0.09454028308391571, -0.9910874366760254, -0.09385010600090027, 0.24458501785534587, -0.5983908772468567, 0.1319146752357483, -0.7902700901031494, 2.193273405009442, 0.0, 0.0, 0.0, 1.0, 4.2647, 0.0, 0.5, 0.0, 4.2647, 0.5, 0.0, 0.0, 1.0]], ["frame40_mirror.png", [0.7956069707870483, 0.01855331100523472, 0.6055289506912231, -1.5555481155910889, 0.09454028308391571, -0.9910874366760254, -0.09385010600090027, 0.24458501785534587, 0.5983908772468567, 0.1319146752357483, -0.7902700901031494, 2.193273405009442, 0.0, 0.0, 0.0, 1.0, 4.2647, 0.0, 0.5, 0.0, 4.2647, 0.5, 0.0, 0.0, 1.0]], ["frame41.png", [0.7964606285095215, -0.023014899343252182, -0.6042522192001343, 1.5532993491679894, -0.10174893587827682, -0.9901280999183655, -0.09640233218669891, 0.25567263386284816, -0.5960683822631836, 0.13826268911361694, -0.7909398078918457, 2.19360266141522, 0.0, 0.0, 0.0, 1.0, 4.2647, 0.0, 0.5, 0.0, 4.2647, 0.5, 0.0, 0.0, 1.0]], ["frame41_mirror.png", [0.7964606285095215, 0.023014899343252182, 0.6042522192001343, -1.5532993491679894, 0.10174893587827682, -0.9901280999183655, -0.09640233218669891, 0.25567263386284816, 0.5960683822631836, 0.13826268911361694, -0.7909398078918457, 2.19360266141522, 0.0, 0.0, 0.0, 1.0, 4.2647, 0.0, 0.5, 0.0, 4.2647, 0.5, 0.0, 0.0, 1.0]], ["frame42.png", [0.7817690968513489, -0.02540292777121067, -0.6230503916740417, 1.6007128591804622, -0.11020256578922272, -0.9890709519386292, -0.0979498028755188, 0.25702489457687544, -0.6137527823448181, 0.14523588120937347, -0.7760245203971863, 2.1590869704627593, 0.0, 0.0, 0.0, 1.0, 4.2647, 0.0, 0.5, 0.0, 4.2647, 0.5, 0.0, 0.0, 1.0]], ["frame42_mirror.png", [0.7817690968513489, 0.02540292777121067, 0.6230503916740417, -1.6007128591804622, 0.11020256578922272, -0.9890709519386292, -0.0979498028755188, 0.25702489457687544, 0.6137527823448181, 0.14523588120937347, -0.7760245203971863, 2.1590869704627593, 0.0, 0.0, 0.0, 1.0, 4.2647, 0.0, 0.5, 0.0, 4.2647, 0.5, 0.0, 0.0, 1.0]], ["frame43.png", [0.7890623807907104, -0.0217728428542614, -0.6139270663261414, 1.5772358113733087, -0.09981777518987656, -0.9906349778175354, -0.09316010773181915, 0.24558380574973931, -0.6061492562294006, 0.13478997349739075, -0.7838460803031921, 2.1776169979303193, 0.0, 0.0, 0.0, 1.0, 4.2647, 0.0, 0.5, 0.0, 4.2647, 0.5, 0.0, 0.0, 1.0]], ["frame43_mirror.png", [0.7890623807907104, 0.0217728428542614, 0.6139270663261414, -1.5772358113733087, 0.09981777518987656, -0.9906349778175354, -0.09316010773181915, 0.24558380574973931, 0.6061492562294006, 0.13478997349739075, -0.7838460803031921, 2.1776169979303193, 0.0, 0.0, 0.0, 1.0, 4.2647, 0.0, 0.5, 0.0, 4.2647, 0.5, 0.0, 0.0, 1.0]], ["frame44.png", [0.800687849521637, -0.013150320388376713, -0.598937451839447, 1.5398584358085152, -0.09030497819185257, -0.9909847378730774, -0.09896580874919891, 0.2615135883204659, -0.5922364592552185, 0.13332775235176086, -0.7946569323539734, 2.202372956788452, 0.0, 0.0, 0.0, 1.0, 4.2647, 0.0, 0.5, 0.0, 4.2647, 0.5, 0.0, 0.0, 1.0]], ["frame44_mirror.png", [0.800687849521637, 0.013150320388376713, 0.598937451839447, -1.5398584358085152, 0.09030497819185257, -0.9909847378730774, -0.09896580874919891, 0.2615135883204659, 0.5922364592552185, 0.13332775235176086, -0.7946569323539734, 2.202372956788452, 0.0, 0.0, 0.0, 1.0, 4.2647, 0.0, 0.5, 0.0, 4.2647, 0.5, 0.0, 0.0, 1.0]], ["frame45.png", [0.8066927194595337, -0.002735476242378354, -0.5909648537635803, 1.5198703987073494, -0.07689756155014038, -0.9919734597206116, -0.10037682950496674, 0.2640879707579984, -0.585946798324585, 0.12641701102256775, -0.800428032875061, 2.2159087334170797, 0.0, 0.0, 0.0, 1.0, 4.2647, 0.0, 0.5, 0.0, 4.2647, 0.5, 0.0, 0.0, 1.0]], ["frame45_mirror.png", [0.8066927194595337, 0.002735476242378354, 0.5909648537635803, -1.5198703987073494, 0.07689756155014038, -0.9919734597206116, -0.10037682950496674, 0.2640879707579984, 0.585946798324585, 0.12641701102256775, -0.800428032875061, 2.2159087334170797, 0.0, 0.0, 0.0, 1.0, 4.2647, 0.0, 0.5, 0.0, 4.2647, 0.5, 0.0, 0.0, 1.0]], ["frame46.png", [0.803775429725647, 0.008288486860692501, -0.5948750972747803, 1.532988512322544, -0.06998293101787567, -0.9916436672210693, -0.10837534070014954, 0.2853247941988961, -0.5908023715019226, 0.12874053418636322, -0.796478807926178, 2.204208697674173, 0.0, 0.0, 0.0, 1.0, 4.2647, 0.0, 0.5, 0.0, 4.2647, 0.5, 0.0, 0.0, 1.0]], ["frame46_mirror.png", [0.803775429725647, -0.008288486860692501, 0.5948750972747803, -1.532988512322544, 0.06998293101787567, -0.9916436672210693, -0.10837534070014954, 0.2853247941988961, 0.5908023715019226, 0.12874053418636322, -0.796478807926178, 2.204208697674173, 0.0, 0.0, 0.0, 1.0, 4.2647, 0.0, 0.5, 0.0, 4.2647, 0.5, 0.0, 0.0, 1.0]], ["frame47.png", [0.8099578022956848, 0.012668484821915627, -0.5863513350486755, 1.5055564296934307, -0.05875953286886215, -0.9929834604263306, -0.1026216372847557, 0.27101936733260074, -0.583537220954895, 0.11757291853427887, -0.8035302758216858, 2.2248254627137403, 0.0, 0.0, 0.0, 1.0, 4.2647, 0.0, 0.5, 0.0, 4.2647, 0.5, 0.0, 0.0, 1.0]], ["frame47_mirror.png", [0.8099578022956848, -0.012668484821915627, 0.5863513350486755, -1.5055564296934307, 0.05875953286886215, -0.9929834604263306, -0.1026216372847557, 0.27101936733260074, 0.583537220954895, 0.11757291853427887, -0.8035302758216858, 2.2248254627137403, 0.0, 0.0, 0.0, 1.0, 4.2647, 0.0, 0.5, 0.0, 4.2647, 0.5, 0.0, 0.0, 1.0]], ["frame48.png", [0.8179166316986084, 0.013835752382874489, -0.5751703977584839, 1.4780694851225713, -0.04788050428032875, -0.9946058988571167, -0.0920133963227272, 0.24224177808211603, -0.5733410120010376, 0.10279873013496399, -0.8128422498703003, 2.2464704578741093, 0.0, 0.0, 0.0, 1.0, 4.2647, 0.0, 0.5, 0.0, 4.2647, 0.5, 0.0, 0.0, 1.0]], ["frame48_mirror.png", [0.8179166316986084, -0.013835752382874489, 0.5751703977584839, -1.4780694851225713, 0.04788050428032875, -0.9946058988571167, -0.0920133963227272, 0.24224177808211603, 0.5733410120010376, 0.10279873013496399, -0.8128422498703003, 2.2464704578741093, 0.0, 0.0, 0.0, 1.0, 4.2647, 0.0, 0.5, 0.0, 4.2647, 0.5, 0.0, 0.0, 1.0]], ["frame49.png", [0.8192523717880249, 0.014657039195299149, -0.5732458233833313, 1.4758400491868666, -0.04724578559398651, -0.9945492148399353, -0.09295029938220978, 0.24104084362777567, -0.5714835524559021, 0.10323319584131241, -0.8140942454338074, 2.2480648257822367, 0.0, 0.0, 0.0, 1.0, 4.2647, 0.0, 0.5, 0.0, 4.2647, 0.5, 0.0, 0.0, 1.0]], ["frame49_mirror.png", [0.8192523717880249, -0.014657039195299149, 0.5732458233833313, -1.4758400491868666, 0.04724578559398651, -0.9945492148399353, -0.09295029938220978, 0.24104084362777567, 0.5714835524559021, 0.10323319584131241, -0.8140942454338074, 2.2480648257822367, 0.0, 0.0, 0.0, 1.0, 4.2647, 0.0, 0.5, 0.0, 4.2647, 0.5, 0.0, 0.0, 1.0]], ["frame5.png", [0.7621393203735352, -0.13128581643104553, -0.6339619755744934, 1.6355718998618216, -0.18302738666534424, -0.9829698204994202, -0.01647157594561577, 0.05196865690751432, -0.6210030317306519, 0.1285860240459442, -0.7731888294219971, 2.1476042044756807, 0.0, 0.0, 0.0, 1.0, 4.2647, 0.0, 0.5, 0.0, 4.2647, 0.5, 0.0, 0.0, 1.0]], ["frame5_mirror.png", [0.7621393203735352, 0.13128581643104553, 0.6339619755744934, -1.6355718998618216, 0.18302738666534424, -0.9829698204994202, -0.01647157594561577, 0.05196865690751432, 0.6210030317306519, 0.1285860240459442, -0.7731888294219971, 2.1476042044756807, 0.0, 0.0, 0.0, 1.0, 4.2647, 0.0, 0.5, 0.0, 4.2647, 0.5, 0.0, 0.0, 1.0]], ["frame6.png", [0.7653142213821411, -0.12132856249809265, -0.632118284702301, 1.6330778026375696, -0.17208074033260345, -0.9848937392234802, -0.019300321117043495, 0.0607426962849584, -0.6202276349067688, 0.12354619801044464, -0.7746315002441406, 2.149271321955532, 0.0, 0.0, 0.0, 1.0, 4.2647, 0.0, 0.5, 0.0, 4.2647, 0.5, 0.0, 0.0, 1.0]], ["frame6_mirror.png", [0.7653142213821411, 0.12132856249809265, 0.632118284702301, -1.6330778026375696, 0.17208074033260345, -0.9848937392234802, -0.019300321117043495, 0.0607426962849584, 0.6202276349067688, 0.12354619801044464, -0.7746315002441406, 2.149271321955532, 0.0, 0.0, 0.0, 1.0, 4.2647, 0.0, 0.5, 0.0, 4.2647, 0.5, 0.0, 0.0, 1.0]], ["frame7.png", [0.7636906504631042, -0.11302953213453293, -0.6356106400489807, 1.6411882033529006, -0.1675095558166504, -0.9855273365974426, -0.026009313762187958, 0.07513176007930927, -0.6234718561172485, 0.12633392214775085, -0.7715715169906616, 2.142628409174737, 0.0, 0.0, 0.0, 1.0, 4.2647, 0.0, 0.5, 0.0, 4.2647, 0.5, 0.0, 0.0, 1.0]], ["frame7_mirror.png", [0.7636906504631042, 0.11302953213453293, 0.6356106400489807, -1.6411882033529006, 0.1675095558166504, -0.9855273365974426, -0.026009313762187958, 0.07513176007930927, 0.6234718561172485, 0.12633392214775085, -0.7715715169906616, 2.142628409174737, 0.0, 0.0, 0.0, 1.0, 4.2647, 0.0, 0.5, 0.0, 4.2647, 0.5, 0.0, 0.0, 1.0]], ["frame8.png", [0.7708129286766052, -0.11245989799499512, -0.6270568370819092, 1.6177648188670832, -0.16560405492782593, -0.9858290553092957, -0.026765527203679085, 0.07785280853352897, -0.6151607632637024, 0.12447436153888702, -0.7785135507583618, 2.1602721891093712, 0.0, 0.0, 0.0, 1.0, 4.2647, 0.0, 0.5, 0.0, 4.2647, 0.5, 0.0, 0.0, 1.0]], ["frame8_mirror.png", [0.7708129286766052, 0.11245989799499512, 0.6270568370819092, -1.6177648188670832, 0.16560405492782593, -0.9858290553092957, -0.026765527203679085, 0.07785280853352897, 0.6151607632637024, 0.12447436153888702, -0.7785135507583618, 2.1602721891093712, 0.0, 0.0, 0.0, 1.0, 4.2647, 0.0, 0.5, 0.0, 4.2647, 0.5, 0.0, 0.0, 1.0]], ["frame9.png", [0.7706285715103149, -0.11023441702127457, -0.6276782155036926, 1.6183373830994767, -0.16550645232200623, -0.9857498407363892, -0.030079809948801994, 0.08626410618041386, -0.6154178977012634, 0.12706515192985535, -0.7778915762901306, 2.1595237017563926, 0.0, 0.0, 0.0, 1.0, 4.2647, 0.0, 0.5, 0.0, 4.2647, 0.5, 0.0, 0.0, 1.0]], ["frame9_mirror.png", [0.7706285715103149, 0.11023441702127457, 0.6276782155036926, -1.6183373830994767, 0.16550645232200623, -0.9857498407363892, -0.030079809948801994, 0.08626410618041386, 0.6154178977012634, 0.12706515192985535, -0.7778915762901306, 2.1595237017563926, 0.0, 0.0, 0.0, 1.0, 4.2647, 0.0, 0.5, 0.0, 4.2647, 0.5, 0.0, 0.0, 1.0]]]}