{"labels": [["frame0.png", [0.9987684488296509, 0.021120009943842888, -0.044894132763147354, 0.11297450232035806, 0.021494047716259956, -0.9997380375862122, 0.007865159772336483, -0.012637384751654938, -0.04471626132726669, -0.008820430375635624, -0.9989607930183411, 2.697605801137762, 0.0, 0.0, 0.0, 1.0, 4.2647, 0.0, 0.5, 0.0, 4.2647, 0.5, 0.0, 0.0, 1.0]], ["frame0_mirror.png", [0.9987684488296509, -0.021120009943842888, 0.044894132763147354, -0.11297450232035806, -0.021494047716259956, -0.9997380375862122, 0.007865159772336483, -0.012637384751654938, 0.04471626132726669, -0.008820430375635624, -0.9989607930183411, 2.697605801137762, 0.0, 0.0, 0.0, 1.0, 4.2647, 0.0, 0.5, 0.0, 4.2647, 0.5, 0.0, 0.0, 1.0]], ["frame1.png", [0.9988670349121094, 0.018518319353461266, -0.043837882578372955, 0.11008752326466861, 0.01917530596256256, -0.9997093677520752, 0.014613939449191093, -0.026904319238489807, -0.04355451837182045, -0.015437987633049488, -0.9989317655563354, 2.697620598755089, 0.0, 0.0, 0.0, 1.0, 4.2647, 0.0, 0.5, 0.0, 4.2647, 0.5, 0.0, 0.0, 1.0]], ["frame1_mirror.png", [0.9988670349121094, -0.018518319353461266, 0.043837882578372955, -0.11008752326466861, -0.01917530596256256, -0.9997093677520752, 0.014613939449191093, -0.026904319238489807, 0.04355451837182045, -0.015437987633049488, -0.9989317655563354, 2.697620598755089, 0.0, 0.0, 0.0, 1.0, 4.2647, 0.0, 0.5, 0.0, 4.2647, 0.5, 0.0, 0.0, 1.0]], ["frame10.png", [0.9996903538703918, 0.009170669130980968, -0.023132380098104477, 0.05983873496120242, 0.009377624839544296, -0.9999167919158936, 0.008854040876030922, -0.007163400164631314, -0.023049257695674896, -0.009068225510418415, -0.9996932148933411, 2.6993273257417902, 0.0, 0.0, 0.0, 1.0, 4.2647, 0.0, 0.5, 0.0, 4.2647, 0.5, 0.0, 0.0, 1.0]], ["frame10_mirror.png", [0.9996903538703918, -0.009170669130980968, 0.023132380098104477, -0.05983873496120242, -0.009377624839544296, -0.9999167919158936, 0.008854040876030922, -0.007163400164631314, 0.023049257695674896, -0.009068225510418415, -0.9996932148933411, 2.6993273257417902, 0.0, 0.0, 0.0, 1.0, 4.2647, 0.0, 0.5, 0.0, 4.2647, 0.5, 0.0, 0.0, 1.0]], ["frame11.png", [0.9996067881584167, 0.008896087296307087, -0.026592334732413292, 0.0687819221529973, 0.00913472380489111, -0.9999189972877502, 0.008865936659276485, -0.009639010651525101, -0.026511307805776596, -0.009105364792048931, -0.9996070265769958, 2.6991065441472664, 0.0, 0.0, 0.0, 1.0, 4.2647, 0.0, 0.5, 0.0, 4.2647, 0.5, 0.0, 0.0, 1.0]], ["frame11_mirror.png", [0.9996067881584167, -0.008896087296307087, 0.026592334732413292, -0.0687819221529973, -0.00913472380489111, -0.9999189972877502, 0.008865936659276485, -0.009639010651525101, 0.026511307805776596, -0.009105364792048931, -0.9996070265769958, 2.6991065441472664, 0.0, 0.0, 0.0, 1.0, 4.2647, 0.0, 0.5, 0.0, 4.2647, 0.5, 0.0, 0.0, 1.0]], ["frame12.png", [0.9997291564941406, 0.008327232673764229, -0.021732481196522713, 0.05651256442132849, 0.008612141013145447, -0.9998777508735657, 0.013049332424998283, -0.020804052148569712, -0.021621158346533775, -0.013232961297035217, -0.9996786713600159, 2.699328346362614, 0.0, 0.0, 0.0, 1.0, 4.2647, 0.0, 0.5, 0.0, 4.2647, 0.5, 0.0, 0.0, 1.0]], ["frame12_mirror.png", [0.9997291564941406, -0.008327232673764229, 0.021732481196522713, -0.05651256442132849, -0.008612141013145447, -0.9998777508735657, 0.013049332424998283, -0.020804052148569712, 0.021621158346533775, -0.013232961297035217, -0.9996786713600159, 2.699328346362614, 0.0, 0.0, 0.0, 1.0, 4.2647, 0.0, 0.5, 0.0, 4.2647, 0.5, 0.0, 0.0, 1.0]], ["frame13.png", [0.9997166991233826, 0.0033366174902766943, -0.02356724441051483, 0.060430724448107036, 0.0034721388947218657, -0.9999776482582092, 0.005711834412068129, -0.0012283404250608334, -0.023547660559415817, -0.005792045034468174, -0.9997059106826782, 2.699323363126856, 0.0, 0.0, 0.0, 1.0, 4.2647, 0.0, 0.5, 0.0, 4.2647, 0.5, 0.0, 0.0, 1.0]], ["frame13_mirror.png", [0.9997166991233826, -0.0033366174902766943, 0.02356724441051483, -0.060430724448107036, -0.0034721388947218657, -0.9999776482582092, 0.005711834412068129, -0.0012283404250608334, 0.023547660559415817, -0.005792045034468174, -0.9997059106826782, 2.699323363126856, 0.0, 0.0, 0.0, 1.0, 4.2647, 0.0, 0.5, 0.0, 4.2647, 0.5, 0.0, 0.0, 1.0]], ["frame14.png", [0.9998752474784851, -0.0005330952117219567, -0.01578785665333271, 0.04188698100996902, -0.00045239223982207477, -0.9999868869781494, 0.005114842671900988, 0.0020068207965752826, -0.01579037494957447, -0.00510706240311265, -0.9998623132705688, 2.6996743235976, 0.0, 0.0, 0.0, 1.0, 4.2647, 0.0, 0.5, 0.0, 4.2647, 0.5, 0.0, 0.0, 1.0]], ["frame14_mirror.png", [0.9998752474784851, 0.0005330952117219567, 0.01578785665333271, -0.04188698100996902, 0.00045239223982207477, -0.9999868869781494, 0.005114842671900988, 0.0020068207965752826, 0.01579037494957447, -0.00510706240311265, -0.9998623132705688, 2.6996743235976, 0.0, 0.0, 0.0, 1.0, 4.2647, 0.0, 0.5, 0.0, 4.2647, 0.5, 0.0, 0.0, 1.0]], ["frame15.png", [0.9998213052749634, -0.0058698151260614395, -0.01796821877360344, 0.047554997132419355, -0.00560971163213253, -0.9998793005943298, 0.014492109417915344, -0.02342146322533886, -0.018051115795969963, -0.014388724230229855, -0.9997335076332092, 2.699479571567105, 0.0, 0.0, 0.0, 1.0, 4.2647, 0.0, 0.5, 0.0, 4.2647, 0.5, 0.0, 0.0, 1.0]], ["frame15_mirror.png", [0.9998213052749634, 0.0058698151260614395, 0.01796821877360344, -0.047554997132419355, 0.00560971163213253, -0.9998793005943298, 0.014492109417915344, -0.02342146322533886, 0.018051115795969963, -0.014388724230229855, -0.9997335076332092, 2.699479571567105, 0.0, 0.0, 0.0, 1.0, 4.2647, 0.0, 0.5, 0.0, 4.2647, 0.5, 0.0, 0.0, 1.0]], ["frame16.png", [0.999767005443573, -0.007733017671853304, -0.020152147859334946, 0.05290186358075146, -0.007423180155456066, -0.9998537302017212, 0.015404625795781612, -0.02686054407032857, -0.02026832289993763, -0.015251443721354008, -0.9996781945228577, 2.6993480516602393, 0.0, 0.0, 0.0, 1.0, 4.2647, 0.0, 0.5, 0.0, 4.2647, 0.5, 0.0, 0.0, 1.0]], ["frame16_mirror.png", [0.999767005443573, 0.007733017671853304, 0.020152147859334946, -0.05290186358075146, 0.007423180155456066, -0.9998537302017212, 0.015404625795781612, -0.02686054407032857, 0.02026832289993763, -0.015251443721354008, -0.9996781945228577, 2.6993480516602393, 0.0, 0.0, 0.0, 1.0, 4.2647, 0.0, 0.5, 0.0, 4.2647, 0.5, 0.0, 0.0, 1.0]], ["frame17.png", [0.9998023509979248, -0.008344118483364582, -0.01804589107632637, 0.04848014079481323, -0.008166083134710789, -0.9999175071716309, 0.009916943497955799, -0.011006350938145093, -0.01812715269625187, -0.009767618961632252, -0.9997879862785339, 2.699542282718969, 0.0, 0.0, 0.0, 1.0, 4.2647, 0.0, 0.5, 0.0, 4.2647, 0.5, 0.0, 0.0, 1.0]], ["frame17_mirror.png", [0.9998023509979248, 0.008344118483364582, 0.01804589107632637, -0.04848014079481323, 0.008166083134710789, -0.9999175071716309, 0.009916943497955799, -0.011006350938145093, 0.01812715269625187, -0.009767618961632252, -0.9997879862785339, 2.699542282718969, 0.0, 0.0, 0.0, 1.0, 4.2647, 0.0, 0.5, 0.0, 4.2647, 0.5, 0.0, 0.0, 1.0]], ["frame18.png", [0.9997949004173279, -0.00667713163420558, -0.019120153039693832, 0.050029340066699304, -0.00642106169834733, -0.9998893141746521, 0.013422882184386253, -0.02069911121944495, -0.019207661971449852, -0.013297357596457005, -0.9997270703315735, 2.6994570957744846, 0.0, 0.0, 0.0, 1.0, 4.2647, 0.0, 0.5, 0.0, 4.2647, 0.5, 0.0, 0.0, 1.0]], ["frame18_mirror.png", [0.9997949004173279, 0.00667713163420558, 0.019120153039693832, -0.050029340066699304, 0.00642106169834733, -0.9998893141746521, 0.013422882184386253, -0.02069911121944495, 0.019207661971449852, -0.013297357596457005, -0.9997270703315735, 2.6994570957744846, 0.0, 0.0, 0.0, 1.0, 4.2647, 0.0, 0.5, 0.0, 4.2647, 0.5, 0.0, 0.0, 1.0]], ["frame19.png", [0.9997754693031311, -0.006904439069330692, -0.020032888278365135, 0.05140094813808306, -0.006613433826714754, -0.9998722076416016, 0.01455643493682146, -0.022906382522514823, -0.020130831748247147, -0.014420679770410061, -0.9996933341026306, 2.6994134992939185, 0.0, 0.0, 0.0, 1.0, 4.2647, 0.0, 0.5, 0.0, 4.2647, 0.5, 0.0, 0.0, 1.0]], ["frame19_mirror.png", [0.9997754693031311, 0.006904439069330692, 0.020032888278365135, -0.05140094813808306, 0.006613433826714754, -0.9998722076416016, 0.01455643493682146, -0.022906382522514823, 0.020130831748247147, -0.014420679770410061, -0.9996933341026306, 2.6994134992939185, 0.0, 0.0, 0.0, 1.0, 4.2647, 0.0, 0.5, 0.0, 4.2647, 0.5, 0.0, 0.0, 1.0]], ["frame2.png", [0.9988418817520142, 0.018273597583174706, -0.044508691877126694, 0.11344974680323902, 0.018970804288983345, -0.999703049659729, 0.015292777679860592, -0.027025879502314755, -0.04421602189540863, -0.01611943170428276, -0.9988919496536255, 2.6974800753272317, 0.0, 0.0, 0.0, 1.0, 4.2647, 0.0, 0.5, 0.0, 4.2647, 0.5, 0.0, 0.0, 1.0]], ["frame2_mirror.png", [0.9988418817520142, -0.018273597583174706, 0.044508691877126694, -0.11344974680323902, -0.018970804288983345, -0.999703049659729, 0.015292777679860592, -0.027025879502314755, 0.04421602189540863, -0.01611943170428276, -0.9988919496536255, 2.6974800753272317, 0.0, 0.0, 0.0, 1.0, 4.2647, 0.0, 0.5, 0.0, 4.2647, 0.5, 0.0, 0.0, 1.0]], ["frame20.png", [0.9997411370277405, -0.006190650165081024, -0.021891681477427483, 0.05568324106371012, -0.005740714259445667, -0.9997721910476685, 0.020556289702653885, -0.03974660387306634, -0.0220139492303133, -0.02042529545724392, -0.9995489716529846, 2.699133117159137, 0.0, 0.0, 0.0, 1.0, 4.2647, 0.0, 0.5, 0.0, 4.2647, 0.5, 0.0, 0.0, 1.0]], ["frame20_mirror.png", [0.9997411370277405, 0.006190650165081024, 0.021891681477427483, -0.05568324106371012, 0.005740714259445667, -0.9997721910476685, 0.020556289702653885, -0.03974660387306634, 0.0220139492303133, -0.02042529545724392, -0.9995489716529846, 2.699133117159137, 0.0, 0.0, 0.0, 1.0, 4.2647, 0.0, 0.5, 0.0, 4.2647, 0.5, 0.0, 0.0, 1.0]], ["frame21.png", [0.9998195171356201, -0.0037579338531941175, -0.01862368732690811, 0.04754897725134487, -0.0032734733540564775, -0.9996572732925415, 0.02597569301724434, -0.05190523608353729, -0.018714919686317444, -0.025910040363669395, -0.9994890689849854, 2.6990822405457493, 0.0, 0.0, 0.0, 1.0, 4.2647, 0.0, 0.5, 0.0, 4.2647, 0.5, 0.0, 0.0, 1.0]], ["frame21_mirror.png", [0.9998195171356201, 0.0037579338531941175, 0.01862368732690811, -0.04754897725134487, 0.0032734733540564775, -0.9996572732925415, 0.02597569301724434, -0.05190523608353729, 0.018714919686317444, -0.025910040363669395, -0.9994890689849854, 2.6990822405457493, 0.0, 0.0, 0.0, 1.0, 4.2647, 0.0, 0.5, 0.0, 4.2647, 0.5, 0.0, 0.0, 1.0]], ["frame22.png", [0.9996352791786194, -0.003641572082415223, -0.026759522035717964, 0.06786825996834181, -0.002785744844004512, -0.9994855523109436, 0.03195011988282204, -0.07181901327373297, -0.02686210535466671, -0.031863920390605927, -0.9991311430931091, 2.6981912327745152, 0.0, 0.0, 0.0, 1.0, 4.2647, 0.0, 0.5, 0.0, 4.2647, 0.5, 0.0, 0.0, 1.0]], ["frame22_mirror.png", [0.9996352791786194, 0.003641572082415223, 0.026759522035717964, -0.06786825996834181, 0.002785744844004512, -0.9994855523109436, 0.03195011988282204, -0.07181901327373297, 0.02686210535466671, -0.031863920390605927, -0.9991311430931091, 2.6981912327745152, 0.0, 0.0, 0.0, 1.0, 4.2647, 0.0, 0.5, 0.0, 4.2647, 0.5, 0.0, 0.0, 1.0]], ["frame23.png", [0.9997013807296753, 0.00046896887943148613, -0.02443051151931286, 0.06212054063232658, 0.0013632564805448055, -0.9993289709091187, 0.03660157695412636, -0.0844629464167623, -0.024396952241659164, -0.03662395477294922, -0.9990311861038208, 2.69796350033023, 0.0, 0.0, 0.0, 1.0, 4.2647, 0.0, 0.5, 0.0, 4.2647, 0.5, 0.0, 0.0, 1.0]], ["frame23_mirror.png", [0.9997013807296753, -0.00046896887943148613, 0.02443051151931286, -0.06212054063232658, -0.0013632564805448055, -0.9993289709091187, 0.03660157695412636, -0.0844629464167623, 0.024396952241659164, -0.03662395477294922, -0.9990311861038208, 2.69796350033023, 0.0, 0.0, 0.0, 1.0, 4.2647, 0.0, 0.5, 0.0, 4.2647, 0.5, 0.0, 0.0, 1.0]], ["frame24.png", [0.9998289942741394, -0.002334712538868189, -0.018343128263950348, 0.045238335754344036, -0.0018274955218657851, -0.999616801738739, 0.027619874104857445, -0.06348857548207053, -0.018400583416223526, -0.027581628412008286, -0.999450147151947, 2.6988743382679816, 0.0, 0.0, 0.0, 1.0, 4.2647, 0.0, 0.5, 0.0, 4.2647, 0.5, 0.0, 0.0, 1.0]], ["frame24_mirror.png", [0.9998289942741394, 0.002334712538868189, 0.018343128263950348, -0.045238335754344036, 0.0018274955218657851, -0.999616801738739, 0.027619874104857445, -0.06348857548207053, 0.018400583416223526, -0.027581628412008286, -0.999450147151947, 2.6988743382679816, 0.0, 0.0, 0.0, 1.0, 4.2647, 0.0, 0.5, 0.0, 4.2647, 0.5, 0.0, 0.0, 1.0]], ["frame25.png", [0.99982750415802, -0.000875126919709146, -0.018554702401161194, 0.047721227014738285, -0.00035586010199040174, -0.9996087551116943, 0.027970578521490097, -0.06679436102049226, -0.018571918830275536, -0.027959149330854416, -0.9994365572929382, 2.69875178514588, 0.0, 0.0, 0.0, 1.0, 4.2647, 0.0, 0.5, 0.0, 4.2647, 0.5, 0.0, 0.0, 1.0]], ["frame25_mirror.png", [0.99982750415802, 0.000875126919709146, 0.018554702401161194, -0.047721227014738285, 0.00035586010199040174, -0.9996087551116943, 0.027970578521490097, -0.06679436102049226, 0.018571918830275536, -0.027959149330854416, -0.9994365572929382, 2.69875178514588, 0.0, 0.0, 0.0, 1.0, 4.2647, 0.0, 0.5, 0.0, 4.2647, 0.5, 0.0, 0.0, 1.0]], ["frame26.png", [0.9998633861541748, -0.0005849984008818865, -0.016517311334609985, 0.04263274399999056, -0.00012391488417051733, -0.9996106624603271, 0.027902401983737946, -0.06631375687275196, -0.0165272019803524, -0.027896543964743614, -0.9994741678237915, 2.698848816586149, 0.0, 0.0, 0.0, 1.0, 4.2647, 0.0, 0.5, 0.0, 4.2647, 0.5, 0.0, 0.0, 1.0]], ["frame26_mirror.png", [0.9998633861541748, 0.0005849984008818865, 0.016517311334609985, -0.04263274399999056, 0.00012391488417051733, -0.9996106624603271, 0.027902401983737946, -0.06631375687275196, 0.0165272019803524, -0.027896543964743614, -0.9994741678237915, 2.698848816586149, 0.0, 0.0, 0.0, 1.0, 4.2647, 0.0, 0.5, 0.0, 4.2647, 0.5, 0.0, 0.0, 1.0]], ["frame27.png", [0.9997563362121582, 0.0027069617062807083, -0.021908333525061607, 0.05436138205804951, 0.0033540111035108566, -0.9995576739311218, 0.02955174818634987, -0.0721084210941414, -0.021818645298480988, -0.029618028551340103, -0.9993231296539307, 2.698489432209815, 0.0, 0.0, 0.0, 1.0, 4.2647, 0.0, 0.5, 0.0, 4.2647, 0.5, 0.0, 0.0, 1.0]], ["frame27_mirror.png", [0.9997563362121582, -0.0027069617062807083, 0.021908333525061607, -0.05436138205804951, -0.0033540111035108566, -0.9995576739311218, 0.02955174818634987, -0.0721084210941414, 0.021818645298480988, -0.029618028551340103, -0.9993231296539307, 2.698489432209815, 0.0, 0.0, 0.0, 1.0, 4.2647, 0.0, 0.5, 0.0, 4.2647, 0.5, 0.0, 0.0, 1.0]], ["frame28.png", [0.9998670816421509, 0.00020420363580342382, -0.01630265824496746, 0.040935999357967, 0.00061802938580513, -0.9996776580810547, 0.025382941588759422, -0.05989482027881015, -0.01629221998155117, -0.025389645248651505, -0.9995448589324951, 2.699025167437372, 0.0, 0.0, 0.0, 1.0, 4.2647, 0.0, 0.5, 0.0, 4.2647, 0.5, 0.0, 0.0, 1.0]], ["frame28_mirror.png", [0.9998670816421509, -0.00020420363580342382, 0.01630265824496746, -0.040935999357967, -0.00061802938580513, -0.9996776580810547, 0.025382941588759422, -0.05989482027881015, 0.01629221998155117, -0.025389645248651505, -0.9995448589324951, 2.699025167437372, 0.0, 0.0, 0.0, 1.0, 4.2647, 0.0, 0.5, 0.0, 4.2647, 0.5, 0.0, 0.0, 1.0]], ["frame29.png", [0.9998173117637634, 0.00036127647035755217, -0.019111478701233864, 0.04812216810582916, 0.0009800577536225319, -0.9994751811027527, 0.03237801790237427, -0.07932391055599301, -0.019089750945568085, -0.03239083290100098, -0.9992929697036743, 2.6984054502892816, 0.0, 0.0, 0.0, 1.0, 4.2647, 0.0, 0.5, 0.0, 4.2647, 0.5, 0.0, 0.0, 1.0]], ["frame29_mirror.png", [0.9998173117637634, -0.00036127647035755217, 0.019111478701233864, -0.04812216810582916, -0.0009800577536225319, -0.9994751811027527, 0.03237801790237427, -0.07932391055599301, 0.019089750945568085, -0.03239083290100098, -0.9992929697036743, 2.6984054502892816, 0.0, 0.0, 0.0, 1.0, 4.2647, 0.0, 0.5, 0.0, 4.2647, 0.5, 0.0, 0.0, 1.0]], ["frame3.png", [0.9989384412765503, 0.01679888181388378, -0.04289276897907257, 0.10850231941271095, 0.017373522743582726, -0.9997637867927551, 0.013059654273092747, -0.023301033586065386, -0.042663250118494034, -0.01379098929464817, -0.9989943504333496, 2.697718352333298, 0.0, 0.0, 0.0, 1.0, 4.2647, 0.0, 0.5, 0.0, 4.2647, 0.5, 0.0, 0.0, 1.0]], ["frame3_mirror.png", [0.9989384412765503, -0.01679888181388378, 0.04289276897907257, -0.10850231941271095, -0.017373522743582726, -0.9997637867927551, 0.013059654273092747, -0.023301033586065386, 0.042663250118494034, -0.01379098929464817, -0.9989943504333496, 2.697718352333298, 0.0, 0.0, 0.0, 1.0, 4.2647, 0.0, 0.5, 0.0, 4.2647, 0.5, 0.0, 0.0, 1.0]], ["frame30.png", [0.999818742275238, -0.0009117527515627444, -0.01901710219681263, 0.046708048538634445, -0.0003392077633179724, -0.9995471835136414, 0.03008836694061756, -0.07233057386551313, -0.01903592422604561, -0.030076462775468826, -0.999366283416748, 2.698626807523782, 0.0, 0.0, 0.0, 1.0, 4.2647, 0.0, 0.5, 0.0, 4.2647, 0.5, 0.0, 0.0, 1.0]], ["frame30_mirror.png", [0.999818742275238, 0.0009117527515627444, 0.01901710219681263, -0.046708048538634445, 0.0003392077633179724, -0.9995471835136414, 0.03008836694061756, -0.07233057386551313, 0.01903592422604561, -0.030076462775468826, -0.999366283416748, 2.698626807523782, 0.0, 0.0, 0.0, 1.0, 4.2647, 0.0, 0.5, 0.0, 4.2647, 0.5, 0.0, 0.0, 1.0]], ["frame31.png", [0.9997987151145935, 0.0008266939548775554, -0.020044563338160515, 0.0503689379305459, 0.0014188203494995832, -0.9995624423027039, 0.029544295743107796, -0.07170533808648027, -0.02001136727631092, -0.02956678904592991, -0.9993624091148376, 2.698577646572663, 0.0, 0.0, 0.0, 1.0, 4.2647, 0.0, 0.5, 0.0, 4.2647, 0.5, 0.0, 0.0, 1.0]], ["frame31_mirror.png", [0.9997987151145935, -0.0008266939548775554, 0.020044563338160515, -0.0503689379305459, -0.0014188203494995832, -0.9995624423027039, 0.029544295743107796, -0.07170533808648027, 0.02001136727631092, -0.02956678904592991, -0.9993624091148376, 2.698577646572663, 0.0, 0.0, 0.0, 1.0, 4.2647, 0.0, 0.5, 0.0, 4.2647, 0.5, 0.0, 0.0, 1.0]], ["frame32.png", [0.9998626708984375, 0.0007804087363183498, -0.016553785651922226, 0.04169107955096078, 0.0011921569239348173, -0.9996898174285889, 0.02487809583544731, -0.06027776985117452, -0.016529235988855362, -0.024894412606954575, -0.9995534420013428, 2.6990050841648383, 0.0, 0.0, 0.0, 1.0, 4.2647, 0.0, 0.5, 0.0, 4.2647, 0.5, 0.0, 0.0, 1.0]], ["frame32_mirror.png", [0.9998626708984375, -0.0007804087363183498, 0.016553785651922226, -0.04169107955096078, -0.0011921569239348173, -0.9996898174285889, 0.02487809583544731, -0.06027776985117452, 0.016529235988855362, -0.024894412606954575, -0.9995534420013428, 2.6990050841648383, 0.0, 0.0, 0.0, 1.0, 4.2647, 0.0, 0.5, 0.0, 4.2647, 0.5, 0.0, 0.0, 1.0]], ["frame33.png", [0.9998667240142822, -0.0012520249001681805, -0.01627914234995842, 0.04098732657770259, -0.0008698756573721766, -0.9997243881225586, 0.02346070110797882, -0.054416345841995103, -0.016304029151797295, -0.02344341203570366, -0.9995922446250916, 2.6991404002691706, 0.0, 0.0, 0.0, 1.0, 4.2647, 0.0, 0.5, 0.0, 4.2647, 0.5, 0.0, 0.0, 1.0]], ["frame33_mirror.png", [0.9998667240142822, 0.0012520249001681805, 0.01627914234995842, -0.04098732657770259, 0.0008698756573721766, -0.9997243881225586, 0.02346070110797882, -0.054416345841995103, 0.016304029151797295, -0.02344341203570366, -0.9995922446250916, 2.6991404002691706, 0.0, 0.0, 0.0, 1.0, 4.2647, 0.0, 0.5, 0.0, 4.2647, 0.5, 0.0, 0.0, 1.0]], ["frame34.png", [0.9997924566268921, -0.0011757962638512254, -0.02033880166709423, 0.05061112669191552, -0.0007807458750903606, -0.9998111128807068, 0.019420528784394264, -0.04498114263216782, -0.02035779319703579, -0.019400618970394135, -0.9996045827865601, 2.69915083140281, 0.0, 0.0, 0.0, 1.0, 4.2647, 0.0, 0.5, 0.0, 4.2647, 0.5, 0.0, 0.0, 1.0]], ["frame34_mirror.png", [0.9997924566268921, 0.0011757962638512254, 0.02033880166709423, -0.05061112669191552, 0.0007807458750903606, -0.9998111128807068, 0.019420528784394264, -0.04498114263216782, 0.02035779319703579, -0.019400618970394135, -0.9996045827865601, 2.69915083140281, 0.0, 0.0, 0.0, 1.0, 4.2647, 0.0, 0.5, 0.0, 4.2647, 0.5, 0.0, 0.0, 1.0]], ["frame35.png", [0.999710202217102, -0.00010065587412100285, -0.024072973057627678, 0.06051221073723832, 0.00032061091042123735, -0.9998469352722168, 0.01749507337808609, -0.040069094951270215, -0.024071048945188522, -0.017497722059488297, -0.9995571374893188, 2.699024405221538, 0.0, 0.0, 0.0, 1.0, 4.2647, 0.0, 0.5, 0.0, 4.2647, 0.5, 0.0, 0.0, 1.0]], ["frame35_mirror.png", [0.999710202217102, 0.00010065587412100285, 0.024072973057627678, -0.06051221073723832, -0.00032061091042123735, -0.9998469352722168, 0.01749507337808609, -0.040069094951270215, 0.024071048945188522, -0.017497722059488297, -0.9995571374893188, 2.699024405221538, 0.0, 0.0, 0.0, 1.0, 4.2647, 0.0, 0.5, 0.0, 4.2647, 0.5, 0.0, 0.0, 1.0]], ["frame36.png", [0.9996218681335449, 0.001989268232136965, -0.027425803244113922, 0.0685112249222909, 0.002639767713844776, -0.9997155666351318, 0.023702753707766533, -0.05462125598434016, -0.02737085148692131, -0.02376618981361389, -0.9993427991867065, 2.6985779089094946, 0.0, 0.0, 0.0, 1.0, 4.2647, 0.0, 0.5, 0.0, 4.2647, 0.5, 0.0, 0.0, 1.0]], ["frame36_mirror.png", [0.9996218681335449, -0.001989268232136965, 0.027425803244113922, -0.0685112249222909, -0.002639767713844776, -0.9997155666351318, 0.023702753707766533, -0.05462125598434016, 0.02737085148692131, -0.02376618981361389, -0.9993427991867065, 2.6985779089094946, 0.0, 0.0, 0.0, 1.0, 4.2647, 0.0, 0.5, 0.0, 4.2647, 0.5, 0.0, 0.0, 1.0]], ["frame37.png", [0.9996837377548218, 0.0006464370526373386, -0.02513977885246277, 0.06301800809076467, 0.001099910819903016, -0.9998369216918945, 0.01802845112979412, -0.04277361340483576, -0.025124024599790573, -0.01805040054023266, -0.9995213747024536, 2.6989255544850743, 0.0, 0.0, 0.0, 1.0, 4.2647, 0.0, 0.5, 0.0, 4.2647, 0.5, 0.0, 0.0, 1.0]], ["frame37_mirror.png", [0.9996837377548218, -0.0006464370526373386, 0.02513977885246277, -0.06301800809076467, -0.001099910819903016, -0.9998369216918945, 0.01802845112979412, -0.04277361340483576, 0.025124024599790573, -0.01805040054023266, -0.9995213747024536, 2.6989255544850743, 0.0, 0.0, 0.0, 1.0, 4.2647, 0.0, 0.5, 0.0, 4.2647, 0.5, 0.0, 0.0, 1.0]], ["frame38.png", [0.9994314312934875, 0.0024360723327845335, -0.03362873196601868, 0.0850195651219225, 0.0034617302007973194, -0.9995295405387878, 0.030475005507469177, -0.07113842680516294, -0.03353867307305336, -0.030574090778827667, -0.9989696741104126, 2.6977232989649194, 0.0, 0.0, 0.0, 1.0, 4.2647, 0.0, 0.5, 0.0, 4.2647, 0.5, 0.0, 0.0, 1.0]], ["frame38_mirror.png", [0.9994314312934875, -0.0024360723327845335, 0.03362873196601868, -0.0850195651219225, -0.0034617302007973194, -0.9995295405387878, 0.030475005507469177, -0.07113842680516294, 0.03353867307305336, -0.030574090778827667, -0.9989696741104126, 2.6977232989649194, 0.0, 0.0, 0.0, 1.0, 4.2647, 0.0, 0.5, 0.0, 4.2647, 0.5, 0.0, 0.0, 1.0]], ["frame39.png", [0.9994540810585022, 0.00392250157892704, -0.03280450776219368, 0.08310680871712381, 0.0049622454680502415, -0.999485969543457, 0.03167404234409332, -0.07390840110604674, -0.03266340121626854, -0.03181953728199005, -0.9989597797393799, 2.6977084361714856, 0.0, 0.0, 0.0, 1.0, 4.2647, 0.0, 0.5, 0.0, 4.2647, 0.5, 0.0, 0.0, 1.0]], ["frame39_mirror.png", [0.9994540810585022, -0.00392250157892704, 0.03280450776219368, -0.08310680871712381, -0.0049622454680502415, -0.999485969543457, 0.03167404234409332, -0.07390840110604674, 0.03266340121626854, -0.03181953728199005, -0.9989597797393799, 2.6977084361714856, 0.0, 0.0, 0.0, 1.0, 4.2647, 0.0, 0.5, 0.0, 4.2647, 0.5, 0.0, 0.0, 1.0]], ["frame4.png", [0.9990416169166565, 0.015721933916211128, -0.04084978252649307, 0.10555491122942215, 0.016326965764164925, -0.9997612237930298, 0.014519966207444668, -0.026937847789288073, -0.04061174765229225, -0.015173003077507019, -0.9990597367286682, 2.6978014220975997, 0.0, 0.0, 0.0, 1.0, 4.2647, 0.0, 0.5, 0.0, 4.2647, 0.5, 0.0, 0.0, 1.0]], ["frame4_mirror.png", [0.9990416169166565, -0.015721933916211128, 0.04084978252649307, -0.10555491122942215, -0.016326965764164925, -0.9997612237930298, 0.014519966207444668, -0.026937847789288073, 0.04061174765229225, -0.015173003077507019, -0.9990597367286682, 2.6978014220975997, 0.0, 0.0, 0.0, 1.0, 4.2647, 0.0, 0.5, 0.0, 4.2647, 0.5, 0.0, 0.0, 1.0]], ["frame40.png", [0.9994003772735596, 0.004918116610497236, -0.03427356854081154, 0.08703723993261026, 0.0058716763742268085, -0.999596893787384, 0.02777712792158127, -0.06426102794622945, -0.034123145043849945, -0.027961716055870056, -0.9990264177322388, 2.697831543879678, 0.0, 0.0, 0.0, 1.0, 4.2647, 0.0, 0.5, 0.0, 4.2647, 0.5, 0.0, 0.0, 1.0]], ["frame40_mirror.png", [0.9994003772735596, -0.004918116610497236, 0.03427356854081154, -0.08703723993261026, -0.0058716763742268085, -0.999596893787384, 0.02777712792158127, -0.06426102794622945, 0.034123145043849945, -0.027961716055870056, -0.9990264177322388, 2.697831543879678, 0.0, 0.0, 0.0, 1.0, 4.2647, 0.0, 0.5, 0.0, 4.2647, 0.5, 0.0, 0.0, 1.0]], ["frame41.png", [0.9992069602012634, 0.010094971396028996, -0.038517437875270844, 0.0966763167374719, 0.010943965055048466, -0.9997003674507141, 0.021894970908761024, -0.0518321105965735, -0.038284868001937866, -0.022299140691757202, -0.9990180134773254, 2.6977707690041384, 0.0, 0.0, 0.0, 1.0, 4.2647, 0.0, 0.5, 0.0, 4.2647, 0.5, 0.0, 0.0, 1.0]], ["frame41_mirror.png", [0.9992069602012634, -0.010094971396028996, 0.038517437875270844, -0.0966763167374719, -0.010943965055048466, -0.9997003674507141, 0.021894970908761024, -0.0518321105965735, 0.038284868001937866, -0.022299140691757202, -0.9990180134773254, 2.6977707690041384, 0.0, 0.0, 0.0, 1.0, 4.2647, 0.0, 0.5, 0.0, 4.2647, 0.5, 0.0, 0.0, 1.0]], ["frame42.png", [0.9990572333335876, 0.012836987152695656, -0.041469842195510864, 0.1057810495152479, 0.013528992421925068, -0.9997731447219849, 0.01644960418343544, -0.039006209410338465, -0.04124927148222923, -0.01699514128267765, -0.9990043044090271, 2.6976450628633284, 0.0, 0.0, 0.0, 1.0, 4.2647, 0.0, 0.5, 0.0, 4.2647, 0.5, 0.0, 0.0, 1.0]], ["frame42_mirror.png", [0.9990572333335876, -0.012836987152695656, 0.041469842195510864, -0.1057810495152479, -0.013528992421925068, -0.9997731447219849, 0.01644960418343544, -0.039006209410338465, 0.04124927148222923, -0.01699514128267765, -0.9990043044090271, 2.6976450628633284, 0.0, 0.0, 0.0, 1.0, 4.2647, 0.0, 0.5, 0.0, 4.2647, 0.5, 0.0, 0.0, 1.0]], ["frame43.png", [0.9990671277046204, 0.011761465109884739, -0.04155176505446434, 0.10568637816379406, 0.012548484839498997, -0.9997458457946777, 0.018730906769633293, -0.043202599703413065, -0.04132090136408806, -0.019234847277402878, -0.9989607930183411, 2.6975848318170623, 0.0, 0.0, 0.0, 1.0, 4.2647, 0.0, 0.5, 0.0, 4.2647, 0.5, 0.0, 0.0, 1.0]], ["frame43_mirror.png", [0.9990671277046204, -0.011761465109884739, 0.04155176505446434, -0.10568637816379406, -0.012548484839498997, -0.9997458457946777, 0.018730906769633293, -0.043202599703413065, 0.04132090136408806, -0.019234847277402878, -0.9989607930183411, 2.6975848318170623, 0.0, 0.0, 0.0, 1.0, 4.2647, 0.0, 0.5, 0.0, 4.2647, 0.5, 0.0, 0.0, 1.0]], ["frame44.png", [0.9991942048072815, 0.009885747916996479, -0.03890054672956467, 0.0988551126566601, 0.01063932292163372, -0.9997588396072388, 0.019212715327739716, -0.044511349859419715, -0.03870123252272606, -0.019611109048128128, -0.9990583658218384, 2.697822530567074, 0.0, 0.0, 0.0, 1.0, 4.2647, 0.0, 0.5, 0.0, 4.2647, 0.5, 0.0, 0.0, 1.0]], ["frame44_mirror.png", [0.9991942048072815, -0.009885747916996479, 0.03890054672956467, -0.0988551126566601, -0.01063932292163372, -0.9997588396072388, 0.019212715327739716, -0.044511349859419715, 0.03870123252272606, -0.019611109048128128, -0.9990583658218384, 2.697822530567074, 0.0, 0.0, 0.0, 1.0, 4.2647, 0.0, 0.5, 0.0, 4.2647, 0.5, 0.0, 0.0, 1.0]], ["frame45.png", [0.9992471933364868, 0.007788666989654303, -0.03800392150878906, 0.09636615875199744, 0.008690288290381432, -0.9996833205223083, 0.023617194965481758, -0.054436187854008916, -0.03780794143676758, -0.02392967976629734, -0.9989984631538391, 2.69773057678103, 0.0, 0.0, 0.0, 1.0, 4.2647, 0.0, 0.5, 0.0, 4.2647, 0.5, 0.0, 0.0, 1.0]], ["frame45_mirror.png", [0.9992471933364868, -0.007788666989654303, 0.03800392150878906, -0.09636615875199744, -0.008690288290381432, -0.9996833205223083, 0.023617194965481758, -0.054436187854008916, 0.03780794143676758, -0.02392967976629734, -0.9989984631538391, 2.69773057678103, 0.0, 0.0, 0.0, 1.0, 4.2647, 0.0, 0.5, 0.0, 4.2647, 0.5, 0.0, 0.0, 1.0]], ["frame46.png", [0.9990826845169067, 0.01053638570010662, -0.04150651395320892, 0.10342683978741872, 0.011489302851259708, -0.9996743202209473, 0.022787002846598625, -0.051986235328575735, -0.041252899914979935, -0.023242980241775513, -0.9988783597946167, 2.6975174364863617, 0.0, 0.0, 0.0, 1.0, 4.2647, 0.0, 0.5, 0.0, 4.2647, 0.5, 0.0, 0.0, 1.0]], ["frame46_mirror.png", [0.9990826845169067, -0.01053638570010662, 0.04150651395320892, -0.10342683978741872, -0.011489302851259708, -0.9996743202209473, 0.022787002846598625, -0.051986235328575735, 0.041252899914979935, -0.023242980241775513, -0.9988783597946167, 2.6975174364863617, 0.0, 0.0, 0.0, 1.0, 4.2647, 0.0, 0.5, 0.0, 4.2647, 0.5, 0.0, 0.0, 1.0]], ["frame47.png", [0.9991951584815979, 0.009669109247624874, -0.03893107548356056, 0.09884162918542068, 0.011034724302589893, -0.9993258118629456, 0.03501707315444946, -0.08329221406911895, -0.03856624290347099, -0.03541848435997963, -0.9986281394958496, 2.696904288145102, 0.0, 0.0, 0.0, 1.0, 4.2647, 0.0, 0.5, 0.0, 4.2647, 0.5, 0.0, 0.0, 1.0]], ["frame47_mirror.png", [0.9991951584815979, -0.009669109247624874, 0.03893107548356056, -0.09884162918542068, -0.011034724302589893, -0.9993258118629456, 0.03501707315444946, -0.08329221406911895, 0.03856624290347099, -0.03541848435997963, -0.9986281394958496, 2.696904288145102, 0.0, 0.0, 0.0, 1.0, 4.2647, 0.0, 0.5, 0.0, 4.2647, 0.5, 0.0, 0.0, 1.0]], ["frame48.png", [0.9991143345832825, 0.007695621810853481, -0.0413665696978569, 0.10435202550388616, 0.009537344798445702, -0.9989633560180664, 0.04451068863272667, -0.10774520005553424, -0.040981147438287735, -0.044865794479846954, -0.9981520771980286, 2.695830415036938, 0.0, 0.0, 0.0, 1.0, 4.2647, 0.0, 0.5, 0.0, 4.2647, 0.5, 0.0, 0.0, 1.0]], ["frame48_mirror.png", [0.9991143345832825, -0.007695621810853481, 0.0413665696978569, -0.10435202550388616, -0.009537344798445702, -0.9989633560180664, 0.04451068863272667, -0.10774520005553424, 0.040981147438287735, -0.044865794479846954, -0.9981520771980286, 2.695830415036938, 0.0, 0.0, 0.0, 1.0, 4.2647, 0.0, 0.5, 0.0, 4.2647, 0.5, 0.0, 0.0, 1.0]], ["frame49.png", [0.9991633296012878, 0.005399070214480162, -0.04053902253508568, 0.10230696022900687, 0.007425458170473576, -0.9987214207649231, 0.05000315234065056, -0.12187203413378224, -0.04021722078323364, -0.050262339413166046, -0.9979259371757507, 2.6953071240926882, 0.0, 0.0, 0.0, 1.0, 4.2647, 0.0, 0.5, 0.0, 4.2647, 0.5, 0.0, 0.0, 1.0]], ["frame49_mirror.png", [0.9991633296012878, -0.005399070214480162, 0.04053902253508568, -0.10230696022900687, -0.007425458170473576, -0.9987214207649231, 0.05000315234065056, -0.12187203413378224, 0.04021722078323364, -0.050262339413166046, -0.9979259371757507, 2.6953071240926882, 0.0, 0.0, 0.0, 1.0, 4.2647, 0.0, 0.5, 0.0, 4.2647, 0.5, 0.0, 0.0, 1.0]], ["frame5.png", [0.9991068840026855, 0.017743941396474838, -0.03834814578294754, 0.0976527494786262, 0.018254155293107033, -0.9997488856315613, 0.012995850294828415, -0.018297872725965163, -0.038107916712760925, -0.013684256933629513, -0.9991798996925354, 2.698171441619856, 0.0, 0.0, 0.0, 1.0, 4.2647, 0.0, 0.5, 0.0, 4.2647, 0.5, 0.0, 0.0, 1.0]], ["frame5_mirror.png", [0.9991068840026855, -0.017743941396474838, 0.03834814578294754, -0.0976527494786262, -0.018254155293107033, -0.9997488856315613, 0.012995850294828415, -0.018297872725965163, 0.038107916712760925, -0.013684256933629513, -0.9991798996925354, 2.698171441619856, 0.0, 0.0, 0.0, 1.0, 4.2647, 0.0, 0.5, 0.0, 4.2647, 0.5, 0.0, 0.0, 1.0]], ["frame6.png", [0.999437153339386, 0.013806633651256561, -0.030573327094316483, 0.07916027920903887, 0.014160203747451305, -0.9998349547386169, 0.011378481984138489, -0.015885814672569526, -0.030411183834075928, -0.011805002577602863, -0.9994677901268005, 2.698792561700091, 0.0, 0.0, 0.0, 1.0, 4.2647, 0.0, 0.5, 0.0, 4.2647, 0.5, 0.0, 0.0, 1.0]], ["frame6_mirror.png", [0.999437153339386, -0.013806633651256561, 0.030573327094316483, -0.07916027920903887, -0.014160203747451305, -0.9998349547386169, 0.011378481984138489, -0.015885814672569526, 0.030411183834075928, -0.011805002577602863, -0.9994677901268005, 2.698792561700091, 0.0, 0.0, 0.0, 1.0, 4.2647, 0.0, 0.5, 0.0, 4.2647, 0.5, 0.0, 0.0, 1.0]], ["frame7.png", [0.9994909763336182, 0.013079392723739147, -0.02909918874502182, 0.0746103906822147, 0.013370967470109463, -0.9998621344566345, 0.009848090820014477, -0.011210064496339095, -0.028966370970010757, -0.010232162661850452, -0.9995279908180237, 2.698945650445047, 0.0, 0.0, 0.0, 1.0, 4.2647, 0.0, 0.5, 0.0, 4.2647, 0.5, 0.0, 0.0, 1.0]], ["frame7_mirror.png", [0.9994909763336182, -0.013079392723739147, 0.02909918874502182, -0.0746103906822147, -0.013370967470109463, -0.9998621344566345, 0.009848090820014477, -0.011210064496339095, 0.028966370970010757, -0.010232162661850452, -0.9995279908180237, 2.698945650445047, 0.0, 0.0, 0.0, 1.0, 4.2647, 0.0, 0.5, 0.0, 4.2647, 0.5, 0.0, 0.0, 1.0]], ["frame8.png", [0.9995675683021545, 0.012690211646258831, -0.026525666937232018, 0.06932651782982216, 0.013131904415786266, -0.9997768998146057, 0.01654418371617794, -0.026867789212776175, -0.026309799402952194, -0.016885360702872276, -0.9995112419128418, 2.698976093971269, 0.0, 0.0, 0.0, 1.0, 4.2647, 0.0, 0.5, 0.0, 4.2647, 0.5, 0.0, 0.0, 1.0]], ["frame8_mirror.png", [0.9995675683021545, -0.012690211646258831, 0.026525666937232018, -0.06932651782982216, -0.013131904415786266, -0.9997768998146057, 0.01654418371617794, -0.026867789212776175, 0.026309799402952194, -0.016885360702872276, -0.9995112419128418, 2.698976093971269, 0.0, 0.0, 0.0, 1.0, 4.2647, 0.0, 0.5, 0.0, 4.2647, 0.5, 0.0, 0.0, 1.0]], ["frame9.png", [0.9996045827865601, 0.01062895730137825, -0.026032106950879097, 0.06707976263079342, 0.01090958807617426, -0.9998836517333984, 0.010661981999874115, -0.011457914153947299, -0.025915751233696938, -0.010941766202449799, -0.9996042251586914, 2.6991422751771785, 0.0, 0.0, 0.0, 1.0, 4.2647, 0.0, 0.5, 0.0, 4.2647, 0.5, 0.0, 0.0, 1.0]], ["frame9_mirror.png", [0.9996045827865601, -0.01062895730137825, 0.026032106950879097, -0.06707976263079342, -0.01090958807617426, -0.9998836517333984, 0.010661981999874115, -0.011457914153947299, 0.025915751233696938, -0.010941766202449799, -0.9996042251586914, 2.6991422751771785, 0.0, 0.0, 0.0, 1.0, 4.2647, 0.0, 0.5, 0.0, 4.2647, 0.5, 0.0, 0.0, 1.0]]]}