{"labels": [["frame0.png", [0.9846512079238892, 0.17437507212162018, -0.007435175124555826, 0.017443484870274004, 0.169246643781662, -0.9643636345863342, -0.2033674269914627, 0.5156514675293431, -0.04263242334127426, 0.19898760318756104, -0.979074239730835, 2.6502451375052867, 0.0, 0.0, 0.0, 1.0, 4.2647, 0.0, 0.5, 0.0, 4.2647, 0.5, 0.0, 0.0, 1.0]], ["frame0_mirror.png", [0.9846512079238892, -0.17437507212162018, 0.007435175124555826, -0.017443484870274004, -0.169246643781662, -0.9643636345863342, -0.2033674269914627, 0.5156514675293431, 0.04263242334127426, 0.19898760318756104, -0.979074239730835, 2.6502451375052867, 0.0, 0.0, 0.0, 1.0, 4.2647, 0.0, 0.5, 0.0, 4.2647, 0.5, 0.0, 0.0, 1.0]], ["frame1.png", [0.9831381440162659, 0.1774442344903946, -0.044193070381879807, 0.1145097007987209, 0.16489718854427338, -0.9647276997566223, -0.20520548522472382, 0.5170769666686795, -0.0790468081831932, 0.1944580078125, -0.9777206778526306, 2.6475496102932055, 0.0, 0.0, 0.0, 1.0, 4.2647, 0.0, 0.5, 0.0, 4.2647, 0.5, 0.0, 0.0, 1.0]], ["frame1_mirror.png", [0.9831381440162659, -0.1774442344903946, 0.044193070381879807, -0.1145097007987209, -0.16489718854427338, -0.9647276997566223, -0.20520548522472382, 0.5170769666686795, 0.0790468081831932, 0.1944580078125, -0.9777206778526306, 2.6475496102932055, 0.0, 0.0, 0.0, 1.0, 4.2647, 0.0, 0.5, 0.0, 4.2647, 0.5, 0.0, 0.0, 1.0]], ["frame2.png", [0.9821353554725647, 0.18586918711662292, -0.02937294915318489, 0.06881012744446811, 0.1763426959514618, -0.9635729193687439, -0.20107316970825195, 0.518280233182261, -0.06567628681659698, 0.19230137765407562, -0.9791357517242432, 2.6488961410847387, 0.0, 0.0, 0.0, 1.0, 4.2647, 0.0, 0.5, 0.0, 4.2647, 0.5, 0.0, 0.0, 1.0]], ["frame2_mirror.png", [0.9821353554725647, -0.18586918711662292, 0.02937294915318489, -0.06881012744446811, -0.1763426959514618, -0.9635729193687439, -0.20107316970825195, 0.518280233182261, 0.06567628681659698, 0.19230137765407562, -0.9791357517242432, 2.6488961410847387, 0.0, 0.0, 0.0, 1.0, 4.2647, 0.0, 0.5, 0.0, 4.2647, 0.5, 0.0, 0.0, 1.0]], ["frame3.png", [0.9825588464736938, 0.18161314725875854, -0.039934057742357254, 0.1015765626767368, 0.16671007871627808, -0.9554696083068848, -0.24348609149456024, 0.6194520181075502, -0.08237604796886444, 0.2325820028781891, -0.9690818786621094, 2.626016260265207, 0.0, 0.0, 0.0, 1.0, 4.2647, 0.0, 0.5, 0.0, 4.2647, 0.5, 0.0, 0.0, 1.0]], ["frame3_mirror.png", [0.9825588464736938, -0.18161314725875854, 0.039934057742357254, -0.1015765626767368, -0.16671007871627808, -0.9554696083068848, -0.24348609149456024, 0.6194520181075502, 0.08237604796886444, 0.2325820028781891, -0.9690818786621094, 2.626016260265207, 0.0, 0.0, 0.0, 1.0, 4.2647, 0.0, 0.5, 0.0, 4.2647, 0.5, 0.0, 0.0, 1.0]], ["frame4.png", [0.9415585994720459, -0.050922658294439316, 0.332977831363678, -0.847193091375499, -0.013307146728038788, -0.9933586120605469, -0.11428691446781158, 0.2911482121610155, 0.3365861773490906, 0.10317684710025787, -0.9359830021858215, 2.5470564549065395, 0.0, 0.0, 0.0, 1.0, 4.2647, 0.0, 0.5, 0.0, 4.2647, 0.5, 0.0, 0.0, 1.0]], ["frame4_mirror.png", [0.9415585994720459, 0.050922658294439316, -0.332977831363678, 0.847193091375499, 0.013307146728038788, -0.9933586120605469, -0.11428691446781158, 0.2911482121610155, -0.3365861773490906, 0.10317684710025787, -0.9359830021858215, 2.5470564549065395, 0.0, 0.0, 0.0, 1.0, 4.2647, 0.0, 0.5, 0.0, 4.2647, 0.5, 0.0, 0.0, 1.0]], ["frame5.png", [0.9855822324752808, -0.06528114527463913, -0.15609623491764069, 0.3914746888963104, -0.0967535600066185, -0.9742961525917053, -0.20343486964702606, 0.5227736877153895, -0.13880349695682526, 0.21560466289520264, -0.9665651321411133, 2.619819695968788, 0.0, 0.0, 0.0, 1.0, 4.2647, 0.0, 0.5, 0.0, 4.2647, 0.5, 0.0, 0.0, 1.0]], ["frame5_mirror.png", [0.9855822324752808, 0.06528114527463913, 0.15609623491764069, -0.3914746888963104, 0.0967535600066185, -0.9742961525917053, -0.20343486964702606, 0.5227736877153895, 0.13880349695682526, 0.21560466289520264, -0.9665651321411133, 2.619819695968788, 0.0, 0.0, 0.0, 1.0, 4.2647, 0.0, 0.5, 0.0, 4.2647, 0.5, 0.0, 0.0, 1.0]], ["frame6.png", [0.9828713536262512, -0.05460607260465622, -0.17601712048053741, 0.4481362414074348, -0.08313745260238647, -0.9837653636932373, -0.15904052555561066, 0.4058857205420951, -0.1644749790430069, 0.1709499955177307, -0.9714546203613281, 2.631431300831782, 0.0, 0.0, 0.0, 1.0, 4.2647, 0.0, 0.5, 0.0, 4.2647, 0.5, 0.0, 0.0, 1.0]], ["frame6_mirror.png", [0.9828713536262512, 0.05460607260465622, 0.17601712048053741, -0.4481362414074348, 0.08313745260238647, -0.9837653636932373, -0.15904052555561066, 0.4058857205420951, 0.1644749790430069, 0.1709499955177307, -0.9714546203613281, 2.631431300831782, 0.0, 0.0, 0.0, 1.0, 4.2647, 0.0, 0.5, 0.0, 4.2647, 0.5, 0.0, 0.0, 1.0]]]}