{"labels": [["frame0.png", [0.8914198279380798, -0.07765614986419678, -0.4464753270149231, 1.1401895482049944, -0.18776780366897583, -0.959953248500824, -0.20792564749717712, 0.5470619375578779, -0.4124487042427063, 0.2691827416419983, -0.870302677154541, 2.385516931534864, 0.0, 0.0, 0.0, 1.0, 4.2647, 0.0, 0.5, 0.0, 4.2647, 0.5, 0.0, 0.0, 1.0]], ["frame0_mirror.png", [0.8914198279380798, 0.07765614986419678, 0.4464753270149231, -1.1401895482049944, 0.18776780366897583, -0.959953248500824, -0.20792564749717712, 0.5470619375578779, 0.4124487042427063, 0.2691827416419983, -0.870302677154541, 2.385516931534864, 0.0, 0.0, 0.0, 1.0, 4.2647, 0.0, 0.5, 0.0, 4.2647, 0.5, 0.0, 0.0, 1.0]], ["frame1.png", [0.8884434700012207, -0.07880420982837677, -0.45217034220695496, 1.1555737102538415, -0.1941521316766739, -0.957197368144989, -0.21465809643268585, 0.5516897274497492, -0.4159002900123596, 0.27850142121315, -0.8657158017158508, 2.3770334126378185, 0.0, 0.0, 0.0, 1.0, 4.2647, 0.0, 0.5, 0.0, 4.2647, 0.5, 0.0, 0.0, 1.0]], ["frame1_mirror.png", [0.8884434700012207, 0.07880420982837677, 0.45217034220695496, -1.1555737102538415, 0.1941521316766739, -0.957197368144989, -0.21465809643268585, 0.5516897274497492, 0.4159002900123596, 0.27850142121315, -0.8657158017158508, 2.3770334126378185, 0.0, 0.0, 0.0, 1.0, 4.2647, 0.0, 0.5, 0.0, 4.2647, 0.5, 0.0, 0.0, 1.0]], ["frame2.png", [0.9089192152023315, -0.08420994877815247, -0.40838050842285156, 1.0372584567693146, -0.1705036461353302, -0.9688312411308289, -0.17970693111419678, 0.4662635203948122, -0.38051867485046387, 0.23296943306922913, -0.8949474096298218, 2.4488146568104288, 0.0, 0.0, 0.0, 1.0, 4.2647, 0.0, 0.5, 0.0, 4.2647, 0.5, 0.0, 0.0, 1.0]], ["frame2_mirror.png", [0.9089192152023315, 0.08420994877815247, 0.40838050842285156, -1.0372584567693146, 0.1705036461353302, -0.9688312411308289, -0.17970693111419678, 0.4662635203948122, 0.38051867485046387, 0.23296943306922913, -0.8949474096298218, 2.4488146568104288, 0.0, 0.0, 0.0, 1.0, 4.2647, 0.0, 0.5, 0.0, 4.2647, 0.5, 0.0, 0.0, 1.0]]]}