{"labels": [["frame0.png", [0.9691811800003052, -0.06202075630426407, -0.23841418325901031, 0.6035633964332082, -0.0771530345082283, -0.9955196380615234, -0.054662786424160004, 0.13734489746494633, -0.2339557707309723, 0.07137251645326614, -0.9696239829063416, 2.628088203547658, 0.0, 0.0, 0.0, 1.0, 4.2647, 0.0, 0.5, 0.0, 4.2647, 0.5, 0.0, 0.0, 1.0]], ["frame0_mirror.png", [0.9691811800003052, 0.06202075630426407, 0.23841418325901031, -0.6035633964332082, 0.0771530345082283, -0.9955196380615234, -0.054662786424160004, 0.13734489746494633, 0.2339557707309723, 0.07137251645326614, -0.9696239829063416, 2.628088203547658, 0.0, 0.0, 0.0, 1.0, 4.2647, 0.0, 0.5, 0.0, 4.2647, 0.5, 0.0, 0.0, 1.0]], ["frame1.png", [0.9697512984275818, -0.062374506145715714, -0.2359911948442459, 0.5943955659349246, -0.08130167424678802, -0.9941336512565613, -0.07133237272500992, 0.18791165698505355, -0.23015746474266052, 0.08836114406585693, -0.9691335558891296, 2.6270483665829283, 0.0, 0.0, 0.0, 1.0, 4.2647, 0.0, 0.5, 0.0, 4.2647, 0.5, 0.0, 0.0, 1.0]], ["frame1_mirror.png", [0.9697512984275818, 0.062374506145715714, 0.2359911948442459, -0.5943955659349246, 0.08130167424678802, -0.9941336512565613, -0.07133237272500992, 0.18791165698505355, 0.23015746474266052, 0.08836114406585693, -0.9691335558891296, 2.6270483665829283, 0.0, 0.0, 0.0, 1.0, 4.2647, 0.0, 0.5, 0.0, 4.2647, 0.5, 0.0, 0.0, 1.0]]]}