{"labels": [["frame0.png", [0.9546203017234802, -0.26787087321281433, -0.13017426431179047, 0.3293954444097466, -0.23667246103286743, -0.9476349353790283, 0.21441608667373657, -0.5493602866302766, -0.18079350888729095, -0.1738772839307785, -0.9680291414260864, 2.6229185875043104, 0.0, 0.0, 0.0, 1.0, 4.2647, 0.0, 0.5, 0.0, 4.2647, 0.5, 0.0, 0.0, 1.0]], ["frame0_mirror.png", [0.9546203017234802, 0.26787087321281433, 0.13017426431179047, -0.3293954444097466, 0.23667246103286743, -0.9476349353790283, 0.21441608667373657, -0.5493602866302766, 0.18079350888729095, -0.1738772839307785, -0.9680291414260864, 2.6229185875043104, 0.0, 0.0, 0.0, 1.0, 4.2647, 0.0, 0.5, 0.0, 4.2647, 0.5, 0.0, 0.0, 1.0]], ["frame1.png", [0.9582531452178955, -0.2557915151119232, -0.12775593996047974, 0.3206318553844472, -0.22756698727607727, -0.9528262615203857, 0.20083679258823395, -0.5099172542124435, -0.17310157418251038, -0.1633794605731964, -0.9712584614753723, 2.6319535723810117, 0.0, 0.0, 0.0, 1.0, 4.2647, 0.0, 0.5, 0.0, 4.2647, 0.5, 0.0, 0.0, 1.0]], ["frame1_mirror.png", [0.9582531452178955, 0.2557915151119232, 0.12775593996047974, -0.3206318553844472, 0.22756698727607727, -0.9528262615203857, 0.20083679258823395, -0.5099172542124435, 0.17310157418251038, -0.1633794605731964, -0.9712584614753723, 2.6319535723810117, 0.0, 0.0, 0.0, 1.0, 4.2647, 0.0, 0.5, 0.0, 4.2647, 0.5, 0.0, 0.0, 1.0]], ["frame10.png", [0.9667695760726929, -0.21322184801101685, -0.14104242622852325, 0.3558061190799796, -0.20396475493907928, -0.9759225249290466, 0.0772894099354744, -0.19736595957352165, -0.15412627160549164, -0.04595337063074112, -0.9869819283485413, 2.669166289991477, 0.0, 0.0, 0.0, 1.0, 4.2647, 0.0, 0.5, 0.0, 4.2647, 0.5, 0.0, 0.0, 1.0]], ["frame10_mirror.png", [0.9667695760726929, 0.21322184801101685, 0.14104242622852325, -0.3558061190799796, 0.20396475493907928, -0.9759225249290466, 0.0772894099354744, -0.19736595957352165, 0.15412627160549164, -0.04595337063074112, -0.9869819283485413, 2.669166289991477, 0.0, 0.0, 0.0, 1.0, 4.2647, 0.0, 0.5, 0.0, 4.2647, 0.5, 0.0, 0.0, 1.0]], ["frame11.png", [0.9689450860023499, -0.2056935727596283, -0.13724291324615479, 0.3499568072692865, -0.1966453641653061, -0.9774730205535889, 0.07666225731372833, -0.19273689425841659, -0.14992016553878784, -0.04729333519935608, -0.9875662922859192, 2.67027764897913, 0.0, 0.0, 0.0, 1.0, 4.2647, 0.0, 0.5, 0.0, 4.2647, 0.5, 0.0, 0.0, 1.0]], ["frame11_mirror.png", [0.9689450860023499, 0.2056935727596283, 0.13724291324615479, -0.3499568072692865, 0.1966453641653061, -0.9774730205535889, 0.07666225731372833, -0.19273689425841659, 0.14992016553878784, -0.04729333519935608, -0.9875662922859192, 2.67027764897913, 0.0, 0.0, 0.0, 1.0, 4.2647, 0.0, 0.5, 0.0, 4.2647, 0.5, 0.0, 0.0, 1.0]], ["frame12.png", [0.9698681235313416, -0.2023911029100418, -0.1356234848499298, 0.34312653588571723, -0.1959119737148285, -0.9788044691085815, 0.05966919660568237, -0.15427255361897904, -0.14482538402080536, -0.03130098804831505, -0.9889619946479797, 2.673661190123189, 0.0, 0.0, 0.0, 1.0, 4.2647, 0.0, 0.5, 0.0, 4.2647, 0.5, 0.0, 0.0, 1.0]], ["frame12_mirror.png", [0.9698681235313416, 0.2023911029100418, 0.1356234848499298, -0.34312653588571723, 0.1959119737148285, -0.9788044691085815, 0.05966919660568237, -0.15427255361897904, 0.14482538402080536, -0.03130098804831505, -0.9889619946479797, 2.673661190123189, 0.0, 0.0, 0.0, 1.0, 4.2647, 0.0, 0.5, 0.0, 4.2647, 0.5, 0.0, 0.0, 1.0]], ["frame13.png", [0.9695761799812317, -0.20628510415554047, -0.13178949058055878, 0.3334059828886323, -0.20296034216880798, -0.9784365296363831, 0.0383291132748127, -0.09845597434736926, -0.1368543803691864, -0.010414961725473404, -0.9905363917350769, 2.677526259757199, 0.0, 0.0, 0.0, 1.0, 4.2647, 0.0, 0.5, 0.0, 4.2647, 0.5, 0.0, 0.0, 1.0]], ["frame13_mirror.png", [0.9695761799812317, 0.20628510415554047, 0.13178949058055878, -0.3334059828886323, 0.20296034216880798, -0.9784365296363831, 0.0383291132748127, -0.09845597434736926, 0.1368543803691864, -0.010414961725473404, -0.9905363917350769, 2.677526259757199, 0.0, 0.0, 0.0, 1.0, 4.2647, 0.0, 0.5, 0.0, 4.2647, 0.5, 0.0, 0.0, 1.0]], ["frame14.png", [0.9707158803939819, -0.20120427012443542, -0.13125360012054443, 0.3302980710656777, -0.1980331391096115, -0.9794998168945312, 0.03691813722252846, -0.09385774702153524, -0.1359909623861313, -0.0098444614559412, -0.9906611442565918, 2.6780765313139083, 0.0, 0.0, 0.0, 1.0, 4.2647, 0.0, 0.5, 0.0, 4.2647, 0.5, 0.0, 0.0, 1.0]], ["frame14_mirror.png", [0.9707158803939819, 0.20120427012443542, 0.13125360012054443, -0.3302980710656777, 0.1980331391096115, -0.9794998168945312, 0.03691813722252846, -0.09385774702153524, 0.1359909623861313, -0.0098444614559412, -0.9906611442565918, 2.6780765313139083, 0.0, 0.0, 0.0, 1.0, 4.2647, 0.0, 0.5, 0.0, 4.2647, 0.5, 0.0, 0.0, 1.0]], ["frame15.png", [0.9708142280578613, -0.20045773684978485, -0.13166794180870056, 0.33213492860703453, -0.19770830869674683, -0.9796791076660156, 0.03376845270395279, -0.08751218057481983, -0.13576148450374603, -0.006751047447323799, -0.9907185435295105, 2.678064227655909, 0.0, 0.0, 0.0, 1.0, 4.2647, 0.0, 0.5, 0.0, 4.2647, 0.5, 0.0, 0.0, 1.0]], ["frame15_mirror.png", [0.9708142280578613, 0.20045773684978485, 0.13166794180870056, -0.33213492860703453, 0.19770830869674683, -0.9796791076660156, 0.03376845270395279, -0.08751218057481983, 0.13576148450374603, -0.006751047447323799, -0.9907185435295105, 2.678064227655909, 0.0, 0.0, 0.0, 1.0, 4.2647, 0.0, 0.5, 0.0, 4.2647, 0.5, 0.0, 0.0, 1.0]], ["frame16.png", [0.9716705679893494, -0.1974756419658661, -0.1298445463180542, 0.3272009494989795, -0.1952366828918457, -0.9803009033203125, 0.029880471527576447, -0.07936873544775312, -0.133187398314476, -0.0036835595965385437, -0.9910840392112732, 2.6789251841886874, 0.0, 0.0, 0.0, 1.0, 4.2647, 0.0, 0.5, 0.0, 4.2647, 0.5, 0.0, 0.0, 1.0]], ["frame16_mirror.png", [0.9716705679893494, 0.1974756419658661, 0.1298445463180542, -0.3272009494989795, 0.1952366828918457, -0.9803009033203125, 0.029880471527576447, -0.07936873544775312, 0.133187398314476, -0.0036835595965385437, -0.9910840392112732, 2.6789251841886874, 0.0, 0.0, 0.0, 1.0, 4.2647, 0.0, 0.5, 0.0, 4.2647, 0.5, 0.0, 0.0, 1.0]], ["frame17.png", [0.9723718762397766, -0.20017457008361816, -0.1200961321592331, 0.3030489556140233, -0.19703440368175507, -0.9796753525733948, 0.03759812191128731, -0.09584479699835227, -0.1251814216375351, -0.012896290048956871, -0.992050051689148, 2.6812264181507675, 0.0, 0.0, 0.0, 1.0, 4.2647, 0.0, 0.5, 0.0, 4.2647, 0.5, 0.0, 0.0, 1.0]], ["frame17_mirror.png", [0.9723718762397766, 0.20017457008361816, 0.1200961321592331, -0.3030489556140233, 0.19703440368175507, -0.9796753525733948, 0.03759812191128731, -0.09584479699835227, 0.1251814216375351, -0.012896290048956871, -0.992050051689148, 2.6812264181507675, 0.0, 0.0, 0.0, 1.0, 4.2647, 0.0, 0.5, 0.0, 4.2647, 0.5, 0.0, 0.0, 1.0]], ["frame18.png", [0.972762405872345, -0.20481537282466888, -0.10855401307344437, 0.27656187666365173, -0.2010478675365448, -0.9785609245300293, 0.04470144957304001, -0.11451937165560923, -0.11538226157426834, -0.021659336984157562, -0.9930849671363831, 2.683355891769089, 0.0, 0.0, 0.0, 1.0, 4.2647, 0.0, 0.5, 0.0, 4.2647, 0.5, 0.0, 0.0, 1.0]], ["frame18_mirror.png", [0.972762405872345, 0.20481537282466888, 0.10855401307344437, -0.27656187666365173, 0.2010478675365448, -0.9785609245300293, 0.04470144957304001, -0.11451937165560923, 0.11538226157426834, -0.021659336984157562, -0.9930849671363831, 2.683355891769089, 0.0, 0.0, 0.0, 1.0, 4.2647, 0.0, 0.5, 0.0, 4.2647, 0.5, 0.0, 0.0, 1.0]], ["frame19.png", [0.9735907912254333, -0.20164762437343597, -0.1070474311709404, 0.274500272034086, -0.1959930658340454, -0.9787025451660156, 0.06105704978108406, -0.15580300396839436, -0.11707960069179535, -0.038464028388261795, -0.9923774003982544, 2.681487464935765, 0.0, 0.0, 0.0, 1.0, 4.2647, 0.0, 0.5, 0.0, 4.2647, 0.5, 0.0, 0.0, 1.0]], ["frame19_mirror.png", [0.9735907912254333, 0.20164762437343597, 0.1070474311709404, -0.274500272034086, 0.1959930658340454, -0.9787025451660156, 0.06105704978108406, -0.15580300396839436, 0.11707960069179535, -0.038464028388261795, -0.9923774003982544, 2.681487464935765, 0.0, 0.0, 0.0, 1.0, 4.2647, 0.0, 0.5, 0.0, 4.2647, 0.5, 0.0, 0.0, 1.0]], ["frame2.png", [0.9603585600852966, -0.25031521916389465, -0.12269357591867447, 0.31505535579045973, -0.2249908149242401, -0.9558500051498413, 0.18902358412742615, -0.4809619525438256, -0.16459214687347412, -0.15392549335956573, -0.9742773175239563, 2.6380704545165163, 0.0, 0.0, 0.0, 1.0, 4.2647, 0.0, 0.5, 0.0, 4.2647, 0.5, 0.0, 0.0, 1.0]], ["frame2_mirror.png", [0.9603585600852966, 0.25031521916389465, 0.12269357591867447, -0.31505535579045973, 0.2249908149242401, -0.9558500051498413, 0.18902358412742615, -0.4809619525438256, 0.16459214687347412, -0.15392549335956573, -0.9742773175239563, 2.6380704545165163, 0.0, 0.0, 0.0, 1.0, 4.2647, 0.0, 0.5, 0.0, 4.2647, 0.5, 0.0, 0.0, 1.0]], ["frame20.png", [0.9738775491714478, -0.2000739872455597, -0.1073915958404541, 0.2741316633361421, -0.19418233633041382, -0.9789484143257141, 0.06287536025047302, -0.16104687198728784, -0.11771056056022644, -0.040379345417022705, -0.9922266602516174, 2.681215346849199, 0.0, 0.0, 0.0, 1.0, 4.2647, 0.0, 0.5, 0.0, 4.2647, 0.5, 0.0, 0.0, 1.0]], ["frame20_mirror.png", [0.9738775491714478, 0.2000739872455597, 0.1073915958404541, -0.2741316633361421, 0.19418233633041382, -0.9789484143257141, 0.06287536025047302, -0.16104687198728784, 0.11771056056022644, -0.040379345417022705, -0.9922266602516174, 2.681215346849199, 0.0, 0.0, 0.0, 1.0, 4.2647, 0.0, 0.5, 0.0, 4.2647, 0.5, 0.0, 0.0, 1.0]], ["frame21.png", [0.9729357957839966, -0.20704567432403564, -0.10260629653930664, 0.26018580534516333, -0.19897478818893433, -0.9764333963394165, 0.08358761668205261, -0.21393400353411654, -0.11749466508626938, -0.060909319669008255, -0.9912038445472717, 2.678905670013178, 0.0, 0.0, 0.0, 1.0, 4.2647, 0.0, 0.5, 0.0, 4.2647, 0.5, 0.0, 0.0, 1.0]], ["frame21_mirror.png", [0.9729357957839966, 0.20704567432403564, 0.10260629653930664, -0.26018580534516333, 0.19897478818893433, -0.9764333963394165, 0.08358761668205261, -0.21393400353411654, 0.11749466508626938, -0.060909319669008255, -0.9912038445472717, 2.678905670013178, 0.0, 0.0, 0.0, 1.0, 4.2647, 0.0, 0.5, 0.0, 4.2647, 0.5, 0.0, 0.0, 1.0]], ["frame22.png", [0.9727384448051453, -0.20843316614627838, -0.10166367143392563, 0.25850862268737895, -0.19854405522346497, -0.9750438332557678, 0.09934747964143753, -0.25786749395328046, -0.11983384937047958, -0.07645440101623535, -0.9898457527160645, 2.6751967493174273, 0.0, 0.0, 0.0, 1.0, 4.2647, 0.0, 0.5, 0.0, 4.2647, 0.5, 0.0, 0.0, 1.0]], ["frame22_mirror.png", [0.9727384448051453, 0.20843316614627838, 0.10166367143392563, -0.25850862268737895, 0.19854405522346497, -0.9750438332557678, 0.09934747964143753, -0.25786749395328046, 0.11983384937047958, -0.07645440101623535, -0.9898457527160645, 2.6751967493174273, 0.0, 0.0, 0.0, 1.0, 4.2647, 0.0, 0.5, 0.0, 4.2647, 0.5, 0.0, 0.0, 1.0]], ["frame23.png", [0.9715889692306519, -0.21473704278469086, -0.099512979388237, 0.2526680766208369, -0.20133757591247559, -0.9709352254867554, 0.1294141262769699, -0.32798763917345264, -0.12441065907478333, -0.10570164024829865, -0.9865845441818237, 2.6680672689432243, 0.0, 0.0, 0.0, 1.0, 4.2647, 0.0, 0.5, 0.0, 4.2647, 0.5, 0.0, 0.0, 1.0]], ["frame23_mirror.png", [0.9715889692306519, 0.21473704278469086, 0.099512979388237, -0.2526680766208369, 0.20133757591247559, -0.9709352254867554, 0.1294141262769699, -0.32798763917345264, 0.12441065907478333, -0.10570164024829865, -0.9865845441818237, 2.6680672689432243, 0.0, 0.0, 0.0, 1.0, 4.2647, 0.0, 0.5, 0.0, 4.2647, 0.5, 0.0, 0.0, 1.0]], ["frame24.png", [0.9720737934112549, -0.21455824375152588, -0.09506470710039139, 0.24320941420797212, -0.20059113204479218, -0.9699144959449768, 0.13794583082199097, -0.3480829809851522, -0.12180205434560776, -0.11502440273761749, -0.985866904258728, 2.6663997110690487, 0.0, 0.0, 0.0, 1.0, 4.2647, 0.0, 0.5, 0.0, 4.2647, 0.5, 0.0, 0.0, 1.0]], ["frame24_mirror.png", [0.9720737934112549, 0.21455824375152588, 0.09506470710039139, -0.24320941420797212, 0.20059113204479218, -0.9699144959449768, 0.13794583082199097, -0.3480829809851522, 0.12180205434560776, -0.11502440273761749, -0.985866904258728, 2.6663997110690487, 0.0, 0.0, 0.0, 1.0, 4.2647, 0.0, 0.5, 0.0, 4.2647, 0.5, 0.0, 0.0, 1.0]], ["frame25.png", [0.9718026518821716, -0.21544843912124634, -0.09582013636827469, 0.24414263556238075, -0.2014252096414566, -0.9697800278663635, 0.13767509162425995, -0.3464680807873885, -0.12258633971214294, -0.11449242383241653, -0.985831618309021, 2.666524750025051, 0.0, 0.0, 0.0, 1.0, 4.2647, 0.0, 0.5, 0.0, 4.2647, 0.5, 0.0, 0.0, 1.0]], ["frame25_mirror.png", [0.9718026518821716, 0.21544843912124634, 0.09582013636827469, -0.24414263556238075, 0.2014252096414566, -0.9697800278663635, 0.13767509162425995, -0.3464680807873885, 0.12258633971214294, -0.11449242383241653, -0.985831618309021, 2.666524750025051, 0.0, 0.0, 0.0, 1.0, 4.2647, 0.0, 0.5, 0.0, 4.2647, 0.5, 0.0, 0.0, 1.0]], ["frame26.png", [0.9732061624526978, -0.20945177972316742, -0.09486709535121918, 0.24267808848932326, -0.19378992915153503, -0.9692177772521973, 0.15186330676078796, -0.38701984245570703, -0.12375490367412567, -0.1294100135564804, -0.9838383197784424, 2.6610755319818957, 0.0, 0.0, 0.0, 1.0, 4.2647, 0.0, 0.5, 0.0, 4.2647, 0.5, 0.0, 0.0, 1.0]], ["frame26_mirror.png", [0.9732061624526978, 0.20945177972316742, 0.09486709535121918, -0.24267808848932326, 0.19378992915153503, -0.9692177772521973, 0.15186330676078796, -0.38701984245570703, 0.12375490367412567, -0.1294100135564804, -0.9838383197784424, 2.6610755319818957, 0.0, 0.0, 0.0, 1.0, 4.2647, 0.0, 0.5, 0.0, 4.2647, 0.5, 0.0, 0.0, 1.0]], ["frame27.png", [0.9744874835014343, -0.2064308226108551, -0.08809323608875275, 0.2259163437014526, -0.19137214124202728, -0.9692953824996948, 0.15441247820854187, -0.3936030616525633, -0.11726386845111847, -0.1336144357919693, -0.9840713143348694, 2.6615856994480374, 0.0, 0.0, 0.0, 1.0, 4.2647, 0.0, 0.5, 0.0, 4.2647, 0.5, 0.0, 0.0, 1.0]], ["frame27_mirror.png", [0.9744874835014343, 0.2064308226108551, 0.08809323608875275, -0.2259163437014526, 0.19137214124202728, -0.9692953824996948, 0.15441247820854187, -0.3936030616525633, 0.11726386845111847, -0.1336144357919693, -0.9840713143348694, 2.6615856994480374, 0.0, 0.0, 0.0, 1.0, 4.2647, 0.0, 0.5, 0.0, 4.2647, 0.5, 0.0, 0.0, 1.0]], ["frame28.png", [0.9762110710144043, -0.19890151917934418, -0.08631493151187897, 0.22123724280492227, -0.18493609130382538, -0.9716337323188782, 0.14739947021007538, -0.37672401353993684, -0.11318447440862656, -0.12793023884296417, -0.9853035807609558, 2.664419843046219, 0.0, 0.0, 0.0, 1.0, 4.2647, 0.0, 0.5, 0.0, 4.2647, 0.5, 0.0, 0.0, 1.0]], ["frame28_mirror.png", [0.9762110710144043, 0.19890151917934418, 0.08631493151187897, -0.22123724280492227, 0.18493609130382538, -0.9716337323188782, 0.14739947021007538, -0.37672401353993684, 0.11318447440862656, -0.12793023884296417, -0.9853035807609558, 2.664419843046219, 0.0, 0.0, 0.0, 1.0, 4.2647, 0.0, 0.5, 0.0, 4.2647, 0.5, 0.0, 0.0, 1.0]], ["frame29.png", [0.97674560546875, -0.1974150836467743, -0.08363799005746841, 0.2157717374052367, -0.18098077178001404, -0.9683220982551575, 0.1720416098833084, -0.4387079252534451, -0.11495211720466614, -0.15290401875972748, -0.9815326929092407, 2.655367754880093, 0.0, 0.0, 0.0, 1.0, 4.2647, 0.0, 0.5, 0.0, 4.2647, 0.5, 0.0, 0.0, 1.0]], ["frame29_mirror.png", [0.97674560546875, 0.1974150836467743, 0.08363799005746841, -0.2157717374052367, 0.18098077178001404, -0.9683220982551575, 0.1720416098833084, -0.4387079252534451, 0.11495211720466614, -0.15290401875972748, -0.9815326929092407, 2.655367754880093, 0.0, 0.0, 0.0, 1.0, 4.2647, 0.0, 0.5, 0.0, 4.2647, 0.5, 0.0, 0.0, 1.0]], ["frame3.png", [0.9609399437904358, -0.24592015147209167, -0.12695538997650146, 0.32335770468116043, -0.21938341856002808, -0.9565057158470154, 0.19227004051208496, -0.4919896361213817, -0.16871662437915802, -0.1569080501794815, -0.9730953574180603, 2.635030548736102, 0.0, 0.0, 0.0, 1.0, 4.2647, 0.0, 0.5, 0.0, 4.2647, 0.5, 0.0, 0.0, 1.0]], ["frame3_mirror.png", [0.9609399437904358, 0.24592015147209167, 0.12695538997650146, -0.32335770468116043, 0.21938341856002808, -0.9565057158470154, 0.19227004051208496, -0.4919896361213817, 0.16871662437915802, -0.1569080501794815, -0.9730953574180603, 2.635030548736102, 0.0, 0.0, 0.0, 1.0, 4.2647, 0.0, 0.5, 0.0, 4.2647, 0.5, 0.0, 0.0, 1.0]], ["frame30.png", [0.9767402410507202, -0.19714879989624023, -0.08432554453611374, 0.21749041283888504, -0.18055644631385803, -0.9683194756507874, 0.1725015491247177, -0.4398239246628027, -0.11566253751516342, -0.15326367318630219, -0.9813930988311768, 2.65504290654923, 0.0, 0.0, 0.0, 1.0, 4.2647, 0.0, 0.5, 0.0, 4.2647, 0.5, 0.0, 0.0, 1.0]], ["frame30_mirror.png", [0.9767402410507202, 0.19714879989624023, 0.08432554453611374, -0.21749041283888504, 0.18055644631385803, -0.9683194756507874, 0.1725015491247177, -0.4398239246628027, 0.11566253751516342, -0.15326367318630219, -0.9813930988311768, 2.65504290654923, 0.0, 0.0, 0.0, 1.0, 4.2647, 0.0, 0.5, 0.0, 4.2647, 0.5, 0.0, 0.0, 1.0]], ["frame31.png", [0.9751208424568176, -0.20561151206493378, -0.08284458518028259, 0.21860889628999614, -0.18743178248405457, -0.9642922282218933, 0.18710890412330627, -0.47739635643405715, -0.11835813522338867, -0.1669260859489441, -0.978839635848999, 2.6484529199754254, 0.0, 0.0, 0.0, 1.0, 4.2647, 0.0, 0.5, 0.0, 4.2647, 0.5, 0.0, 0.0, 1.0]], ["frame31_mirror.png", [0.9751208424568176, 0.20561151206493378, 0.08284458518028259, -0.21860889628999614, 0.18743178248405457, -0.9642922282218933, 0.18710890412330627, -0.47739635643405715, 0.11835813522338867, -0.1669260859489441, -0.978839635848999, 2.6484529199754254, 0.0, 0.0, 0.0, 1.0, 4.2647, 0.0, 0.5, 0.0, 4.2647, 0.5, 0.0, 0.0, 1.0]], ["frame32.png", [0.9764696955680847, -0.20234841108322144, -0.07457876950502396, 0.19212847701005278, -0.18688835203647614, -0.9665678143501282, 0.17555463314056396, -0.45291783055098495, -0.10760864615440369, -0.15748588740825653, -0.9816407561302185, 2.6547979371490382, 0.0, 0.0, 0.0, 1.0, 4.2647, 0.0, 0.5, 0.0, 4.2647, 0.5, 0.0, 0.0, 1.0]], ["frame32_mirror.png", [0.9764696955680847, 0.20234841108322144, 0.07457876950502396, -0.19212847701005278, 0.18688835203647614, -0.9665678143501282, 0.17555463314056396, -0.45291783055098495, 0.10760864615440369, -0.15748588740825653, -0.9816407561302185, 2.6547979371490382, 0.0, 0.0, 0.0, 1.0, 4.2647, 0.0, 0.5, 0.0, 4.2647, 0.5, 0.0, 0.0, 1.0]], ["frame33.png", [0.9773135781288147, -0.19406531751155853, -0.08483345061540604, 0.2136251871966081, -0.17860452830791473, -0.9704311490058899, 0.16236962378025055, -0.4160410998012516, -0.11383533477783203, -0.14353442192077637, -0.9830764532089233, 2.659186733321182, 0.0, 0.0, 0.0, 1.0, 4.2647, 0.0, 0.5, 0.0, 4.2647, 0.5, 0.0, 0.0, 1.0]], ["frame33_mirror.png", [0.9773135781288147, 0.19406531751155853, 0.08483345061540604, -0.2136251871966081, 0.17860452830791473, -0.9704311490058899, 0.16236962378025055, -0.4160410998012516, 0.11383533477783203, -0.14353442192077637, -0.9830764532089233, 2.659186733321182, 0.0, 0.0, 0.0, 1.0, 4.2647, 0.0, 0.5, 0.0, 4.2647, 0.5, 0.0, 0.0, 1.0]], ["frame34.png", [0.9772850275039673, -0.19851695001125336, -0.07419557124376297, 0.18781123489107196, -0.1844065636396408, -0.9690846800804138, 0.16391782462596893, -0.41544047084381047, -0.10444226861000061, -0.14651228487491608, -0.9836798310279846, 2.6612283170058455, 0.0, 0.0, 0.0, 1.0, 4.2647, 0.0, 0.5, 0.0, 4.2647, 0.5, 0.0, 0.0, 1.0]], ["frame34_mirror.png", [0.9772850275039673, 0.19851695001125336, 0.07419557124376297, -0.18781123489107196, 0.1844065636396408, -0.9690846800804138, 0.16391782462596893, -0.41544047084381047, 0.10444226861000061, -0.14651228487491608, -0.9836798310279846, 2.6612283170058455, 0.0, 0.0, 0.0, 1.0, 4.2647, 0.0, 0.5, 0.0, 4.2647, 0.5, 0.0, 0.0, 1.0]], ["frame35.png", [0.9770320057868958, -0.1998257339000702, -0.0740143209695816, 0.18840306618832647, -0.18584208190441132, -0.9689868688583374, 0.1628718078136444, -0.4123285926068947, -0.10426487773656845, -0.14537601172924042, -0.9838671684265137, 2.661670418434569, 0.0, 0.0, 0.0, 1.0, 4.2647, 0.0, 0.5, 0.0, 4.2647, 0.5, 0.0, 0.0, 1.0]], ["frame35_mirror.png", [0.9770320057868958, 0.1998257339000702, 0.0740143209695816, -0.18840306618832647, 0.18584208190441132, -0.9689868688583374, 0.1628718078136444, -0.4123285926068947, 0.10426487773656845, -0.14537601172924042, -0.9838671684265137, 2.661670418434569, 0.0, 0.0, 0.0, 1.0, 4.2647, 0.0, 0.5, 0.0, 4.2647, 0.5, 0.0, 0.0, 1.0]], ["frame36.png", [0.9788594841957092, -0.19204074144363403, -0.07038766145706177, 0.17929963129575474, -0.17941486835479736, -0.9714341163635254, 0.15532520413398743, -0.3950812842724977, -0.09820573776960373, -0.13941295444965363, -0.9853525757789612, 2.6649132107884492, 0.0, 0.0, 0.0, 1.0, 4.2647, 0.0, 0.5, 0.0, 4.2647, 0.5, 0.0, 0.0, 1.0]], ["frame36_mirror.png", [0.9788594841957092, 0.19204074144363403, 0.07038766145706177, -0.17929963129575474, 0.17941486835479736, -0.9714341163635254, 0.15532520413398743, -0.3950812842724977, 0.09820573776960373, -0.13941295444965363, -0.9853525757789612, 2.6649132107884492, 0.0, 0.0, 0.0, 1.0, 4.2647, 0.0, 0.5, 0.0, 4.2647, 0.5, 0.0, 0.0, 1.0]], ["frame37.png", [0.9795377254486084, -0.18871811032295227, -0.0699385479092598, 0.18041378708030578, -0.17569194734096527, -0.9713144898414612, 0.16025136411190033, -0.4057725400773521, -0.09817465394735336, -0.1446845978498459, -0.9845954179763794, 2.6632310284972496, 0.0, 0.0, 0.0, 1.0, 4.2647, 0.0, 0.5, 0.0, 4.2647, 0.5, 0.0, 0.0, 1.0]], ["frame37_mirror.png", [0.9795377254486084, 0.18871811032295227, 0.0699385479092598, -0.18041378708030578, 0.17569194734096527, -0.9713144898414612, 0.16025136411190033, -0.4057725400773521, 0.09817465394735336, -0.1446845978498459, -0.9845954179763794, 2.6632310284972496, 0.0, 0.0, 0.0, 1.0, 4.2647, 0.0, 0.5, 0.0, 4.2647, 0.5, 0.0, 0.0, 1.0]], ["frame38.png", [0.9807862043380737, -0.18038390576839447, -0.0742969885468483, 0.19090873683164092, -0.16597473621368408, -0.9716912508010864, 0.16813236474990845, -0.4247454224063112, -0.1025221049785614, -0.15257048606872559, -0.9829605221748352, 2.659538527704803, 0.0, 0.0, 0.0, 1.0, 4.2647, 0.0, 0.5, 0.0, 4.2647, 0.5, 0.0, 0.0, 1.0]], ["frame38_mirror.png", [0.9807862043380737, 0.18038390576839447, 0.0742969885468483, -0.19090873683164092, 0.16597473621368408, -0.9716912508010864, 0.16813236474990845, -0.4247454224063112, 0.1025221049785614, -0.15257048606872559, -0.9829605221748352, 2.659538527704803, 0.0, 0.0, 0.0, 1.0, 4.2647, 0.0, 0.5, 0.0, 4.2647, 0.5, 0.0, 0.0, 1.0]], ["frame39.png", [0.9806778430938721, -0.18194396793842316, -0.07188457250595093, 0.18494552693058833, -0.16926315426826477, -0.9733812212944031, 0.1545284241437912, -0.39483770712099997, -0.09808661043643951, -0.13937519490718842, -0.9853698015213013, 2.6645634421240185, 0.0, 0.0, 0.0, 1.0, 4.2647, 0.0, 0.5, 0.0, 4.2647, 0.5, 0.0, 0.0, 1.0]], ["frame39_mirror.png", [0.9806778430938721, 0.18194396793842316, 0.07188457250595093, -0.18494552693058833, 0.16926315426826477, -0.9733812212944031, 0.1545284241437912, -0.39483770712099997, 0.09808661043643951, -0.13937519490718842, -0.9853698015213013, 2.6645634421240185, 0.0, 0.0, 0.0, 1.0, 4.2647, 0.0, 0.5, 0.0, 4.2647, 0.5, 0.0, 0.0, 1.0]], ["frame4.png", [0.960318922996521, -0.24849674105644226, -0.12663708627223969, 0.3230686791849714, -0.22583338618278503, -0.9592573046684265, 0.16977830231189728, -0.4301069240293574, -0.16366690397262573, -0.13444241881370544, -0.9773118495941162, 2.6458712482718587, 0.0, 0.0, 0.0, 1.0, 4.2647, 0.0, 0.5, 0.0, 4.2647, 0.5, 0.0, 0.0, 1.0]], ["frame4_mirror.png", [0.960318922996521, 0.24849674105644226, 0.12663708627223969, -0.3230686791849714, 0.22583338618278503, -0.9592573046684265, 0.16977830231189728, -0.4301069240293574, 0.16366690397262573, -0.13444241881370544, -0.9773118495941162, 2.6458712482718587, 0.0, 0.0, 0.0, 1.0, 4.2647, 0.0, 0.5, 0.0, 4.2647, 0.5, 0.0, 0.0, 1.0]], ["frame40.png", [0.9799273014068604, -0.18567292392253876, -0.07258099317550659, 0.18551357515529612, -0.172500342130661, -0.9722298383712769, 0.15815392136573792, -0.40403506934478917, -0.0999303087592125, -0.14245910942554474, -0.9847432374954224, 2.6631448282383463, 0.0, 0.0, 0.0, 1.0, 4.2647, 0.0, 0.5, 0.0, 4.2647, 0.5, 0.0, 0.0, 1.0]], ["frame40_mirror.png", [0.9799273014068604, 0.18567292392253876, 0.07258099317550659, -0.18551357515529612, 0.172500342130661, -0.9722298383712769, 0.15815392136573792, -0.40403506934478917, 0.0999303087592125, -0.14245910942554474, -0.9847432374954224, 2.6631448282383463, 0.0, 0.0, 0.0, 1.0, 4.2647, 0.0, 0.5, 0.0, 4.2647, 0.5, 0.0, 0.0, 1.0]], ["frame41.png", [0.9802110195159912, -0.18561241030693054, -0.06880645453929901, 0.17589124042689822, -0.17369160056114197, -0.973177969455719, 0.15085038542747498, -0.3959307826098433, -0.09496062994003296, -0.13591411709785461, -0.986159086227417, 2.665014275181851, 0.0, 0.0, 0.0, 1.0, 4.2647, 0.0, 0.5, 0.0, 4.2647, 0.5, 0.0, 0.0, 1.0]], ["frame41_mirror.png", [0.9802110195159912, 0.18561241030693054, 0.06880645453929901, -0.17589124042689822, 0.17369160056114197, -0.973177969455719, 0.15085038542747498, -0.3959307826098433, 0.09496062994003296, -0.13591411709785461, -0.986159086227417, 2.665014275181851, 0.0, 0.0, 0.0, 1.0, 4.2647, 0.0, 0.5, 0.0, 4.2647, 0.5, 0.0, 0.0, 1.0]], ["frame42.png", [0.9792040586471558, -0.1882084161043167, -0.07574211806058884, 0.19591796004213688, -0.17643706500530243, -0.9743040204048157, 0.1400056779384613, -0.36414091716001185, -0.1001460999250412, -0.12373040616512299, -0.9872494339942932, 2.668148711257076, 0.0, 0.0, 0.0, 1.0, 4.2647, 0.0, 0.5, 0.0, 4.2647, 0.5, 0.0, 0.0, 1.0]], ["frame42_mirror.png", [0.9792040586471558, 0.1882084161043167, 0.07574211806058884, -0.19591796004213688, 0.17643706500530243, -0.9743040204048157, 0.1400056779384613, -0.36414091716001185, 0.1001460999250412, -0.12373040616512299, -0.9872494339942932, 2.668148711257076, 0.0, 0.0, 0.0, 1.0, 4.2647, 0.0, 0.5, 0.0, 4.2647, 0.5, 0.0, 0.0, 1.0]], ["frame43.png", [0.9751322269439697, -0.20596256852149963, -0.08183309435844421, 0.2069633013656078, -0.19262069463729858, -0.9702472686767578, 0.14668844640254974, -0.37731446643418964, -0.1096106767654419, -0.12727788090705872, -0.9857919812202454, 2.6654830679085793, 0.0, 0.0, 0.0, 1.0, 4.2647, 0.0, 0.5, 0.0, 4.2647, 0.5, 0.0, 0.0, 1.0]], ["frame43_mirror.png", [0.9751322269439697, 0.20596256852149963, 0.08183309435844421, -0.2069633013656078, 0.19262069463729858, -0.9702472686767578, 0.14668844640254974, -0.37731446643418964, 0.1096106767654419, -0.12727788090705872, -0.9857919812202454, 2.6654830679085793, 0.0, 0.0, 0.0, 1.0, 4.2647, 0.0, 0.5, 0.0, 4.2647, 0.5, 0.0, 0.0, 1.0]], ["frame44.png", [0.9750032424926758, -0.20633159577846527, -0.08243756741285324, 0.21167312662770865, -0.1951659768819809, -0.9726282358169556, 0.12611328065395355, -0.32059391616612043, -0.10620226711034775, -0.10687185823917389, -0.988584578037262, 2.6725295187108635, 0.0, 0.0, 0.0, 1.0, 4.2647, 0.0, 0.5, 0.0, 4.2647, 0.5, 0.0, 0.0, 1.0]], ["frame44_mirror.png", [0.9750032424926758, 0.20633159577846527, 0.08243756741285324, -0.21167312662770865, 0.1951659768819809, -0.9726282358169556, 0.12611328065395355, -0.32059391616612043, 0.10620226711034775, -0.10687185823917389, -0.988584578037262, 2.6725295187108635, 0.0, 0.0, 0.0, 1.0, 4.2647, 0.0, 0.5, 0.0, 4.2647, 0.5, 0.0, 0.0, 1.0]], ["frame45.png", [0.9749940037727356, -0.20671847462654114, -0.0815732404589653, 0.21070205198803818, -0.1955639123916626, -0.9724493026733398, 0.1268748790025711, -0.3212600603410345, -0.10555322468280792, -0.10774947702884674, -0.988558828830719, 2.6725262615955163, 0.0, 0.0, 0.0, 1.0, 4.2647, 0.0, 0.5, 0.0, 4.2647, 0.5, 0.0, 0.0, 1.0]], ["frame45_mirror.png", [0.9749940037727356, 0.20671847462654114, 0.0815732404589653, -0.21070205198803818, 0.1955639123916626, -0.9724493026733398, 0.1268748790025711, -0.3212600603410345, 0.10555322468280792, -0.10774947702884674, -0.988558828830719, 2.6725262615955163, 0.0, 0.0, 0.0, 1.0, 4.2647, 0.0, 0.5, 0.0, 4.2647, 0.5, 0.0, 0.0, 1.0]], ["frame46.png", [0.9712364077568054, -0.2164485901594162, -0.09924659132957458, 0.253869550753594, -0.20157299935817719, -0.9692396521568298, 0.1412190943956375, -0.36838124602922584, -0.12676039338111877, -0.11715168505907059, -0.9849910140037537, 2.6626763807819613, 0.0, 0.0, 0.0, 1.0, 4.2647, 0.0, 0.5, 0.0, 4.2647, 0.5, 0.0, 0.0, 1.0]], ["frame46_mirror.png", [0.9712364077568054, 0.2164485901594162, 0.09924659132957458, -0.253869550753594, 0.20157299935817719, -0.9692396521568298, 0.1412190943956375, -0.36838124602922584, 0.12676039338111877, -0.11715168505907059, -0.9849910140037537, 2.6626763807819613, 0.0, 0.0, 0.0, 1.0, 4.2647, 0.0, 0.5, 0.0, 4.2647, 0.5, 0.0, 0.0, 1.0]], ["frame47.png", [0.9670631289482117, -0.23332303762435913, -0.10173138976097107, 0.26261820371148054, -0.22349882125854492, -0.9696342349052429, 0.0992862805724144, -0.2505411737604496, -0.1218080148100853, -0.07327926158905029, -0.9898449182510376, 2.675492627410902, 0.0, 0.0, 0.0, 1.0, 4.2647, 0.0, 0.5, 0.0, 4.2647, 0.5, 0.0, 0.0, 1.0]], ["frame47_mirror.png", [0.9670631289482117, 0.23332303762435913, 0.10173138976097107, -0.26261820371148054, 0.22349882125854492, -0.9696342349052429, 0.0992862805724144, -0.2505411737604496, 0.1218080148100853, -0.07327926158905029, -0.9898449182510376, 2.675492627410902, 0.0, 0.0, 0.0, 1.0, 4.2647, 0.0, 0.5, 0.0, 4.2647, 0.5, 0.0, 0.0, 1.0]], ["frame48.png", [0.9620303511619568, -0.2469761073589325, -0.116191066801548, 0.29478317884130056, -0.23674191534519196, -0.9669068455696106, 0.09510175883769989, -0.24090671334003827, -0.13583379983901978, -0.0639834776520729, -0.988663375377655, 2.6730257823185917, 0.0, 0.0, 0.0, 1.0, 4.2647, 0.0, 0.5, 0.0, 4.2647, 0.5, 0.0, 0.0, 1.0]], ["frame48_mirror.png", [0.9620303511619568, 0.2469761073589325, 0.116191066801548, -0.29478317884130056, 0.23674191534519196, -0.9669068455696106, 0.09510175883769989, -0.24090671334003827, 0.13583379983901978, -0.0639834776520729, -0.988663375377655, 2.6730257823185917, 0.0, 0.0, 0.0, 1.0, 4.2647, 0.0, 0.5, 0.0, 4.2647, 0.5, 0.0, 0.0, 1.0]], ["frame49.png", [0.9537081718444824, -0.26938244700431824, -0.13369297981262207, 0.34037238085869365, -0.25937288999557495, -0.961788535118103, 0.08768504858016968, -0.22225352152053054, -0.1522051841020584, -0.04894962161779404, -0.9871360063552856, 2.6692227360264087, 0.0, 0.0, 0.0, 1.0, 4.2647, 0.0, 0.5, 0.0, 4.2647, 0.5, 0.0, 0.0, 1.0]], ["frame49_mirror.png", [0.9537081718444824, 0.26938244700431824, 0.13369297981262207, -0.34037238085869365, 0.25937288999557495, -0.961788535118103, 0.08768504858016968, -0.22225352152053054, 0.1522051841020584, -0.04894962161779404, -0.9871360063552856, 2.6692227360264087, 0.0, 0.0, 0.0, 1.0, 4.2647, 0.0, 0.5, 0.0, 4.2647, 0.5, 0.0, 0.0, 1.0]], ["frame5.png", [0.96026611328125, -0.24872887134552002, -0.12658189237117767, 0.32293316507809716, -0.22608116269111633, -0.9592077732086182, 0.16972880065441132, -0.430016255354615, -0.163634791970253, -0.13436704874038696, -0.9773275852203369, 2.645902528632421, 0.0, 0.0, 0.0, 1.0, 4.2647, 0.0, 0.5, 0.0, 4.2647, 0.5, 0.0, 0.0, 1.0]], ["frame5_mirror.png", [0.96026611328125, 0.24872887134552002, 0.12658189237117767, -0.32293316507809716, 0.22608116269111633, -0.9592077732086182, 0.16972880065441132, -0.430016255354615, 0.163634791970253, -0.13436704874038696, -0.9773275852203369, 2.645902528632421, 0.0, 0.0, 0.0, 1.0, 4.2647, 0.0, 0.5, 0.0, 4.2647, 0.5, 0.0, 0.0, 1.0]], ["frame6.png", [0.9603131413459778, -0.24333436787128448, -0.13633452355861664, 0.34675901106255913, -0.2212778478860855, -0.9622049331665039, 0.1587381809949875, -0.4056987688203887, -0.16980819404125214, -0.12227053940296173, -0.977862536907196, 2.646727544955192, 0.0, 0.0, 0.0, 1.0, 4.2647, 0.0, 0.5, 0.0, 4.2647, 0.5, 0.0, 0.0, 1.0]], ["frame6_mirror.png", [0.9603131413459778, 0.24333436787128448, 0.13633452355861664, -0.34675901106255913, 0.2212778478860855, -0.9622049331665039, 0.1587381809949875, -0.4056987688203887, 0.16980819404125214, -0.12227053940296173, -0.977862536907196, 2.646727544955192, 0.0, 0.0, 0.0, 1.0, 4.2647, 0.0, 0.5, 0.0, 4.2647, 0.5, 0.0, 0.0, 1.0]], ["frame7.png", [0.9621267914772034, -0.23584423959255219, -0.13670943677425385, 0.346863639969441, -0.21792912483215332, -0.966720700263977, 0.1340072751045227, -0.3430412940621314, -0.16376470029354095, -0.0991390198469162, -0.981505274772644, 2.6555617646432794, 0.0, 0.0, 0.0, 1.0, 4.2647, 0.0, 0.5, 0.0, 4.2647, 0.5, 0.0, 0.0, 1.0]], ["frame7_mirror.png", [0.9621267914772034, 0.23584423959255219, 0.13670943677425385, -0.346863639969441, 0.21792912483215332, -0.966720700263977, 0.1340072751045227, -0.3430412940621314, 0.16376470029354095, -0.0991390198469162, -0.981505274772644, 2.6555617646432794, 0.0, 0.0, 0.0, 1.0, 4.2647, 0.0, 0.5, 0.0, 4.2647, 0.5, 0.0, 0.0, 1.0]], ["frame8.png", [0.9649214744567871, -0.2221730500459671, -0.13987736403942108, 0.3532451310832103, -0.2073187232017517, -0.9716980457305908, 0.11323365569114685, -0.28808569025780634, -0.16107603907585144, -0.08026239275932312, -0.9836729168891907, 2.661244917784661, 0.0, 0.0, 0.0, 1.0, 4.2647, 0.0, 0.5, 0.0, 4.2647, 0.5, 0.0, 0.0, 1.0]], ["frame8_mirror.png", [0.9649214744567871, 0.2221730500459671, 0.13987736403942108, -0.3532451310832103, 0.2073187232017517, -0.9716980457305908, 0.11323365569114685, -0.28808569025780634, 0.16107603907585144, -0.08026239275932312, -0.9836729168891907, 2.661244917784661, 0.0, 0.0, 0.0, 1.0, 4.2647, 0.0, 0.5, 0.0, 4.2647, 0.5, 0.0, 0.0, 1.0]], ["frame9.png", [0.9663581252098083, -0.2135200798511505, -0.143391415476799, 0.35949335267931565, -0.2035668045282364, -0.9757050275802612, 0.08099626749753952, -0.20612275864160218, -0.15720205008983612, -0.049081671983003616, -0.9863460659980774, 2.6680101082547196, 0.0, 0.0, 0.0, 1.0, 4.2647, 0.0, 0.5, 0.0, 4.2647, 0.5, 0.0, 0.0, 1.0]], ["frame9_mirror.png", [0.9663581252098083, 0.2135200798511505, 0.143391415476799, -0.35949335267931565, 0.2035668045282364, -0.9757050275802612, 0.08099626749753952, -0.20612275864160218, 0.15720205008983612, -0.049081671983003616, -0.9863460659980774, 2.6680101082547196, 0.0, 0.0, 0.0, 1.0, 4.2647, 0.0, 0.5, 0.0, 4.2647, 0.5, 0.0, 0.0, 1.0]]]}