{"labels": [["frame0.png", [0.9508301615715027, 0.08395560830831528, -0.29811665415763855, 0.7614757700283976, -0.02338355779647827, -0.9403505921363831, -0.33940237760543823, 0.8669986042920502, -0.3088288903236389, 0.3296850323677063, -0.8921505212783813, 2.440997351865687, 0.0, 0.0, 0.0, 1.0, 4.2647, 0.0, 0.5, 0.0, 4.2647, 0.5, 0.0, 0.0, 1.0]], ["frame0_mirror.png", [0.9508301615715027, -0.08395560830831528, 0.29811665415763855, -0.7614757700283976, 0.02338355779647827, -0.9403505921363831, -0.33940237760543823, 0.8669986042920502, 0.3088288903236389, 0.3296850323677063, -0.8921505212783813, 2.440997351865687, 0.0, 0.0, 0.0, 1.0, 4.2647, 0.0, 0.5, 0.0, 4.2647, 0.5, 0.0, 0.0, 1.0]], ["frame1.png", [0.9551035761833191, 0.07376248389482498, -0.2869429588317871, 0.7288663936595093, -0.04098407179117203, -0.9263058304786682, -0.3745366632938385, 0.958754620844457, -0.29342368245124817, 0.3694813847541809, -0.8816949725151062, 2.4165147128050317, 0.0, 0.0, 0.0, 1.0, 4.2647, 0.0, 0.5, 0.0, 4.2647, 0.5, 0.0, 0.0, 1.0]], ["frame1_mirror.png", [0.9551035761833191, -0.07376248389482498, 0.2869429588317871, -0.7288663936595093, 0.04098407179117203, -0.9263058304786682, -0.3745366632938385, 0.958754620844457, 0.29342368245124817, 0.3694813847541809, -0.8816949725151062, 2.4165147128050317, 0.0, 0.0, 0.0, 1.0, 4.2647, 0.0, 0.5, 0.0, 4.2647, 0.5, 0.0, 0.0, 1.0]], ["frame10.png", [0.9886073470115662, 0.022692199796438217, -0.1487969309091568, 0.37582790816883377, -0.015498589724302292, -0.9679686427116394, -0.25059226155281067, 0.6456019416392895, -0.14971724152565002, 0.25004351139068604, -0.9565892219543457, 2.594600454095586, 0.0, 0.0, 0.0, 1.0, 4.2647, 0.0, 0.5, 0.0, 4.2647, 0.5, 0.0, 0.0, 1.0]], ["frame10_mirror.png", [0.9886073470115662, -0.022692199796438217, 0.1487969309091568, -0.37582790816883377, 0.015498589724302292, -0.9679686427116394, -0.25059226155281067, 0.6456019416392895, 0.14971724152565002, 0.25004351139068604, -0.9565892219543457, 2.594600454095586, 0.0, 0.0, 0.0, 1.0, 4.2647, 0.0, 0.5, 0.0, 4.2647, 0.5, 0.0, 0.0, 1.0]], ["frame11.png", [0.9656382203102112, 0.06828319281339645, -0.2507592439651489, 0.6354265441584229, -0.00969221442937851, -0.9547340273857117, -0.2973029315471649, 0.765430470457038, -0.2597091794013977, 0.28951749205589294, -0.9212658405303955, 2.5100496612367658, 0.0, 0.0, 0.0, 1.0, 4.2647, 0.0, 0.5, 0.0, 4.2647, 0.5, 0.0, 0.0, 1.0]], ["frame11_mirror.png", [0.9656382203102112, -0.06828319281339645, 0.2507592439651489, -0.6354265441584229, 0.00969221442937851, -0.9547340273857117, -0.2973029315471649, 0.765430470457038, 0.2597091794013977, 0.28951749205589294, -0.9212658405303955, 2.5100496612367658, 0.0, 0.0, 0.0, 1.0, 4.2647, 0.0, 0.5, 0.0, 4.2647, 0.5, 0.0, 0.0, 1.0]], ["frame2.png", [0.9579488635063171, 0.05886469781398773, -0.2808360457420349, 0.7132889373120516, -0.045889295637607574, -0.9347047805786133, -0.3524501919746399, 0.910061291951721, -0.28324565291404724, 0.3505166172981262, -0.8926981687545776, 2.4398785496002477, 0.0, 0.0, 0.0, 1.0, 4.2647, 0.0, 0.5, 0.0, 4.2647, 0.5, 0.0, 0.0, 1.0]], ["frame2_mirror.png", [0.9579488635063171, -0.05886469781398773, 0.2808360457420349, -0.7132889373120516, 0.045889295637607574, -0.9347047805786133, -0.3524501919746399, 0.910061291951721, 0.28324565291404724, 0.3505166172981262, -0.8926981687545776, 2.4398785496002477, 0.0, 0.0, 0.0, 1.0, 4.2647, 0.0, 0.5, 0.0, 4.2647, 0.5, 0.0, 0.0, 1.0]], ["frame3.png", [0.9637719392776489, 0.050383783876895905, -0.26192572712898254, 0.6658079301293252, -0.04951499402523041, -0.9311320185661316, -0.3613051474094391, 0.9217257103882774, -0.26209136843681335, 0.3611850142478943, -0.8949041962623596, 2.448902104002144, 0.0, 0.0, 0.0, 1.0, 4.2647, 0.0, 0.5, 0.0, 4.2647, 0.5, 0.0, 0.0, 1.0]], ["frame3_mirror.png", [0.9637719392776489, -0.050383783876895905, 0.26192572712898254, -0.6658079301293252, 0.04951499402523041, -0.9311320185661316, -0.3613051474094391, 0.9217257103882774, 0.26209136843681335, 0.3611850142478943, -0.8949041962623596, 2.448902104002144, 0.0, 0.0, 0.0, 1.0, 4.2647, 0.0, 0.5, 0.0, 4.2647, 0.5, 0.0, 0.0, 1.0]], ["frame4.png", [0.9727417230606079, 0.05471492558717728, -0.22534365952014923, 0.569559765760466, -0.026138029992580414, -0.9397013783454895, -0.34099581837654114, 0.8673499486952445, -0.2304133027791977, 0.33759090304374695, -0.9126566052436829, 2.49265034445773, 0.0, 0.0, 0.0, 1.0, 4.2647, 0.0, 0.5, 0.0, 4.2647, 0.5, 0.0, 0.0, 1.0]], ["frame4_mirror.png", [0.9727417230606079, -0.05471492558717728, 0.22534365952014923, -0.569559765760466, 0.026138029992580414, -0.9397013783454895, -0.34099581837654114, 0.8673499486952445, 0.2304133027791977, 0.33759090304374695, -0.9126566052436829, 2.49265034445773, 0.0, 0.0, 0.0, 1.0, 4.2647, 0.0, 0.5, 0.0, 4.2647, 0.5, 0.0, 0.0, 1.0]], ["frame5.png", [0.9640777111053467, 0.06955630332231522, -0.2563513219356537, 0.6498280725479955, -0.024918347597122192, -0.9371652007102966, -0.34799498319625854, 0.8882828040114111, -0.26444876194000244, 0.3418821096420288, -0.9017668962478638, 2.46549734054332, 0.0, 0.0, 0.0, 1.0, 4.2647, 0.0, 0.5, 0.0, 4.2647, 0.5, 0.0, 0.0, 1.0]], ["frame5_mirror.png", [0.9640777111053467, -0.06955630332231522, 0.2563513219356537, -0.6498280725479955, 0.024918347597122192, -0.9371652007102966, -0.34799498319625854, 0.8882828040114111, 0.26444876194000244, 0.3418821096420288, -0.9017668962478638, 2.46549734054332, 0.0, 0.0, 0.0, 1.0, 4.2647, 0.0, 0.5, 0.0, 4.2647, 0.5, 0.0, 0.0, 1.0]], ["frame6.png", [0.9667275547981262, 0.07447919249534607, -0.24472551047801971, 0.619264847963971, -0.011317156255245209, -0.9432876110076904, -0.33178356289863586, 0.8476396262977346, -0.25555750727653503, 0.323513925075531, -0.9110592603683472, 2.487572735018214, 0.0, 0.0, 0.0, 1.0, 4.2647, 0.0, 0.5, 0.0, 4.2647, 0.5, 0.0, 0.0, 1.0]], ["frame6_mirror.png", [0.9667275547981262, -0.07447919249534607, 0.24472551047801971, -0.619264847963971, 0.011317156255245209, -0.9432876110076904, -0.33178356289863586, 0.8476396262977346, 0.25555750727653503, 0.323513925075531, -0.9110592603683472, 2.487572735018214, 0.0, 0.0, 0.0, 1.0, 4.2647, 0.0, 0.5, 0.0, 4.2647, 0.5, 0.0, 0.0, 1.0]], ["frame7.png", [0.9675132036209106, 0.076591856777668, -0.24093930423259735, 0.620601514519324, -0.010250687599182129, -0.940338671207428, -0.3400854766368866, 0.8817985966933951, -0.25261232256889343, 0.33150702714920044, -0.9090049862861633, 2.4753353298181406, 0.0, 0.0, 0.0, 1.0, 4.2647, 0.0, 0.5, 0.0, 4.2647, 0.5, 0.0, 0.0, 1.0]], ["frame7_mirror.png", [0.9675132036209106, -0.076591856777668, 0.24093930423259735, -0.620601514519324, 0.010250687599182129, -0.940338671207428, -0.3400854766368866, 0.8817985966933951, 0.25261232256889343, 0.33150702714920044, -0.9090049862861633, 2.4753353298181406, 0.0, 0.0, 0.0, 1.0, 4.2647, 0.0, 0.5, 0.0, 4.2647, 0.5, 0.0, 0.0, 1.0]], ["frame8.png", [0.9603180289268494, 0.05405785143375397, -0.27361854910850525, 0.6932352492247106, -0.009590283036231995, -0.9740569591522217, -0.22609998285770416, 0.5800758161859132, -0.2787424921989441, 0.2197519689798355, -0.9348859786987305, 2.5441967173763516, 0.0, 0.0, 0.0, 1.0, 4.2647, 0.0, 0.5, 0.0, 4.2647, 0.5, 0.0, 0.0, 1.0]], ["frame8_mirror.png", [0.9603180289268494, -0.05405785143375397, 0.27361854910850525, -0.6932352492247106, 0.009590283036231995, -0.9740569591522217, -0.22609998285770416, 0.5800758161859132, 0.2787424921989441, 0.2197519689798355, -0.9348859786987305, 2.5441967173763516, 0.0, 0.0, 0.0, 1.0, 4.2647, 0.0, 0.5, 0.0, 4.2647, 0.5, 0.0, 0.0, 1.0]], ["frame9.png", [0.9650267958641052, 0.06464061886072159, -0.2540566921234131, 0.6428739266427432, -0.011627867817878723, -0.9576146006584167, -0.28781765699386597, 0.7419293333215725, -0.2618931233882904, 0.28070589900016785, -0.9233721494674683, 2.5152045600308437, 0.0, 0.0, 0.0, 1.0, 4.2647, 0.0, 0.5, 0.0, 4.2647, 0.5, 0.0, 0.0, 1.0]], ["frame9_mirror.png", [0.9650267958641052, -0.06464061886072159, 0.2540566921234131, -0.6428739266427432, 0.011627867817878723, -0.9576146006584167, -0.28781765699386597, 0.7419293333215725, 0.2618931233882904, 0.28070589900016785, -0.9233721494674683, 2.5152045600308437, 0.0, 0.0, 0.0, 1.0, 4.2647, 0.0, 0.5, 0.0, 4.2647, 0.5, 0.0, 0.0, 1.0]]]}