{"labels": [["frame0.png", [0.9448252320289612, 0.17873519659042358, 0.27451610565185547, -0.7000695714838523, 0.15855033695697784, -0.9828444719314575, 0.0942259207367897, -0.23212678891771293, 0.28664812445640564, -0.045502401888370514, -0.9569547772407532, 2.5973100987269824, 0.0, 0.0, 0.0, 1.0, 4.2647, 0.0, 0.5, 0.0, 4.2647, 0.5, 0.0, 0.0, 1.0]], ["frame0_mirror.png", [0.9448252320289612, -0.17873519659042358, -0.27451610565185547, 0.7000695714838523, -0.15855033695697784, -0.9828444719314575, 0.0942259207367897, -0.23212678891771293, -0.28664812445640564, -0.045502401888370514, -0.9569547772407532, 2.5973100987269824, 0.0, 0.0, 0.0, 1.0, 4.2647, 0.0, 0.5, 0.0, 4.2647, 0.5, 0.0, 0.0, 1.0]], ["frame1.png", [0.9476975798606873, 0.17357344925403595, 0.26784613728523254, -0.6866791104019652, 0.15391674637794495, -0.9837082028388977, 0.09288578480482101, -0.22515735296150843, 0.2796049416065216, -0.046801626682281494, -0.95897376537323, 2.6014949482451306, 0.0, 0.0, 0.0, 1.0, 4.2647, 0.0, 0.5, 0.0, 4.2647, 0.5, 0.0, 0.0, 1.0]], ["frame1_mirror.png", [0.9476975798606873, -0.17357344925403595, -0.26784613728523254, 0.6866791104019652, -0.15391674637794495, -0.9837082028388977, 0.09288578480482101, -0.22515735296150843, -0.2796049416065216, -0.046801626682281494, -0.95897376537323, 2.6014949482451306, 0.0, 0.0, 0.0, 1.0, 4.2647, 0.0, 0.5, 0.0, 4.2647, 0.5, 0.0, 0.0, 1.0]], ["frame2.png", [0.9492024183273315, 0.17440877854824066, 0.2619090676307678, -0.673812132897866, 0.15316042304039001, -0.9831667542457581, 0.0996248796582222, -0.24444212833234727, 0.2748757302761078, -0.05445007234811783, -0.9599367380142212, 2.6031183713876676, 0.0, 0.0, 0.0, 1.0, 4.2647, 0.0, 0.5, 0.0, 4.2647, 0.5, 0.0, 0.0, 1.0]], ["frame2_mirror.png", [0.9492024183273315, -0.17440877854824066, -0.2619090676307678, 0.673812132897866, -0.15316042304039001, -0.9831667542457581, 0.0996248796582222, -0.24444212833234727, -0.2748757302761078, -0.05445007234811783, -0.9599367380142212, 2.6031183713876676, 0.0, 0.0, 0.0, 1.0, 4.2647, 0.0, 0.5, 0.0, 4.2647, 0.5, 0.0, 0.0, 1.0]], ["frame3.png", [0.9992902278900146, -0.002005445072427392, 0.037615880370140076, -0.09184294117215822, -0.004584336653351784, -0.9976338148117065, 0.06859822571277618, -0.16532862509438034, 0.037389304488897324, -0.06872197985649109, -0.9969349503517151, 2.693368025332084, 0.0, 0.0, 0.0, 1.0, 4.2647, 0.0, 0.5, 0.0, 4.2647, 0.5, 0.0, 0.0, 1.0]], ["frame3_mirror.png", [0.9992902278900146, 0.002005445072427392, -0.037615880370140076, 0.09184294117215822, 0.004584336653351784, -0.9976338148117065, 0.06859822571277618, -0.16532862509438034, -0.037389304488897324, -0.06872197985649109, -0.9969349503517151, 2.693368025332084, 0.0, 0.0, 0.0, 1.0, 4.2647, 0.0, 0.5, 0.0, 4.2647, 0.5, 0.0, 0.0, 1.0]]]}