{"labels": [["frame0.png", [0.7709781527519226, -0.10413453727960587, -0.6282902359962463, 1.6209704748846423, -0.16687607765197754, -0.9851040840148926, -0.041500650346279144, 0.1105381710019166, -0.6146095991134644, 0.13684269785881042, -0.7768713235855103, 2.1564405932702644, 0.0, 0.0, 0.0, 1.0, 4.2647, 0.0, 0.5, 0.0, 4.2647, 0.5, 0.0, 0.0, 1.0]], ["frame0_mirror.png", [0.7709781527519226, 0.10413453727960587, 0.6282902359962463, -1.6209704748846423, 0.16687607765197754, -0.9851040840148926, -0.041500650346279144, 0.1105381710019166, 0.6146095991134644, 0.13684269785881042, -0.7768713235855103, 2.1564405932702644, 0.0, 0.0, 0.0, 1.0, 4.2647, 0.0, 0.5, 0.0, 4.2647, 0.5, 0.0, 0.0, 1.0]], ["frame1.png", [0.809881329536438, -0.04301811009645462, -0.585014283657074, 1.5045487818121333, -0.09113115072250366, -0.9944256544113159, -0.053036488592624664, 0.1427236102639094, -0.5794717073440552, 0.09626629203557968, -0.8092870116233826, 2.2374009328282813, 0.0, 0.0, 0.0, 1.0, 4.2647, 0.0, 0.5, 0.0, 4.2647, 0.5, 0.0, 0.0, 1.0]], ["frame1_mirror.png", [0.809881329536438, 0.04301811009645462, 0.585014283657074, -1.5045487818121333, 0.09113115072250366, -0.9944256544113159, -0.053036488592624664, 0.1427236102639094, 0.5794717073440552, 0.09626629203557968, -0.8092870116233826, 2.2374009328282813, 0.0, 0.0, 0.0, 1.0, 4.2647, 0.0, 0.5, 0.0, 4.2647, 0.5, 0.0, 0.0, 1.0]], ["frame2.png", [0.8035396933555603, -0.026594001799821854, -0.5946568250656128, 1.5277535424242934, -0.09903094917535782, -0.9910516738891602, -0.08949576318264008, 0.23162118911238996, -0.5869556069374084, 0.13080282509326935, -0.7989829778671265, 2.2141185014276417, 0.0, 0.0, 0.0, 1.0, 4.2647, 0.0, 0.5, 0.0, 4.2647, 0.5, 0.0, 0.0, 1.0]], ["frame2_mirror.png", [0.8035396933555603, 0.026594001799821854, 0.5946568250656128, -1.5277535424242934, 0.09903094917535782, -0.9910516738891602, -0.08949576318264008, 0.23162118911238996, 0.5869556069374084, 0.13080282509326935, -0.7989829778671265, 2.2141185014276417, 0.0, 0.0, 0.0, 1.0, 4.2647, 0.0, 0.5, 0.0, 4.2647, 0.5, 0.0, 0.0, 1.0]], ["frame3.png", [0.8099690675735474, 0.01267939992249012, -0.5863355398178101, 1.5055125665383509, -0.058749981224536896, -0.9929831027984619, -0.10263081640005112, 0.2710438885021355, -0.5835225582122803, 0.11757498979568481, -0.8035406470298767, 2.2248521574479394, 0.0, 0.0, 0.0, 1.0, 4.2647, 0.0, 0.5, 0.0, 4.2647, 0.5, 0.0, 0.0, 1.0]], ["frame3_mirror.png", [0.8099690675735474, -0.01267939992249012, 0.5863355398178101, -1.5055125665383509, 0.058749981224536896, -0.9929831027984619, -0.10263081640005112, 0.2710438885021355, 0.5835225582122803, 0.11757498979568481, -0.8035406470298767, 2.2248521574479394, 0.0, 0.0, 0.0, 1.0, 4.2647, 0.0, 0.5, 0.0, 4.2647, 0.5, 0.0, 0.0, 1.0]]]}