{"frame0.png": {"intrinsics": [[2985.29, 0.0, 512.0], [0.0, 2985.29, 512.0], [0.0, 0.0, 1.0]], "pose": [[0.8793323040008545, 0.1074695959687233, -0.46392348408699036, 1.2605774402618408], [0.1090681180357933, -0.9937570095062256, -0.023477034643292427, 0.05617893487215042], [-0.46355026960372925, -0.029955143108963966, -0.8855641484260559, 2.576484203338623], [0.0, 0.0, 0.0, 1.0]]}, "frame1.png": {"intrinsics": [[2985.29, 0.0, 512.0], [0.0, 2985.29, 512.0], [0.0, 0.0, 1.0]], "pose": [[0.8781160116195679, 0.11504492908716202, -0.46441027522087097, 1.2685306072235107], [0.11792126297950745, -0.9927574992179871, -0.022960670292377472, 0.0552096962928772], [-0.46368828415870667, -0.034601710736751556, -0.8853225111961365, 2.590543031692505], [0.0, 0.0, 0.0, 1.0]]}, "frame10.png": {"intrinsics": [[2985.29, 0.0, 512.0], [0.0, 2985.29, 512.0], [0.0, 0.0, 1.0]], "pose": [[0.9123628735542297, 0.13415013253688812, -0.38677871227264404, 1.0399070978164673], [0.09352146089076996, -0.9881010055541992, -0.12210698425769806, 0.3259674906730652], [-0.3985571265220642, 0.07523377239704132, -0.9140525460243225, 2.6360743045806885], [0.0, 0.0, 0.0, 1.0]]}, "frame11.png": {"intrinsics": [[2985.29, 0.0, 512.0], [0.0, 2985.29, 512.0], [0.0, 0.0, 1.0]], "pose": [[0.953252375125885, 0.1323460042476654, -0.2716514766216278, 0.7544328570365906], [0.07860507071018219, -0.9766423106193542, -0.19997769594192505, 0.5474504828453064], [-0.2917725741863251, 0.16927601397037506, -0.9413896203041077, 2.784109115600586], [0.0, 0.0, 0.0, 1.0]]}, "frame12.png": {"intrinsics": [[2985.29, 0.0, 512.0], [0.0, 2985.29, 512.0], [0.0, 0.0, 1.0]], "pose": [[0.9905098080635071, 0.08429308235645294, -0.10855910181999207, 0.30865150690078735], [0.05085868760943413, -0.9585748314857483, -0.28026390075683594, 0.784989058971405], [-0.12768632173538208, 0.27208295464515686, -0.9537647366523743, 2.8628175258636475], [0.0, 0.0, 0.0, 1.0]]}, "frame13.png": {"intrinsics": [[2985.29, 0.0, 512.0], [0.0, 2985.29, 512.0], [0.0, 0.0, 1.0]], "pose": [[0.9992210865020752, 0.0229533351957798, 0.03209887817502022, -0.08637338131666183], [0.031797684729099274, -0.950046718120575, -0.3104836940765381, 0.858771562576294], [0.023368796333670616, 0.3112625181674957, -0.9500366449356079, 2.791114568710327], [0.0, 0.0, 0.0, 1.0]]}, "frame14.png": {"intrinsics": [[2985.29, 0.0, 512.0], [0.0, 2985.29, 512.0], [0.0, 0.0, 1.0]], "pose": [[0.9936410784721375, -0.011309228837490082, 0.11202428489923477, -0.2972524166107178], [0.02642720565199852, -0.9437234401702881, -0.3296780288219452, 0.8787913918495178], [0.10944835096597672, 0.33054211735725403, -0.9374235272407532, 2.666074752807617], [0.0, 0.0, 0.0, 1.0]]}, "frame15.png": {"intrinsics": [[2985.29, 0.0, 512.0], [0.0, 2985.29, 512.0], [0.0, 0.0, 1.0]], "pose": [[0.9884883165359497, -0.02720249816775322, 0.14883194863796234, -0.40468814969062805], [0.0260003749281168, -0.9385278820991516, -0.34422293305397034, 0.937971830368042], [0.1490466594696045, 0.3441300094127655, -0.9270164966583252, 2.6933915615081787], [0.0, 0.0, 0.0, 1.0]]}, "frame16.png": {"intrinsics": [[2985.29, 0.0, 512.0], [0.0, 2985.29, 512.0], [0.0, 0.0, 1.0]], "pose": [[0.987267017364502, -0.02456004172563553, 0.15716403722763062, -0.4187917411327362], [0.02803768590092659, -0.9456735253334045, -0.3239065706729889, 0.8668283820152283], [0.15658102929592133, 0.32418879866600037, -0.9329437017440796, 2.6621572971343994], [0.0, 0.0, 0.0, 1.0]]}, "frame17.png": {"intrinsics": [[2985.29, 0.0, 512.0], [0.0, 2985.29, 512.0], [0.0, 0.0, 1.0]], "pose": [[0.9886119961738586, -0.015969078987836838, 0.14963749051094055, -0.39821764826774597], [0.03244579955935478, -0.9483486413955688, -0.31556639075279236, 0.8413807153701782], [0.14694781601428986, 0.31682780385017395, -0.9370306730270386, 2.6686880588531494], [0.0, 0.0, 0.0, 1.0]]}, "frame18.png": {"intrinsics": [[2985.29, 0.0, 512.0], [0.0, 2985.29, 512.0], [0.0, 0.0, 1.0]], "pose": [[0.9928519129753113, 0.0034096750896424055, 0.11930404603481293, -0.3270132541656494], [0.03822600468993187, -0.9560214281082153, -0.29079511761665344, 0.7919657826423645], [0.11306571215391159, 0.2932770252227783, -0.9493180513381958, 2.754774808883667], [0.0, 0.0, 0.0, 1.0]]}, "frame19.png": {"intrinsics": [[2985.29, 0.0, 512.0], [0.0, 2985.29, 512.0], [0.0, 0.0, 1.0]], "pose": [[0.9960975050926208, 0.032769761979579926, 0.08195062726736069, -0.2248377948999405], [0.055110394954681396, -0.956192672252655, -0.2875038683414459, 0.777301013469696], [0.06893914937973022, 0.2908982038497925, -0.9542670845985413, 2.759550094604492], [0.0, 0.0, 0.0, 1.0]]}, "frame2.png": {"intrinsics": [[2985.29, 0.0, 512.0], [0.0, 2985.29, 512.0], [0.0, 0.0, 1.0]], "pose": [[0.8783261179924011, 0.11330248415470123, -0.46444132924079895, 1.2524441480636597], [0.11520642042160034, -0.9930421710014343, -0.024384882301092148, 0.06080911308526993], [-0.46397271752357483, -0.0320887416601181, -0.8852681517601013, 2.558378219604492], [0.0, 0.0, 0.0, 1.0]]}, "frame20.png": {"intrinsics": [[2985.29, 0.0, 512.0], [0.0, 2985.29, 512.0], [0.0, 0.0, 1.0]], "pose": [[0.9977917075157166, 0.06562821567058563, 0.010231527499854565, -0.028961703181266785], [0.0659966841340065, -0.9622012972831726, -0.2642218768596649, 0.7200012803077698], [-0.007495620287954807, 0.26431363821029663, -0.9644076824188232, 2.801459789276123], [0.0, 0.0, 0.0, 1.0]]}, "frame21.png": {"intrinsics": [[2985.29, 0.0, 512.0], [0.0, 2985.29, 512.0], [0.0, 0.0, 1.0]], "pose": [[0.9853344559669495, 0.10981570184230804, -0.13060085475444794, 0.3679756224155426], [0.07968318462371826, -0.9729337692260742, -0.2169114202260971, 0.6008418798446655], [-0.15088626742362976, 0.2033236026763916, -0.9674155712127686, 2.8901631832122803], [0.0, 0.0, 0.0, 1.0]]}, "frame22.png": {"intrinsics": [[2985.29, 0.0, 512.0], [0.0, 2985.29, 512.0], [0.0, 0.0, 1.0]], "pose": [[0.9449643492698669, 0.14063923060894012, -0.29540324211120605, 0.8237974643707275], [0.09513324499130249, -0.9819958209991455, -0.1631992906332016, 0.4479016065597534], [-0.3130369484424591, 0.1261148303747177, -0.9413304328918457, 2.810702085494995], [0.0, 0.0, 0.0, 1.0]]}, "frame23.png": {"intrinsics": [[2985.29, 0.0, 512.0], [0.0, 2985.29, 512.0], [0.0, 0.0, 1.0]], "pose": [[0.9026087522506714, 0.15774980187416077, -0.4005151689052582, 1.0843837261199951], [0.11698178946971893, -0.9853060841560364, -0.12444735318422318, 0.3341060280799866], [-0.4142615795135498, 0.06547429412603378, -0.9077997207641602, 2.6293532848358154], [0.0, 0.0, 0.0, 1.0]]}, "frame24.png": {"intrinsics": [[2985.29, 0.0, 512.0], [0.0, 2985.29, 512.0], [0.0, 0.0, 1.0]], "pose": [[0.8855789303779602, 0.15845641493797302, -0.4366251230239868, 1.1910585165023804], [0.12132027745246887, -0.9862892627716064, -0.11186981201171875, 0.30133020877838135], [-0.448365181684494, 0.04609806835651398, -0.8926609754562378, 2.609748601913452], [0.0, 0.0, 0.0, 1.0]]}, "frame25.png": {"intrinsics": [[2985.29, 0.0, 512.0], [0.0, 2985.29, 512.0], [0.0, 0.0, 1.0]], "pose": [[0.8839941620826721, 0.14882856607437134, -0.44317546486854553, 1.1898900270462036], [0.1184622272849083, -0.9883443713188171, -0.09561441838741302, 0.25328075885772705], [-0.45224010944366455, 0.032023027539253235, -0.8913211822509766, 2.5660958290100098], [0.0, 0.0, 0.0, 1.0]]}, "frame26.png": {"intrinsics": [[2985.29, 0.0, 512.0], [0.0, 2985.29, 512.0], [0.0, 0.0, 1.0]], "pose": [[0.8881163001060486, 0.1392904371023178, -0.43800410628318787, 1.1717426776885986], [0.10673362016677856, -0.989423394203186, -0.09823045879602432, 0.2598014175891876], [-0.44705405831336975, 0.04049031436443329, -0.8935900330543518, 2.5577504634857178], [0.0, 0.0, 0.0, 1.0]]}, "frame27.png": {"intrinsics": [[2985.29, 0.0, 512.0], [0.0, 2985.29, 512.0], [0.0, 0.0, 1.0]], "pose": [[0.8892205357551575, 0.1308971345424652, -0.4383522570133209, 1.174845814704895], [0.09756487607955933, -0.9904090166091919, -0.09783229231834412, 0.26171809434890747], [-0.44695398211479187, 0.04422669857740402, -0.8934629559516907, 2.572061777114868], [0.0, 0.0, 0.0, 1.0]]}, "frame28.png": {"intrinsics": [[2985.29, 0.0, 512.0], [0.0, 2985.29, 512.0], [0.0, 0.0, 1.0]], "pose": [[0.8920873403549194, 0.13050399720668793, -0.43260711431503296, 1.1471624374389648], [0.10062724351882935, -0.9907203912734985, -0.09136392921209335, 0.23999665677547455], [-0.44051602482795715, 0.03797254338860512, -0.8969413042068481, 2.5548274517059326], [0.0, 0.0, 0.0, 1.0]]}, "frame29.png": {"intrinsics": [[2985.29, 0.0, 512.0], [0.0, 2985.29, 512.0], [0.0, 0.0, 1.0]], "pose": [[0.8987951278686523, 0.13312985002994537, -0.41766464710235596, 1.1167986392974854], [0.10637291520833969, -0.9905287623405457, -0.0868196040391922, 0.22617603838443756], [-0.4252671003341675, 0.03360482677817345, -0.9044438004493713, 2.5969643592834473], [0.0, 0.0, 0.0, 1.0]]}, "frame3.png": {"intrinsics": [[2985.29, 0.0, 512.0], [0.0, 2985.29, 512.0], [0.0, 0.0, 1.0]], "pose": [[0.8805339336395264, 0.11306624859571457, -0.4602998197078705, 1.2384384870529175], [0.11428529024124146, -0.9931251406669617, -0.025324491783976555, 0.06454761326313019], [-0.45999863743782043, -0.030306413769721985, -0.8874021768569946, 2.5585825443267822], [0.0, 0.0, 0.0, 1.0]]}, "frame30.png": {"intrinsics": [[2985.29, 0.0, 512.0], [0.0, 2985.29, 512.0], [0.0, 0.0, 1.0]], "pose": [[0.9010583758354187, 0.13417451083660126, -0.4124208092689514, 1.0954084396362305], [0.11189177632331848, -0.9906672835350037, -0.07783620059490204, 0.20004358887672424], [-0.41901540756225586, 0.02398846298456192, -0.9076621532440186, 2.5909199714660645], [0.0, 0.0, 0.0, 1.0]]}, "frame31.png": {"intrinsics": [[2985.29, 0.0, 512.0], [0.0, 2985.29, 512.0], [0.0, 0.0, 1.0]], "pose": [[0.905042290687561, 0.13556469976902008, -0.40313848853111267, 1.0947952270507812], [0.1097349002957344, -0.9901796579360962, -0.08661708980798721, 0.22676853835582733], [-0.41092178225517273, 0.0341537706553936, -0.911030650138855, 2.6395926475524902], [0.0, 0.0, 0.0, 1.0]]}, "frame32.png": {"intrinsics": [[2985.29, 0.0, 512.0], [0.0, 2985.29, 512.0], [0.0, 0.0, 1.0]], "pose": [[0.9061548113822937, 0.13456447422504425, -0.4009685814380646, 1.094071626663208], [0.10508167743682861, -0.98993980884552, -0.09474674612283707, 0.2518707513809204], [-0.40968430042266846, 0.04372077062726021, -0.9111790060997009, 2.6483347415924072], [0.0, 0.0, 0.0, 1.0]]}, "frame33.png": {"intrinsics": [[2985.29, 0.0, 512.0], [0.0, 2985.29, 512.0], [0.0, 0.0, 1.0]], "pose": [[0.8996999859809875, 0.1213383823633194, -0.41930538415908813, 1.1084195375442505], [0.09133577346801758, -0.9916548132896423, -0.09098616987466812, 0.23448418080806732], [-0.42684629559516907, 0.043562665581703186, -0.9032742977142334, 2.5683255195617676], [0.0, 0.0, 0.0, 1.0]]}, "frame34.png": {"intrinsics": [[2985.29, 0.0, 512.0], [0.0, 2985.29, 512.0], [0.0, 0.0, 1.0]], "pose": [[0.9040259122848511, 0.12226426601409912, -0.4096200466156006, 1.1141921281814575], [0.09694953262805939, -0.9918975234031677, -0.0820973664522171, 0.21430082619190216], [-0.4163386821746826, 0.03450567275285721, -0.9085545539855957, 2.6400818824768066], [0.0, 0.0, 0.0, 1.0]]}, "frame35.png": {"intrinsics": [[2985.29, 0.0, 512.0], [0.0, 2985.29, 512.0], [0.0, 0.0, 1.0]], "pose": [[0.9059263467788696, 0.12457913160324097, -0.4046943485736847, 1.104754090309143], [0.10302356630563736, -0.9918692708015442, -0.07470932602882385, 0.19546659290790558], [-0.4107111096382141, 0.025988087058067322, -0.9113950729370117, 2.654080867767334], [0.0, 0.0, 0.0, 1.0]]}, "frame36.png": {"intrinsics": [[2985.29, 0.0, 512.0], [0.0, 2985.29, 512.0], [0.0, 0.0, 1.0]], "pose": [[0.9029956459999084, 0.13012968003749847, -0.4094693660736084, 1.11398184299469], [0.10470116883516312, -0.990947425365448, -0.08402819186449051, 0.2215937077999115], [-0.4166972041130066, 0.03300516679883003, -0.9084459543228149, 2.6394283771514893], [0.0, 0.0, 0.0, 1.0]]}, "frame37.png": {"intrinsics": [[2985.29, 0.0, 512.0], [0.0, 2985.29, 512.0], [0.0, 0.0, 1.0]], "pose": [[0.9007635712623596, 0.12848182022571564, -0.41487041115760803, 1.1206117868423462], [0.10976385325193405, -0.9915761947631836, -0.06876420974731445, 0.18671131134033203], [-0.4202105700969696, 0.01640252023935318, -0.9072783589363098, 2.6183061599731445], [0.0, 0.0, 0.0, 1.0]]}, "frame38.png": {"intrinsics": [[2985.29, 0.0, 512.0], [0.0, 2985.29, 512.0], [0.0, 0.0, 1.0]], "pose": [[0.889252781867981, 0.1337120682001114, -0.43743646144866943, 1.1663084030151367], [0.10786628723144531, -0.9906495809555054, -0.08353536576032639, 0.2198181301355362], [-0.44451597332954407, 0.027099408209323883, -0.8953608870506287, 2.562483310699463], [0.0, 0.0, 0.0, 1.0]]}, "frame39.png": {"intrinsics": [[2985.29, 0.0, 512.0], [0.0, 2985.29, 512.0], [0.0, 0.0, 1.0]], "pose": [[0.8884296417236328, 0.1396772265434265, -0.4372449517250061, 1.1599364280700684], [0.11253774166107178, -0.989785373210907, -0.08752216398715973, 0.22925660014152527], [-0.4450035095214844, 0.028550729155540466, -0.8950735926628113, 2.548976182937622], [0.0, 0.0, 0.0, 1.0]]}, "frame4.png": {"intrinsics": [[2985.29, 0.0, 512.0], [0.0, 2985.29, 512.0], [0.0, 0.0, 1.0]], "pose": [[0.8797934055328369, 0.11227504909038544, -0.461906760931015, 1.242423415184021], [0.11238442361354828, -0.9932875037193298, -0.027378549799323082, 0.06864273548126221], [-0.4618801772594452, -0.027823656797409058, -0.8865058422088623, 2.5572237968444824], [0.0, 0.0, 0.0, 1.0]]}, "frame40.png": {"intrinsics": [[2985.29, 0.0, 512.0], [0.0, 2985.29, 512.0], [0.0, 0.0, 1.0]], "pose": [[0.8894330263137817, 0.14386627078056335, -0.43383336067199707, 1.1510132551193237], [0.11676850914955139, -0.9891958236694336, -0.08863802254199982, 0.23506300151348114], [-0.4418981671333313, 0.028179511427879333, -0.8966224789619446, 2.5506396293640137], [0.0, 0.0, 0.0, 1.0]]}, "frame41.png": {"intrinsics": [[2985.29, 0.0, 512.0], [0.0, 2985.29, 512.0], [0.0, 0.0, 1.0]], "pose": [[0.8912127614021301, 0.14536699652671814, -0.4296605885028839, 1.1321132183074951], [0.1205291748046875, -0.9890952110290527, -0.08463580161333084, 0.21991074085235596], [-0.43727850914001465, 0.02364186942577362, -0.8990153074264526, 2.5410287380218506], [0.0, 0.0, 0.0, 1.0]]}, "frame42.png": {"intrinsics": [[2985.29, 0.0, 512.0], [0.0, 2985.29, 512.0], [0.0, 0.0, 1.0]], "pose": [[0.8928893804550171, 0.14825445413589478, -0.425169438123703, 1.1295808553695679], [0.12374934554100037, -0.988677978515625, -0.08486367017030716, 0.22248387336730957], [-0.4329370856285095, 0.02315942943096161, -0.9011265635490417, 2.564741849899292], [0.0, 0.0, 0.0, 1.0]]}, "frame43.png": {"intrinsics": [[2985.29, 0.0, 512.0], [0.0, 2985.29, 512.0], [0.0, 0.0, 1.0]], "pose": [[0.8922821283340454, 0.1500837653875351, -0.42580220103263855, 1.128462314605713], [0.12434877455234528, -0.9883473515510559, -0.08778886497020721, 0.22918222844600677], [-0.4340161979198456, 0.02538444846868515, -0.9005473852157593, 2.556094169616699], [0.0, 0.0, 0.0, 1.0]]}, "frame44.png": {"intrinsics": [[2985.29, 0.0, 512.0], [0.0, 2985.29, 512.0], [0.0, 0.0, 1.0]], "pose": [[0.8944227695465088, 0.15902887284755707, -0.417992502450943, 1.1440281867980957], [0.12792934477329254, -0.9865651726722717, -0.10160334408283234, 0.2695429027080536], [-0.42853471636772156, 0.037402838468551636, -0.9027508497238159, 2.6352615356445312], [0.0, 0.0, 0.0, 1.0]]}, "frame45.png": {"intrinsics": [[2985.29, 0.0, 512.0], [0.0, 2985.29, 512.0], [0.0, 0.0, 1.0]], "pose": [[0.8946886658668518, 0.1582563817501068, -0.4177164137363434, 1.1132327318191528], [0.13142143189907074, -0.9870060682296753, -0.09245206415653229, 0.2421751320362091], [-0.42691975831985474, 0.02781892567873001, -0.9038614630699158, 2.5727784633636475], [0.0, 0.0, 0.0, 1.0]]}, "frame46.png": {"intrinsics": [[2985.29, 0.0, 512.0], [0.0, 2985.29, 512.0], [0.0, 0.0, 1.0]], "pose": [[0.8903048634529114, 0.16539467871189117, -0.4242663085460663, 1.1378581523895264], [0.13395117223262787, -0.9856065511703491, -0.10313499718904495, 0.2762787640094757], [-0.43521764874458313, 0.034990616142749786, -0.8996450901031494, 2.5886075496673584], [0.0, 0.0, 0.0, 1.0]]}, "frame47.png": {"intrinsics": [[2985.29, 0.0, 512.0], [0.0, 2985.29, 512.0], [0.0, 0.0, 1.0]], "pose": [[0.8895460963249207, 0.17343616485595703, -0.42264363169670105, 1.1436598300933838], [0.14185059070587158, -0.9842662811279297, -0.10534818470478058, 0.2805403769016266], [-0.43426504731178284, 0.033759817481040955, -0.9001522660255432, 2.6075143814086914], [0.0, 0.0, 0.0, 1.0]]}, "frame48.png": {"intrinsics": [[2985.29, 0.0, 512.0], [0.0, 2985.29, 512.0], [0.0, 0.0, 1.0]], "pose": [[0.8874527812004089, 0.1638709008693695, -0.4307827651500702, 1.153504729270935], [0.13450480997562408, -0.986054539680481, -0.09800524264574051, 0.2601340115070343], [-0.44083547592163086, 0.02903267741203308, -0.8971182703971863, 2.581123113632202], [0.0, 0.0, 0.0, 1.0]]}, "frame49.png": {"intrinsics": [[2985.29, 0.0, 512.0], [0.0, 2985.29, 512.0], [0.0, 0.0, 1.0]], "pose": [[0.8889775276184082, 0.15941041707992554, -0.42931029200553894, 1.1714534759521484], [0.13332721590995789, -0.9869418144226074, -0.09038664400577545, 0.24120189249515533], [-0.43811288475990295, 0.0231129452586174, -0.8986228108406067, 2.6215744018554688], [0.0, 0.0, 0.0, 1.0]]}, "frame5.png": {"intrinsics": [[2985.29, 0.0, 512.0], [0.0, 2985.29, 512.0], [0.0, 0.0, 1.0]], "pose": [[0.8812562823295593, 0.10195685923099518, -0.4615108072757721, 1.243598461151123], [0.10503711551427841, -0.9942851066589355, -0.019088536500930786, 0.046132564544677734], [-0.4608195424079895, -0.03165387362241745, -0.8869292140007019, 2.558417558670044], [0.0, 0.0, 0.0, 1.0]]}, "frame6.png": {"intrinsics": [[2985.29, 0.0, 512.0], [0.0, 2985.29, 512.0], [0.0, 0.0, 1.0]], "pose": [[0.8791669011116028, 0.09919799864292145, -0.4660743176937103, 1.2102911472320557], [0.10215740650892258, -0.9945870637893677, -0.018983308225870132, 0.04405041038990021], [-0.46543461084365845, -0.030923446640372276, -0.884541928768158, 2.470660448074341], [0.0, 0.0, 0.0, 1.0]]}, "frame7.png": {"intrinsics": [[2985.29, 0.0, 512.0], [0.0, 2985.29, 512.0], [0.0, 0.0, 1.0]], "pose": [[0.8844355344772339, 0.10990051925182343, -0.45353683829307556, 1.2246242761611938], [0.11158725619316101, -0.9934852719306946, -0.02313552424311638, 0.05727274343371391], [-0.4531247913837433, -0.03014705330133438, -0.8909372091293335, 2.58109450340271], [0.0, 0.0, 0.0, 1.0]]}, "frame8.png": {"intrinsics": [[2985.29, 0.0, 512.0], [0.0, 2985.29, 512.0], [0.0, 0.0, 1.0]], "pose": [[0.887566328048706, 0.11337084323167801, -0.4465121328830719, 1.2080036401748657], [0.10940618813037872, -0.9933895468711853, -0.03474967181682587, 0.0870077833533287], [-0.4475000500679016, -0.018008556216955185, -0.8941025733947754, 2.589782476425171], [0.0, 0.0, 0.0, 1.0]]}, "frame9.png": {"intrinsics": [[2985.29, 0.0, 512.0], [0.0, 2985.29, 512.0], [0.0, 0.0, 1.0]], "pose": [[0.8957326412200928, 0.12149471789598465, -0.4276704490184784, 1.1303465366363525], [0.10352200269699097, -0.9924923777580261, -0.06513087451457977, 0.1634557843208313], [-0.4323727488517761, 0.014066547155380249, -0.9015852212905884, 2.5558841228485107], [0.0, 0.0, 0.0, 1.0]]}}