{"labels": [["frame0.png", [0.2388022392988205, 0.14075767993927002, 0.9608125686645508, -2.546736439906488, 0.32339173555374146, -0.944486677646637, 0.057989541441202164, -0.14900454810518765, 0.9156371355056763, 0.2968708276748657, -0.2710654139518738, 0.884268709327882, 0.0, 0.0, 0.0, 1.0, 4.2647, 0.0, 0.5, 0.0, 4.2647, 0.5, 0.0, 0.0, 1.0]], ["frame0_mirror.png", [0.2388022392988205, -0.14075767993927002, -0.9608125686645508, 2.546736439906488, -0.32339173555374146, -0.944486677646637, 0.057989541441202164, -0.14900454810518765, -0.9156371355056763, 0.2968708276748657, -0.2710654139518738, 0.884268709327882, 0.0, 0.0, 0.0, 1.0, 4.2647, 0.0, 0.5, 0.0, 4.2647, 0.5, 0.0, 0.0, 1.0]], ["frame1.png", [0.418651282787323, 0.15939778089523315, 0.8940489292144775, -2.3281946841651022, 0.2606625556945801, -0.9641428589820862, 0.049835655838251114, -0.12370792100563746, 0.869934618473053, 0.21218131482601166, -0.44518864154815674, 1.3616922790799046, 0.0, 0.0, 0.0, 1.0, 4.2647, 0.0, 0.5, 0.0, 4.2647, 0.5, 0.0, 0.0, 1.0]], ["frame1_mirror.png", [0.418651282787323, -0.15939778089523315, -0.8940489292144775, 2.3281946841651022, -0.2606625556945801, -0.9641428589820862, 0.049835655838251114, -0.12370792100563746, -0.869934618473053, 0.21218131482601166, -0.44518864154815674, 1.3616922790799046, 0.0, 0.0, 0.0, 1.0, 4.2647, 0.0, 0.5, 0.0, 4.2647, 0.5, 0.0, 0.0, 1.0]]]}