{"labels": [["frame0.png", [0.9617810249328613, -0.07779914885759354, -0.262535035610199, 0.6575318281193486, -0.09830701351165771, -0.9929726719856262, -0.0658859983086586, 0.18647395925818774, -0.25556424260139465, 0.08917693048715591, -0.9626704454421997, 2.612064194756439, 0.0, 0.0, 0.0, 1.0, 4.2647, 0.0, 0.5, 0.0, 4.2647, 0.5, 0.0, 0.0, 1.0]], ["frame0_mirror.png", [0.9617810249328613, 0.07779914885759354, 0.262535035610199, -0.6575318281193486, 0.09830701351165771, -0.9929726719856262, -0.0658859983086586, 0.18647395925818774, 0.25556424260139465, 0.08917693048715591, -0.9626704454421997, 2.612064194756439, 0.0, 0.0, 0.0, 1.0, 4.2647, 0.0, 0.5, 0.0, 4.2647, 0.5, 0.0, 0.0, 1.0]], ["frame1.png", [0.9641770124435425, -0.08374664187431335, -0.2516925036907196, 0.629673439538331, -0.10278066992759705, -0.9926794767379761, -0.06343133002519608, 0.1760141481617609, -0.2445378303527832, 0.0870281532406807, -0.9657263159751892, 2.619643177836794, 0.0, 0.0, 0.0, 1.0, 4.2647, 0.0, 0.5, 0.0, 4.2647, 0.5, 0.0, 0.0, 1.0]], ["frame1_mirror.png", [0.9641770124435425, 0.08374664187431335, 0.2516925036907196, -0.629673439538331, 0.10278066992759705, -0.9926794767379761, -0.06343133002519608, 0.1760141481617609, 0.2445378303527832, 0.0870281532406807, -0.9657263159751892, 2.619643177836794, 0.0, 0.0, 0.0, 1.0, 4.2647, 0.0, 0.5, 0.0, 4.2647, 0.5, 0.0, 0.0, 1.0]], ["frame10.png", [0.9648538827896118, -0.0787297859787941, -0.25071609020233154, 0.6307893756070285, -0.10031130909919739, -0.9921646118164062, -0.07447808235883713, 0.2029133565776398, -0.24288798868656158, 0.09701012074947357, -0.9651914238929749, 2.6174283052919884, 0.0, 0.0, 0.0, 1.0, 4.2647, 0.0, 0.5, 0.0, 4.2647, 0.5, 0.0, 0.0, 1.0]], ["frame10_mirror.png", [0.9648538827896118, 0.0787297859787941, 0.25071609020233154, -0.6307893756070285, 0.10031130909919739, -0.9921646118164062, -0.07447808235883713, 0.2029133565776398, 0.24288798868656158, 0.09701012074947357, -0.9651914238929749, 2.6174283052919884, 0.0, 0.0, 0.0, 1.0, 4.2647, 0.0, 0.5, 0.0, 4.2647, 0.5, 0.0, 0.0, 1.0]], ["frame11.png", [0.9643768668174744, -0.0772516280412674, -0.2530008554458618, 0.6342759870955766, -0.09671172499656677, -0.993162214756012, -0.06538771837949753, 0.18420713401181074, -0.24621957540512085, 0.08752655982971191, -0.9652538299560547, 2.617969003631076, 0.0, 0.0, 0.0, 1.0, 4.2647, 0.0, 0.5, 0.0, 4.2647, 0.5, 0.0, 0.0, 1.0]], ["frame11_mirror.png", [0.9643768668174744, 0.0772516280412674, 0.2530008554458618, -0.6342759870955766, 0.09671172499656677, -0.993162214756012, -0.06538771837949753, 0.18420713401181074, 0.24621957540512085, 0.08752655982971191, -0.9652538299560547, 2.617969003631076, 0.0, 0.0, 0.0, 1.0, 4.2647, 0.0, 0.5, 0.0, 4.2647, 0.5, 0.0, 0.0, 1.0]], ["frame12.png", [0.9641979336738586, -0.07306977361440659, -0.2549179494380951, 0.6419719329215564, -0.0925799310207367, -0.9935564994812012, -0.06537960469722748, 0.18121983078889642, -0.2484980970621109, 0.0866391658782959, -0.9647498726844788, 2.6163010931981443, 0.0, 0.0, 0.0, 1.0, 4.2647, 0.0, 0.5, 0.0, 4.2647, 0.5, 0.0, 0.0, 1.0]], ["frame12_mirror.png", [0.9641979336738586, 0.07306977361440659, 0.2549179494380951, -0.6419719329215564, 0.0925799310207367, -0.9935564994812012, -0.06537960469722748, 0.18121983078889642, 0.2484980970621109, 0.0866391658782959, -0.9647498726844788, 2.6163010931981443, 0.0, 0.0, 0.0, 1.0, 4.2647, 0.0, 0.5, 0.0, 4.2647, 0.5, 0.0, 0.0, 1.0]], ["frame13.png", [0.9622781276702881, -0.0703451931476593, -0.2628163695335388, 0.6587826058403864, -0.0873827189207077, -0.9947265386581421, -0.05369623005390167, 0.1547829160463239, -0.257653146982193, 0.074636310338974, -0.9633505344390869, 2.6138186102219008, 0.0, 0.0, 0.0, 1.0, 4.2647, 0.0, 0.5, 0.0, 4.2647, 0.5, 0.0, 0.0, 1.0]], ["frame13_mirror.png", [0.9622781276702881, 0.0703451931476593, 0.2628163695335388, -0.6587826058403864, 0.0873827189207077, -0.9947265386581421, -0.05369623005390167, 0.1547829160463239, 0.257653146982193, 0.074636310338974, -0.9633505344390869, 2.6138186102219008, 0.0, 0.0, 0.0, 1.0, 4.2647, 0.0, 0.5, 0.0, 4.2647, 0.5, 0.0, 0.0, 1.0]], ["frame14.png", [0.9610522389411926, -0.06239747628569603, -0.26923078298568726, 0.676097223473012, -0.07947174459695816, -0.9954280853271484, -0.052981652319431305, 0.15243079008318464, -0.2646939754486084, 0.07231437414884567, -0.9616172313690186, 2.6095320267524404, 0.0, 0.0, 0.0, 1.0, 4.2647, 0.0, 0.5, 0.0, 4.2647, 0.5, 0.0, 0.0, 1.0]], ["frame14_mirror.png", [0.9610522389411926, 0.06239747628569603, 0.26923078298568726, -0.676097223473012, 0.07947174459695816, -0.9954280853271484, -0.052981652319431305, 0.15243079008318464, 0.2646939754486084, 0.07231437414884567, -0.9616172313690186, 2.6095320267524404, 0.0, 0.0, 0.0, 1.0, 4.2647, 0.0, 0.5, 0.0, 4.2647, 0.5, 0.0, 0.0, 1.0]], ["frame15.png", [0.9599669575691223, -0.052112504839897156, -0.2752231955528259, 0.6918907020703132, -0.06830772012472153, -0.9964314103126526, -0.049583811312913895, 0.14226243593454233, -0.2716571092605591, 0.06639868021011353, -0.9601008296012878, 2.6059640549536787, 0.0, 0.0, 0.0, 1.0, 4.2647, 0.0, 0.5, 0.0, 4.2647, 0.5, 0.0, 0.0, 1.0]], ["frame15_mirror.png", [0.9599669575691223, 0.052112504839897156, 0.2752231955528259, -0.6918907020703132, 0.06830772012472153, -0.9964314103126526, -0.049583811312913895, 0.14226243593454233, 0.2716571092605591, 0.06639868021011353, -0.9601008296012878, 2.6059640549536787, 0.0, 0.0, 0.0, 1.0, 4.2647, 0.0, 0.5, 0.0, 4.2647, 0.5, 0.0, 0.0, 1.0]], ["frame16.png", [0.9645589590072632, -0.05903821811079979, -0.25717785954475403, 0.6518171473755124, -0.07642336934804916, -0.9953795671463013, -0.058128681033849716, 0.1601041097794459, -0.25255778431892395, 0.07572293281555176, -0.96461421251297, 2.6152439810501393, 0.0, 0.0, 0.0, 1.0, 4.2647, 0.0, 0.5, 0.0, 4.2647, 0.5, 0.0, 0.0, 1.0]], ["frame16_mirror.png", [0.9645589590072632, 0.05903821811079979, 0.25717785954475403, -0.6518171473755124, 0.07642336934804916, -0.9953795671463013, -0.058128681033849716, 0.1601041097794459, 0.25255778431892395, 0.07572293281555176, -0.96461421251297, 2.6152439810501393, 0.0, 0.0, 0.0, 1.0, 4.2647, 0.0, 0.5, 0.0, 4.2647, 0.5, 0.0, 0.0, 1.0]], ["frame17.png", [0.963728666305542, -0.057032279670238495, -0.26071897149086, 0.6608370314868154, -0.07761575281620026, -0.9945692420005798, -0.06933894753456116, 0.187463533314915, -0.2553485035896301, 0.08705983310937881, -0.9629215002059937, 2.6111590992302216, 0.0, 0.0, 0.0, 1.0, 4.2647, 0.0, 0.5, 0.0, 4.2647, 0.5, 0.0, 0.0, 1.0]], ["frame17_mirror.png", [0.963728666305542, 0.057032279670238495, 0.26071897149086, -0.6608370314868154, 0.07761575281620026, -0.9945692420005798, -0.06933894753456116, 0.187463533314915, 0.2553485035896301, 0.08705983310937881, -0.9629215002059937, 2.6111590992302216, 0.0, 0.0, 0.0, 1.0, 4.2647, 0.0, 0.5, 0.0, 4.2647, 0.5, 0.0, 0.0, 1.0]], ["frame18.png", [0.9581804871559143, -0.04987901821732521, -0.2817838788032532, 0.708476513139412, -0.07344987243413925, -0.9945712685585022, -0.07370895147323608, 0.20696193736477972, -0.2765776216983795, 0.09132347255945206, -0.9566424489021301, 2.5971576361114543, 0.0, 0.0, 0.0, 1.0, 4.2647, 0.0, 0.5, 0.0, 4.2647, 0.5, 0.0, 0.0, 1.0]], ["frame18_mirror.png", [0.9581804871559143, 0.04987901821732521, 0.2817838788032532, -0.708476513139412, 0.07344987243413925, -0.9945712685585022, -0.07370895147323608, 0.20696193736477972, 0.2765776216983795, 0.09132347255945206, -0.9566424489021301, 2.5971576361114543, 0.0, 0.0, 0.0, 1.0, 4.2647, 0.0, 0.5, 0.0, 4.2647, 0.5, 0.0, 0.0, 1.0]], ["frame19.png", [0.9559139013290405, -0.04626960679888725, -0.2899790108203888, 0.7269060803431012, -0.07005313038825989, -0.9949286580085754, -0.07217695564031601, 0.20431874167637837, -0.2851688265800476, 0.08930888772010803, -0.9543074369430542, 2.592269546586545, 0.0, 0.0, 0.0, 1.0, 4.2647, 0.0, 0.5, 0.0, 4.2647, 0.5, 0.0, 0.0, 1.0]], ["frame19_mirror.png", [0.9559139013290405, 0.04626960679888725, 0.2899790108203888, -0.7269060803431012, 0.07005313038825989, -0.9949286580085754, -0.07217695564031601, 0.20431874167637837, 0.2851688265800476, 0.08930888772010803, -0.9543074369430542, 2.592269546586545, 0.0, 0.0, 0.0, 1.0, 4.2647, 0.0, 0.5, 0.0, 4.2647, 0.5, 0.0, 0.0, 1.0]], ["frame2.png", [0.9641701579093933, -0.08427849411964417, -0.25154122710227966, 0.6310291976291037, -0.10285040736198425, -0.9927876591682434, -0.06159881502389908, 0.17393032891279298, -0.24453556537628174, 0.08526286482810974, -0.9658843874931335, 2.6194561253099575, 0.0, 0.0, 0.0, 1.0, 4.2647, 0.0, 0.5, 0.0, 4.2647, 0.5, 0.0, 0.0, 1.0]], ["frame2_mirror.png", [0.9641701579093933, 0.08427849411964417, 0.25154122710227966, -0.6310291976291037, 0.10285040736198425, -0.9927876591682434, -0.06159881502389908, 0.17393032891279298, 0.24453556537628174, 0.08526286482810974, -0.9658843874931335, 2.6194561253099575, 0.0, 0.0, 0.0, 1.0, 4.2647, 0.0, 0.5, 0.0, 4.2647, 0.5, 0.0, 0.0, 1.0]], ["frame20.png", [0.9537550806999207, -0.04839872568845749, -0.29666292667388916, 0.7463022062187823, -0.07260900735855103, -0.9948204755783081, -0.07113514840602875, 0.20116480772417342, -0.29168349504470825, 0.08938589692115784, -0.9523292183876038, 2.5869993693710627, 0.0, 0.0, 0.0, 1.0, 4.2647, 0.0, 0.5, 0.0, 4.2647, 0.5, 0.0, 0.0, 1.0]], ["frame20_mirror.png", [0.9537550806999207, 0.04839872568845749, 0.29666292667388916, -0.7463022062187823, 0.07260900735855103, -0.9948204755783081, -0.07113514840602875, 0.20116480772417342, 0.29168349504470825, 0.08938589692115784, -0.9523292183876038, 2.5869993693710627, 0.0, 0.0, 0.0, 1.0, 4.2647, 0.0, 0.5, 0.0, 4.2647, 0.5, 0.0, 0.0, 1.0]], ["frame21.png", [0.9549444913864136, -0.047010187059640884, -0.2930377721786499, 0.7362334252310926, -0.07534515857696533, -0.9934278726577759, -0.08616367727518082, 0.23797361426550867, -0.28706130385398865, 0.10436049848794937, -0.9522104263305664, 2.586760310211579, 0.0, 0.0, 0.0, 1.0, 4.2647, 0.0, 0.5, 0.0, 4.2647, 0.5, 0.0, 0.0, 1.0]], ["frame21_mirror.png", [0.9549444913864136, 0.047010187059640884, 0.2930377721786499, -0.7362334252310926, 0.07534515857696533, -0.9934278726577759, -0.08616367727518082, 0.23797361426550867, 0.28706130385398865, 0.10436049848794937, -0.9522104263305664, 2.586760310211579, 0.0, 0.0, 0.0, 1.0, 4.2647, 0.0, 0.5, 0.0, 4.2647, 0.5, 0.0, 0.0, 1.0]], ["frame22.png", [0.9538771510124207, -0.04744705557823181, -0.29642394185066223, 0.7459681561475765, -0.07597896456718445, -0.9934384226799011, -0.08548185974359512, 0.2319273225096261, -0.29042309522628784, 0.10406117141246796, -0.9512232542037964, 2.584519535056236, 0.0, 0.0, 0.0, 1.0, 4.2647, 0.0, 0.5, 0.0, 4.2647, 0.5, 0.0, 0.0, 1.0]], ["frame22_mirror.png", [0.9538771510124207, 0.04744705557823181, 0.29642394185066223, -0.7459681561475765, 0.07597896456718445, -0.9934384226799011, -0.08548185974359512, 0.2319273225096261, 0.29042309522628784, 0.10406117141246796, -0.9512232542037964, 2.584519535056236, 0.0, 0.0, 0.0, 1.0, 4.2647, 0.0, 0.5, 0.0, 4.2647, 0.5, 0.0, 0.0, 1.0]], ["frame23.png", [0.9504297971725464, -0.04768450930714607, -0.3072611391544342, 0.7751023897788722, -0.07661653310060501, -0.9936173558235168, -0.08279108256101608, 0.225562958826206, -0.3013521432876587, 0.10222839564085007, -0.9480169415473938, 2.5764971641677876, 0.0, 0.0, 0.0, 1.0, 4.2647, 0.0, 0.5, 0.0, 4.2647, 0.5, 0.0, 0.0, 1.0]], ["frame23_mirror.png", [0.9504297971725464, 0.04768450930714607, 0.3072611391544342, -0.7751023897788722, 0.07661653310060501, -0.9936173558235168, -0.08279108256101608, 0.225562958826206, 0.3013521432876587, 0.10222839564085007, -0.9480169415473938, 2.5764971641677876, 0.0, 0.0, 0.0, 1.0, 4.2647, 0.0, 0.5, 0.0, 4.2647, 0.5, 0.0, 0.0, 1.0]], ["frame24.png", [0.9447309970855713, -0.04784194007515907, -0.3243371844291687, 0.8163758260277773, -0.07541953772306442, -0.9944769144058228, -0.0729903057217598, 0.19917772072166148, -0.3190538287162781, 0.09341755509376526, -0.9431213140487671, 2.5659031053891317, 0.0, 0.0, 0.0, 1.0, 4.2647, 0.0, 0.5, 0.0, 4.2647, 0.5, 0.0, 0.0, 1.0]], ["frame24_mirror.png", [0.9447309970855713, 0.04784194007515907, 0.3243371844291687, -0.8163758260277773, 0.07541953772306442, -0.9944769144058228, -0.0729903057217598, 0.19917772072166148, 0.3190538287162781, 0.09341755509376526, -0.9431213140487671, 2.5659031053891317, 0.0, 0.0, 0.0, 1.0, 4.2647, 0.0, 0.5, 0.0, 4.2647, 0.5, 0.0, 0.0, 1.0]], ["frame25.png", [0.9359670877456665, -0.053004492074251175, -0.3480748236179352, 0.8761741043194058, -0.08696017414331436, -0.9927769899368286, -0.08265528082847595, 0.2244998460364526, -0.34117957949638367, 0.10763127356767654, -0.9338158369064331, 2.5439966112496486, 0.0, 0.0, 0.0, 1.0, 4.2647, 0.0, 0.5, 0.0, 4.2647, 0.5, 0.0, 0.0, 1.0]], ["frame25_mirror.png", [0.9359670877456665, 0.053004492074251175, 0.3480748236179352, -0.8761741043194058, 0.08696017414331436, -0.9927769899368286, -0.08265528082847595, 0.2244998460364526, 0.34117957949638367, 0.10763127356767654, -0.9338158369064331, 2.5439966112496486, 0.0, 0.0, 0.0, 1.0, 4.2647, 0.0, 0.5, 0.0, 4.2647, 0.5, 0.0, 0.0, 1.0]], ["frame26.png", [0.928120493888855, -0.04851546511054039, -0.3691050708293915, 0.9343951765454181, -0.09487782418727875, -0.9895580410957336, -0.10850349068641663, 0.2834798588435276, -0.3599867820739746, 0.13572418689727783, -0.9230322241783142, 2.5172494559893566, 0.0, 0.0, 0.0, 1.0, 4.2647, 0.0, 0.5, 0.0, 4.2647, 0.5, 0.0, 0.0, 1.0]], ["frame26_mirror.png", [0.928120493888855, 0.04851546511054039, 0.3691050708293915, -0.9343951765454181, 0.09487782418727875, -0.9895580410957336, -0.10850349068641663, 0.2834798588435276, 0.3599867820739746, 0.13572418689727783, -0.9230322241783142, 2.5172494559893566, 0.0, 0.0, 0.0, 1.0, 4.2647, 0.0, 0.5, 0.0, 4.2647, 0.5, 0.0, 0.0, 1.0]], ["frame27.png", [0.9286581873893738, -0.04345789551734924, -0.36838212609291077, 0.9310407349432273, -0.08842705190181732, -0.9904181957244873, -0.10607737302780151, 0.28071129928886634, -0.36024245619773865, 0.13108456134796143, -0.923602819442749, 2.5188021590287577, 0.0, 0.0, 0.0, 1.0, 4.2647, 0.0, 0.5, 0.0, 4.2647, 0.5, 0.0, 0.0, 1.0]], ["frame27_mirror.png", [0.9286581873893738, 0.04345789551734924, 0.36838212609291077, -0.9310407349432273, 0.08842705190181732, -0.9904181957244873, -0.10607737302780151, 0.28071129928886634, 0.36024245619773865, 0.13108456134796143, -0.923602819442749, 2.5188021590287577, 0.0, 0.0, 0.0, 1.0, 4.2647, 0.0, 0.5, 0.0, 4.2647, 0.5, 0.0, 0.0, 1.0]], ["frame28.png", [0.9266319870948792, -0.047226473689079285, -0.3729916512966156, 0.9411110082352389, -0.09056319296360016, -0.990905225276947, -0.09952446818351746, 0.2674443162188623, -0.364899218082428, 0.12600186467170715, -0.9224814772605896, 2.5165022566849964, 0.0, 0.0, 0.0, 1.0, 4.2647, 0.0, 0.5, 0.0, 4.2647, 0.5, 0.0, 0.0, 1.0]], ["frame28_mirror.png", [0.9266319870948792, 0.047226473689079285, 0.3729916512966156, -0.9411110082352389, 0.09056319296360016, -0.990905225276947, -0.09952446818351746, 0.2674443162188623, 0.364899218082428, 0.12600186467170715, -0.9224814772605896, 2.5165022566849964, 0.0, 0.0, 0.0, 1.0, 4.2647, 0.0, 0.5, 0.0, 4.2647, 0.5, 0.0, 0.0, 1.0]], ["frame29.png", [0.9274752140045166, -0.04908843711018562, -0.37064802646636963, 0.9360326779432505, -0.09250687062740326, -0.9906494617462158, -0.10027949512004852, 0.27028292773395185, -0.36225974559783936, 0.12729424238204956, -0.9233439564704895, 2.5180925250669306, 0.0, 0.0, 0.0, 1.0, 4.2647, 0.0, 0.5, 0.0, 4.2647, 0.5, 0.0, 0.0, 1.0]], ["frame29_mirror.png", [0.9274752140045166, 0.04908843711018562, 0.37064802646636963, -0.9360326779432505, 0.09250687062740326, -0.9906494617462158, -0.10027949512004852, 0.27028292773395185, 0.36225974559783936, 0.12729424238204956, -0.9233439564704895, 2.5180925250669306, 0.0, 0.0, 0.0, 1.0, 4.2647, 0.0, 0.5, 0.0, 4.2647, 0.5, 0.0, 0.0, 1.0]], ["frame3.png", [0.96283358335495, -0.08412450551986694, -0.256660521030426, 0.6450333221192998, -0.10288184881210327, -0.9928503036499023, -0.06052765995264053, 0.16977614411130268, -0.2497335970401764, 0.08468376845121384, -0.9646044969558716, 2.6163157443715463, 0.0, 0.0, 0.0, 1.0, 4.2647, 0.0, 0.5, 0.0, 4.2647, 0.5, 0.0, 0.0, 1.0]], ["frame3_mirror.png", [0.96283358335495, 0.08412450551986694, 0.256660521030426, -0.6450333221192998, 0.10288184881210327, -0.9928503036499023, -0.06052765995264053, 0.16977614411130268, 0.2497335970401764, 0.08468376845121384, -0.9646044969558716, 2.6163157443715463, 0.0, 0.0, 0.0, 1.0, 4.2647, 0.0, 0.5, 0.0, 4.2647, 0.5, 0.0, 0.0, 1.0]], ["frame30.png", [0.9262577891349792, -0.042388781905174255, -0.3744993209838867, 0.947973436620313, -0.08770129084587097, -0.990619957447052, -0.10478745400905609, 0.2753700958644783, -0.3665446937084198, 0.12990427017211914, -0.9212870597839355, 2.5130693730507843, 0.0, 0.0, 0.0, 1.0, 4.2647, 0.0, 0.5, 0.0, 4.2647, 0.5, 0.0, 0.0, 1.0]], ["frame30_mirror.png", [0.9262577891349792, 0.042388781905174255, 0.3744993209838867, -0.947973436620313, 0.08770129084587097, -0.990619957447052, -0.10478745400905609, 0.2753700958644783, 0.3665446937084198, 0.12990427017211914, -0.9212870597839355, 2.5130693730507843, 0.0, 0.0, 0.0, 1.0, 4.2647, 0.0, 0.5, 0.0, 4.2647, 0.5, 0.0, 0.0, 1.0]], ["frame31.png", [0.9214770197868347, -0.03920411318540573, -0.3864494860172272, 0.9770691233067312, -0.08684791624546051, -0.9905015230178833, -0.10660286992788315, 0.28462985146066494, -0.37859952449798584, 0.13179442286491394, -0.9161291718482971, 2.5008642058172805, 0.0, 0.0, 0.0, 1.0, 4.2647, 0.0, 0.5, 0.0, 4.2647, 0.5, 0.0, 0.0, 1.0]], ["frame31_mirror.png", [0.9214770197868347, 0.03920411318540573, 0.3864494860172272, -0.9770691233067312, 0.08684791624546051, -0.9905015230178833, -0.10660286992788315, 0.28462985146066494, 0.37859952449798584, 0.13179442286491394, -0.9161291718482971, 2.5008642058172805, 0.0, 0.0, 0.0, 1.0, 4.2647, 0.0, 0.5, 0.0, 4.2647, 0.5, 0.0, 0.0, 1.0]], ["frame32.png", [0.923992931842804, -0.038892392069101334, -0.3804265856742859, 0.9665000433822647, -0.09181655943393707, -0.9882776141166687, -0.12197194993495941, 0.31786813650749896, -0.3712233006954193, 0.14763067662715912, -0.9167324900627136, 2.5009673156471544, 0.0, 0.0, 0.0, 1.0, 4.2647, 0.0, 0.5, 0.0, 4.2647, 0.5, 0.0, 0.0, 1.0]], ["frame32_mirror.png", [0.923992931842804, 0.038892392069101334, 0.3804265856742859, -0.9665000433822647, 0.09181655943393707, -0.9882776141166687, -0.12197194993495941, 0.31786813650749896, 0.3712233006954193, 0.14763067662715912, -0.9167324900627136, 2.5009673156471544, 0.0, 0.0, 0.0, 1.0, 4.2647, 0.0, 0.5, 0.0, 4.2647, 0.5, 0.0, 0.0, 1.0]], ["frame33.png", [0.9263750910758972, -0.040174003690481186, -0.3744533061981201, 0.9458646494259982, -0.08797046542167664, -0.989870548248291, -0.11143334954977036, 0.29827900188535394, -0.3661836087703705, 0.1361699104309082, -0.9205255508422852, 2.51124863404652, 0.0, 0.0, 0.0, 1.0, 4.2647, 0.0, 0.5, 0.0, 4.2647, 0.5, 0.0, 0.0, 1.0]], ["frame33_mirror.png", [0.9263750910758972, 0.040174003690481186, 0.3744533061981201, -0.9458646494259982, 0.08797046542167664, -0.989870548248291, -0.11143334954977036, 0.29827900188535394, 0.3661836087703705, 0.1361699104309082, -0.9205255508422852, 2.51124863404652, 0.0, 0.0, 0.0, 1.0, 4.2647, 0.0, 0.5, 0.0, 4.2647, 0.5, 0.0, 0.0, 1.0]], ["frame34.png", [0.9275941252708435, -0.036745112389326096, -0.37177804112434387, 0.9402069638227081, -0.08424548804759979, -0.990092396736145, -0.11233735829591751, 0.29862237772023276, -0.36396676301956177, 0.13552409410476685, -0.9214995503425598, 2.51333156203156, 0.0, 0.0, 0.0, 1.0, 4.2647, 0.0, 0.5, 0.0, 4.2647, 0.5, 0.0, 0.0, 1.0]], ["frame34_mirror.png", [0.9275941252708435, 0.036745112389326096, 0.37177804112434387, -0.9402069638227081, 0.08424548804759979, -0.990092396736145, -0.11233735829591751, 0.29862237772023276, 0.36396676301956177, 0.13552409410476685, -0.9214995503425598, 2.51333156203156, 0.0, 0.0, 0.0, 1.0, 4.2647, 0.0, 0.5, 0.0, 4.2647, 0.5, 0.0, 0.0, 1.0]], ["frame35.png", [0.9259265065193176, -0.03523113206028938, -0.37605708837509155, 0.953156280916733, -0.08242525160312653, -0.9904909729957581, -0.11015243083238602, 0.29320132227116863, -0.36860036849975586, 0.13298964500427246, -0.9200258255004883, 2.509088696871321, 0.0, 0.0, 0.0, 1.0, 4.2647, 0.0, 0.5, 0.0, 4.2647, 0.5, 0.0, 0.0, 1.0]], ["frame35_mirror.png", [0.9259265065193176, 0.03523113206028938, 0.37605708837509155, -0.953156280916733, 0.08242525160312653, -0.9904909729957581, -0.11015243083238602, 0.29320132227116863, 0.36860036849975586, 0.13298964500427246, -0.9200258255004883, 2.509088696871321, 0.0, 0.0, 0.0, 1.0, 4.2647, 0.0, 0.5, 0.0, 4.2647, 0.5, 0.0, 0.0, 1.0]], ["frame36.png", [0.9291611313819885, -0.03320951759815216, -0.3681802749633789, 0.9325913541974299, -0.07947799563407898, -0.990612268447876, -0.11122298985719681, 0.2952778896935216, -0.361030250787735, 0.13260631263256073, -0.9230778813362122, 2.516562006773198, 0.0, 0.0, 0.0, 1.0, 4.2647, 0.0, 0.5, 0.0, 4.2647, 0.5, 0.0, 0.0, 1.0]], ["frame36_mirror.png", [0.9291611313819885, 0.03320951759815216, 0.3681802749633789, -0.9325913541974299, 0.07947799563407898, -0.990612268447876, -0.11122298985719681, 0.2952778896935216, 0.361030250787735, 0.13260631263256073, -0.9230778813362122, 2.516562006773198, 0.0, 0.0, 0.0, 1.0, 4.2647, 0.0, 0.5, 0.0, 4.2647, 0.5, 0.0, 0.0, 1.0]], ["frame37.png", [0.9295518398284912, -0.03033178485929966, -0.3674416244029999, 0.9319966146549871, -0.07585792243480682, -0.9910217523574829, -0.11009753495454788, 0.2928763629291986, -0.36080315709114075, 0.13021472096443176, -0.923507034778595, 2.5170629206098543, 0.0, 0.0, 0.0, 1.0, 4.2647, 0.0, 0.5, 0.0, 4.2647, 0.5, 0.0, 0.0, 1.0]], ["frame37_mirror.png", [0.9295518398284912, 0.03033178485929966, 0.3674416244029999, -0.9319966146549871, 0.07585792243480682, -0.9910217523574829, -0.11009753495454788, 0.2928763629291986, 0.36080315709114075, 0.13021472096443176, -0.923507034778595, 2.5170629206098543, 0.0, 0.0, 0.0, 1.0, 4.2647, 0.0, 0.5, 0.0, 4.2647, 0.5, 0.0, 0.0, 1.0]], ["frame38.png", [0.9303273558616638, -0.028276352211833, -0.36563840508461, 0.9267411074260686, -0.07385973632335663, -0.9910398721694946, -0.11128684133291245, 0.2954061691919153, -0.35921546816825867, 0.1305391490459442, -0.9240800142288208, 2.5187072309043903, 0.0, 0.0, 0.0, 1.0, 4.2647, 0.0, 0.5, 0.0, 4.2647, 0.5, 0.0, 0.0, 1.0]], ["frame38_mirror.png", [0.9303273558616638, 0.028276352211833, 0.36563840508461, -0.9267411074260686, 0.07385973632335663, -0.9910398721694946, -0.11128684133291245, 0.2954061691919153, 0.35921546816825867, 0.1305391490459442, -0.9240800142288208, 2.5187072309043903, 0.0, 0.0, 0.0, 1.0, 4.2647, 0.0, 0.5, 0.0, 4.2647, 0.5, 0.0, 0.0, 1.0]], ["frame39.png", [0.9319556951522827, -0.030658453702926636, -0.3612736165523529, 0.9171820279152227, -0.07076668739318848, -0.99263596534729, -0.09831533581018448, 0.265516272420323, -0.35559898614883423, 0.11719167232513428, -0.9272623062133789, 2.5255253387660432, 0.0, 0.0, 0.0, 1.0, 4.2647, 0.0, 0.5, 0.0, 4.2647, 0.5, 0.0, 0.0, 1.0]], ["frame39_mirror.png", [0.9319556951522827, 0.030658453702926636, 0.3612736165523529, -0.9171820279152227, 0.07076668739318848, -0.99263596534729, -0.09831533581018448, 0.265516272420323, 0.35559898614883423, 0.11719167232513428, -0.9272623062133789, 2.5255253387660432, 0.0, 0.0, 0.0, 1.0, 4.2647, 0.0, 0.5, 0.0, 4.2647, 0.5, 0.0, 0.0, 1.0]], ["frame4.png", [0.9627803564071655, -0.0747603327035904, -0.2597401738166809, 0.6547273439558023, -0.09617167711257935, -0.9928499460220337, -0.070710688829422, 0.19353575930594605, -0.2525966763496399, 0.0930585041642189, -0.9630862474441528, 2.6122549674460287, 0.0, 0.0, 0.0, 1.0, 4.2647, 0.0, 0.5, 0.0, 4.2647, 0.5, 0.0, 0.0, 1.0]], ["frame4_mirror.png", [0.9627803564071655, 0.0747603327035904, 0.2597401738166809, -0.6547273439558023, 0.09617167711257935, -0.9928499460220337, -0.070710688829422, 0.19353575930594605, 0.2525966763496399, 0.0930585041642189, -0.9630862474441528, 2.6122549674460287, 0.0, 0.0, 0.0, 1.0, 4.2647, 0.0, 0.5, 0.0, 4.2647, 0.5, 0.0, 0.0, 1.0]], ["frame40.png", [0.9359999895095825, -0.023361768573522568, -0.35122397541999817, 0.8916395335888124, -0.0701044574379921, -0.9901783466339111, -0.12096398323774338, 0.3174742487317202, -0.344948410987854, 0.13784465193748474, -0.9284446239471436, 2.5286733762061395, 0.0, 0.0, 0.0, 1.0, 4.2647, 0.0, 0.5, 0.0, 4.2647, 0.5, 0.0, 0.0, 1.0]], ["frame40_mirror.png", [0.9359999895095825, 0.023361768573522568, 0.35122397541999817, -0.8916395335888124, 0.0701044574379921, -0.9901783466339111, -0.12096398323774338, 0.3174742487317202, 0.344948410987854, 0.13784465193748474, -0.9284446239471436, 2.5286733762061395, 0.0, 0.0, 0.0, 1.0, 4.2647, 0.0, 0.5, 0.0, 4.2647, 0.5, 0.0, 0.0, 1.0]], ["frame41.png", [0.9396785497665405, -0.018857093527913094, -0.3415387272834778, 0.8671564036560729, -0.066652312874794, -0.9894343614578247, -0.12875227630138397, 0.3362144960235586, -0.3355022668838501, 0.14375010132789612, -0.9310070872306824, 2.5347582891198703, 0.0, 0.0, 0.0, 1.0, 4.2647, 0.0, 0.5, 0.0, 4.2647, 0.5, 0.0, 0.0, 1.0]], ["frame41_mirror.png", [0.9396785497665405, 0.018857093527913094, 0.3415387272834778, -0.8671564036560729, 0.066652312874794, -0.9894343614578247, -0.12875227630138397, 0.3362144960235586, 0.3355022668838501, 0.14375010132789612, -0.9310070872306824, 2.5347582891198703, 0.0, 0.0, 0.0, 1.0, 4.2647, 0.0, 0.5, 0.0, 4.2647, 0.5, 0.0, 0.0, 1.0]], ["frame42.png", [0.919465959072113, 0.0021887985058128834, -0.39316365122795105, 1.0005285800849797, -0.04598582908511162, -0.9925223588943481, -0.11306953430175781, 0.29890088629739026, -0.3904712200164795, 0.12204354256391525, -0.9124898314476013, 2.4898997611558116, 0.0, 0.0, 0.0, 1.0, 4.2647, 0.0, 0.5, 0.0, 4.2647, 0.5, 0.0, 0.0, 1.0]], ["frame42_mirror.png", [0.919465959072113, -0.0021887985058128834, 0.39316365122795105, -1.0005285800849797, 0.04598582908511162, -0.9925223588943481, -0.11306953430175781, 0.29890088629739026, 0.3904712200164795, 0.12204354256391525, -0.9124898314476013, 2.4898997611558116, 0.0, 0.0, 0.0, 1.0, 4.2647, 0.0, 0.5, 0.0, 4.2647, 0.5, 0.0, 0.0, 1.0]], ["frame43.png", [0.9184421896934509, 0.015511023811995983, -0.39525100588798523, 1.0102590676723753, -0.034605201333761215, -0.9922488331794739, -0.11935117095708847, 0.3134970701650791, -0.3940386176109314, 0.123294897377491, -0.9107864499092102, 2.4841691172671108, 0.0, 0.0, 0.0, 1.0, 4.2647, 0.0, 0.5, 0.0, 4.2647, 0.5, 0.0, 0.0, 1.0]], ["frame43_mirror.png", [0.9184421896934509, -0.015511023811995983, 0.39525100588798523, -1.0102590676723753, 0.034605201333761215, -0.9922488331794739, -0.11935117095708847, 0.3134970701650791, 0.3940386176109314, 0.123294897377491, -0.9107864499092102, 2.4841691172671108, 0.0, 0.0, 0.0, 1.0, 4.2647, 0.0, 0.5, 0.0, 4.2647, 0.5, 0.0, 0.0, 1.0]], ["frame44.png", [0.9382454752922058, 0.004928474314510822, -0.3459351658821106, 0.878442868885813, -0.03978681191802025, -0.9917275905609131, -0.12203876674175262, 0.3233593021517915, -0.343674898147583, 0.12826599180698395, -0.9302878379821777, 2.532543560892008, 0.0, 0.0, 0.0, 1.0, 4.2647, 0.0, 0.5, 0.0, 4.2647, 0.5, 0.0, 0.0, 1.0]], ["frame44_mirror.png", [0.9382454752922058, -0.004928474314510822, 0.3459351658821106, -0.878442868885813, 0.03978681191802025, -0.9917275905609131, -0.12203876674175262, 0.3233593021517915, 0.343674898147583, 0.12826599180698395, -0.9302878379821777, 2.532543560892008, 0.0, 0.0, 0.0, 1.0, 4.2647, 0.0, 0.5, 0.0, 4.2647, 0.5, 0.0, 0.0, 1.0]], ["frame45.png", [0.9535936713218689, -0.005890963599085808, -0.3010388910770416, 0.760394770130459, -0.04479062929749489, -0.9914597272872925, -0.12248054891824722, 0.3240133748828464, -0.2977463901042938, 0.13028040528297424, -0.9457135200500488, 2.5703725656906777, 0.0, 0.0, 0.0, 1.0, 4.2647, 0.0, 0.5, 0.0, 4.2647, 0.5, 0.0, 0.0, 1.0]], ["frame45_mirror.png", [0.9535936713218689, 0.005890963599085808, 0.3010388910770416, -0.760394770130459, 0.04479062929749489, -0.9914597272872925, -0.12248054891824722, 0.3240133748828464, 0.2977463901042938, 0.13028040528297424, -0.9457135200500488, 2.5703725656906777, 0.0, 0.0, 0.0, 1.0, 4.2647, 0.0, 0.5, 0.0, 4.2647, 0.5, 0.0, 0.0, 1.0]], ["frame46.png", [0.9628475308418274, -0.009376329369843006, -0.26988279819488525, 0.6824746274018275, -0.04875217378139496, -0.989011287689209, -0.13957026600837708, 0.3675343409041515, -0.2656084895133972, 0.14754225313663483, -0.9527242183685303, 2.5863385105606125, 0.0, 0.0, 0.0, 1.0, 4.2647, 0.0, 0.5, 0.0, 4.2647, 0.5, 0.0, 0.0, 1.0]], ["frame46_mirror.png", [0.9628475308418274, 0.009376329369843006, 0.26988279819488525, -0.6824746274018275, 0.04875217378139496, -0.989011287689209, -0.13957026600837708, 0.3675343409041515, 0.2656084895133972, 0.14754225313663483, -0.9527242183685303, 2.5863385105606125, 0.0, 0.0, 0.0, 1.0, 4.2647, 0.0, 0.5, 0.0, 4.2647, 0.5, 0.0, 0.0, 1.0]], ["frame47.png", [0.9473754167556763, 0.01164882630109787, -0.3199128210544586, 0.8070543558395643, -0.02951533906161785, -0.9919026494026184, -0.12352304905653, 0.32000398107000383, -0.31876128911972046, 0.12646503746509552, -0.9393603205680847, 2.556611178654223, 0.0, 0.0, 0.0, 1.0, 4.2647, 0.0, 0.5, 0.0, 4.2647, 0.5, 0.0, 0.0, 1.0]], ["frame47_mirror.png", [0.9473754167556763, -0.01164882630109787, 0.3199128210544586, -0.8070543558395643, 0.02951533906161785, -0.9919026494026184, -0.12352304905653, 0.32000398107000383, 0.31876128911972046, 0.12646503746509552, -0.9393603205680847, 2.556611178654223, 0.0, 0.0, 0.0, 1.0, 4.2647, 0.0, 0.5, 0.0, 4.2647, 0.5, 0.0, 0.0, 1.0]], ["frame48.png", [0.9485147595405579, 0.013693340122699738, -0.316436767578125, 0.7976732929886649, -0.022365691140294075, -0.9936754107475281, -0.11004070192575455, 0.28547429107160444, -0.31594225764274597, 0.11145255714654922, -0.9422094821929932, 2.5636344799502493, 0.0, 0.0, 0.0, 1.0, 4.2647, 0.0, 0.5, 0.0, 4.2647, 0.5, 0.0, 0.0, 1.0]], ["frame48_mirror.png", [0.9485147595405579, -0.013693340122699738, 0.316436767578125, -0.7976732929886649, 0.022365691140294075, -0.9936754107475281, -0.11004070192575455, 0.28547429107160444, 0.31594225764274597, 0.11145255714654922, -0.9422094821929932, 2.5636344799502493, 0.0, 0.0, 0.0, 1.0, 4.2647, 0.0, 0.5, 0.0, 4.2647, 0.5, 0.0, 0.0, 1.0]], ["frame49.png", [0.9271039366722107, 0.036783210933208466, -0.3729950785636902, 0.9519934007471487, -0.010498519986867905, -0.9922336339950562, -0.12394467741250992, 0.3234280744391782, -0.3746573328971863, 0.11882549524307251, -0.9195175170898438, 2.5058138090445676, 0.0, 0.0, 0.0, 1.0, 4.2647, 0.0, 0.5, 0.0, 4.2647, 0.5, 0.0, 0.0, 1.0]], ["frame49_mirror.png", [0.9271039366722107, -0.036783210933208466, 0.3729950785636902, -0.9519934007471487, 0.010498519986867905, -0.9922336339950562, -0.12394467741250992, 0.3234280744391782, 0.3746573328971863, 0.11882549524307251, -0.9195175170898438, 2.5058138090445676, 0.0, 0.0, 0.0, 1.0, 4.2647, 0.0, 0.5, 0.0, 4.2647, 0.5, 0.0, 0.0, 1.0]], ["frame5.png", [0.9628248810768127, -0.05956915393471718, -0.26347628235816956, 0.6647846108900363, -0.08256006985902786, -0.9936025142669678, -0.07705754041671753, 0.21158286520887676, -0.2572004497051239, 0.09594553709030151, -0.9615832567214966, 2.6083125028021064, 0.0, 0.0, 0.0, 1.0, 4.2647, 0.0, 0.5, 0.0, 4.2647, 0.5, 0.0, 0.0, 1.0]], ["frame5_mirror.png", [0.9628248810768127, 0.05956915393471718, 0.26347628235816956, -0.6647846108900363, 0.08256006985902786, -0.9936025142669678, -0.07705754041671753, 0.21158286520887676, 0.2572004497051239, 0.09594553709030151, -0.9615832567214966, 2.6083125028021064, 0.0, 0.0, 0.0, 1.0, 4.2647, 0.0, 0.5, 0.0, 4.2647, 0.5, 0.0, 0.0, 1.0]], ["frame6.png", [0.9625895023345947, -0.06561867892742157, -0.26289859414100647, 0.6645043302806563, -0.08812452107667923, -0.9933016896247864, -0.07473833113908768, 0.2046330026560984, -0.2562333643436432, 0.09511014074087143, -0.9619243741035461, 2.608938352905681, 0.0, 0.0, 0.0, 1.0, 4.2647, 0.0, 0.5, 0.0, 4.2647, 0.5, 0.0, 0.0, 1.0]], ["frame6_mirror.png", [0.9625895023345947, 0.06561867892742157, 0.26289859414100647, -0.6645043302806563, 0.08812452107667923, -0.9933016896247864, -0.07473833113908768, 0.2046330026560984, 0.2562333643436432, 0.09511014074087143, -0.9619243741035461, 2.608938352905681, 0.0, 0.0, 0.0, 1.0, 4.2647, 0.0, 0.5, 0.0, 4.2647, 0.5, 0.0, 0.0, 1.0]], ["frame7.png", [0.962191104888916, -0.07039047032594681, -0.2631225883960724, 0.6651454956659847, -0.09257207810878754, -0.9930365085601807, -0.07286231964826584, 0.19636667541910488, -0.25616154074668884, 0.09446528553962708, -0.9620069861412048, 2.60941020124857, 0.0, 0.0, 0.0, 1.0, 4.2647, 0.0, 0.5, 0.0, 4.2647, 0.5, 0.0, 0.0, 1.0]], ["frame7_mirror.png", [0.962191104888916, 0.07039047032594681, 0.2631225883960724, -0.6651454956659847, 0.09257207810878754, -0.9930365085601807, -0.07286231964826584, 0.19636667541910488, 0.25616154074668884, 0.09446528553962708, -0.9620069861412048, 2.60941020124857, 0.0, 0.0, 0.0, 1.0, 4.2647, 0.0, 0.5, 0.0, 4.2647, 0.5, 0.0, 0.0, 1.0]], ["frame8.png", [0.9624834656715393, -0.07732031494379044, -0.26009052991867065, 0.6592906889068035, -0.1009829118847847, -0.9917576313018799, -0.07886242866516113, 0.21517261444962213, -0.25184908509254456, 0.1021684855222702, -0.9623583555221558, 2.6094130630300194, 0.0, 0.0, 0.0, 1.0, 4.2647, 0.0, 0.5, 0.0, 4.2647, 0.5, 0.0, 0.0, 1.0]], ["frame8_mirror.png", [0.9624834656715393, 0.07732031494379044, 0.26009052991867065, -0.6592906889068035, 0.1009829118847847, -0.9917576313018799, -0.07886242866516113, 0.21517261444962213, 0.25184908509254456, 0.1021684855222702, -0.9623583555221558, 2.6094130630300194, 0.0, 0.0, 0.0, 1.0, 4.2647, 0.0, 0.5, 0.0, 4.2647, 0.5, 0.0, 0.0, 1.0]], ["frame9.png", [0.9631781578063965, -0.0820724293589592, -0.2560310363769531, 0.6484788819420921, -0.10288401693105698, -0.9923002123832703, -0.06895704567432404, 0.19123182998330765, -0.24840018153190613, 0.09275941550731659, -0.9642059206962585, 2.613982694448525, 0.0, 0.0, 0.0, 1.0, 4.2647, 0.0, 0.5, 0.0, 4.2647, 0.5, 0.0, 0.0, 1.0]], ["frame9_mirror.png", [0.9631781578063965, 0.0820724293589592, 0.2560310363769531, -0.6484788819420921, 0.10288401693105698, -0.9923002123832703, -0.06895704567432404, 0.19123182998330765, 0.24840018153190613, 0.09275941550731659, -0.9642059206962585, 2.613982694448525, 0.0, 0.0, 0.0, 1.0, 4.2647, 0.0, 0.5, 0.0, 4.2647, 0.5, 0.0, 0.0, 1.0]]]}