{"labels": [["frame0.png", [0.8859232664108276, -0.23020502924919128, -0.4026731252670288, 1.0277134157869732, -0.21660226583480835, -0.9730004668235779, 0.07970888912677765, -0.19882690061754907, -0.41015052795410156, 0.016603946685791016, -0.9118666052818298, 2.4888296443513953, 0.0, 0.0, 0.0, 1.0, 4.2647, 0.0, 0.5, 0.0, 4.2647, 0.5, 0.0, 0.0, 1.0]], ["frame0_mirror.png", [0.8859232664108276, 0.23020502924919128, 0.4026731252670288, -1.0277134157869732, 0.21660226583480835, -0.9730004668235779, 0.07970888912677765, -0.19882690061754907, 0.41015052795410156, 0.016603946685791016, -0.9118666052818298, 2.4888296443513953, 0.0, 0.0, 0.0, 1.0, 4.2647, 0.0, 0.5, 0.0, 4.2647, 0.5, 0.0, 0.0, 1.0]], ["frame1.png", [0.9298203587532043, 0.2306739240884781, 0.28674671053886414, -0.7312933136700935, 0.21596111357212067, -0.9729204177856445, 0.08238057792186737, -0.20835348613980725, 0.297984778881073, -0.014672994613647461, -0.9544578790664673, 2.5907139776893175, 0.0, 0.0, 0.0, 1.0, 4.2647, 0.0, 0.5, 0.0, 4.2647, 0.5, 0.0, 0.0, 1.0]], ["frame1_mirror.png", [0.9298203587532043, -0.2306739240884781, -0.28674671053886414, 0.7312933136700935, -0.21596111357212067, -0.9729204177856445, 0.08238057792186737, -0.20835348613980725, -0.297984778881073, -0.014672994613647461, -0.9544578790664673, 2.5907139776893175, 0.0, 0.0, 0.0, 1.0, 4.2647, 0.0, 0.5, 0.0, 4.2647, 0.5, 0.0, 0.0, 1.0]], ["frame2.png", [0.9938676357269287, 0.054247792810201645, 0.09635476022958755, -0.24992010130510406, 0.04657387733459473, -0.9956916570663452, 0.08018088340759277, -0.199068027494199, 0.10028926283121109, -0.07520157098770142, -0.9921122789382935, 2.6810281355094387, 0.0, 0.0, 0.0, 1.0, 4.2647, 0.0, 0.5, 0.0, 4.2647, 0.5, 0.0, 0.0, 1.0]], ["frame2_mirror.png", [0.9938676357269287, -0.054247792810201645, -0.09635476022958755, 0.24992010130510406, -0.04657387733459473, -0.9956916570663452, 0.08018088340759277, -0.199068027494199, -0.10028926283121109, -0.07520157098770142, -0.9921122789382935, 2.6810281355094387, 0.0, 0.0, 0.0, 1.0, 4.2647, 0.0, 0.5, 0.0, 4.2647, 0.5, 0.0, 0.0, 1.0]]]}