{"labels": [["frame0.png", [0.9643888473510742, -0.07726597785949707, -0.2529509961605072, 0.6341497992069898, -0.09670603275299072, -0.9931668639183044, -0.06532573699951172, 0.18405205423092239, -0.24617508053779602, 0.08746130019426346, -0.9652711153030396, 2.6180104800208714, 0.0, 0.0, 0.0, 1.0, 4.2647, 0.0, 0.5, 0.0, 4.2647, 0.5, 0.0, 0.0, 1.0]], ["frame0_mirror.png", [0.9643888473510742, 0.07726597785949707, 0.2529509961605072, -0.6341497992069898, 0.09670603275299072, -0.9931668639183044, -0.06532573699951172, 0.18405205423092239, 0.24617508053779602, 0.08746130019426346, -0.9652711153030396, 2.6180104800208714, 0.0, 0.0, 0.0, 1.0, 4.2647, 0.0, 0.5, 0.0, 4.2647, 0.5, 0.0, 0.0, 1.0]], ["frame1.png", [0.9504299759864807, -0.04767369478940964, -0.3072623312473297, 0.7751030552865272, -0.07658806443214417, -0.9936241507530212, -0.08273667097091675, 0.2254247182049328, -0.3013588786125183, 0.10216803848743439, -0.9480213522911072, 2.5765090626868985, 0.0, 0.0, 0.0, 1.0, 4.2647, 0.0, 0.5, 0.0, 4.2647, 0.5, 0.0, 0.0, 1.0]], ["frame1_mirror.png", [0.9504299759864807, 0.04767369478940964, 0.3072623312473297, -0.7751030552865272, 0.07658806443214417, -0.9936241507530212, -0.08273667097091675, 0.2254247182049328, 0.3013588786125183, 0.10216803848743439, -0.9480213522911072, 2.5765090626868985, 0.0, 0.0, 0.0, 1.0, 4.2647, 0.0, 0.5, 0.0, 4.2647, 0.5, 0.0, 0.0, 1.0]], ["frame2.png", [0.9259207844734192, -0.03524074703454971, -0.3760702908039093, 0.9531865011043654, -0.08242137730121613, -0.9904959201812744, -0.11011199653148651, 0.29310042739511255, -0.36861565709114075, 0.13295121490955353, -0.9200252890586853, 2.5090890047133083, 0.0, 0.0, 0.0, 1.0, 4.2647, 0.0, 0.5, 0.0, 4.2647, 0.5, 0.0, 0.0, 1.0]], ["frame2_mirror.png", [0.9259207844734192, 0.03524074703454971, 0.3760702908039093, -0.9531865011043654, 0.08242137730121613, -0.9904959201812744, -0.11011199653148651, 0.29310042739511255, 0.36861565709114075, 0.13295121490955353, -0.9200252890586853, 2.5090890047133083, 0.0, 0.0, 0.0, 1.0, 4.2647, 0.0, 0.5, 0.0, 4.2647, 0.5, 0.0, 0.0, 1.0]], ["frame3.png", [0.9473770260810852, 0.011651207692921162, -0.31990793347358704, 0.8070370393208917, -0.02950308844447136, -0.9919063448905945, -0.12349633127450943, 0.3199352880744653, -0.3187575936317444, 0.12643584609031677, -0.939365565776825, 2.556625242112907, 0.0, 0.0, 0.0, 1.0, 4.2647, 0.0, 0.5, 0.0, 4.2647, 0.5, 0.0, 0.0, 1.0]], ["frame3_mirror.png", [0.9473770260810852, -0.011651207692921162, 0.31990793347358704, -0.8070370393208917, 0.02950308844447136, -0.9919063448905945, -0.12349633127450943, 0.3199352880744653, 0.3187575936317444, 0.12643584609031677, -0.939365565776825, 2.556625242112907, 0.0, 0.0, 0.0, 1.0, 4.2647, 0.0, 0.5, 0.0, 4.2647, 0.5, 0.0, 0.0, 1.0]]]}