{"labels": [["frame0.png", [0.98000168800354, -0.07819356769323349, -0.18298208713531494, 0.47072706518114815, -0.08441491425037384, -0.9960795640945435, -0.026449285447597504, 0.06784658888671169, -0.18019655346870422, 0.04136676341295242, -0.9827604293823242, 2.6577834506374636, 0.0, 0.0, 0.0, 1.0, 4.2647, 0.0, 0.5, 0.0, 4.2647, 0.5, 0.0, 0.0, 1.0]], ["frame0_mirror.png", [0.98000168800354, 0.07819356769323349, 0.18298208713531494, -0.47072706518114815, 0.08441491425037384, -0.9960795640945435, -0.026449285447597504, 0.06784658888671169, 0.18019655346870422, 0.04136676341295242, -0.9827604293823242, 2.6577834506374636, 0.0, 0.0, 0.0, 1.0, 4.2647, 0.0, 0.5, 0.0, 4.2647, 0.5, 0.0, 0.0, 1.0]], ["frame1.png", [0.991054117679596, -0.11669319868087769, -0.06476455181837082, 0.1642307630046834, -0.12311113625764847, -0.9867120385169983, -0.10603363066911697, 0.2676233029256439, -0.051530562341213226, 0.11305830627679825, -0.9922511577606201, 2.681679702017761, 0.0, 0.0, 0.0, 1.0, 4.2647, 0.0, 0.5, 0.0, 4.2647, 0.5, 0.0, 0.0, 1.0]], ["frame1_mirror.png", [0.991054117679596, 0.11669319868087769, 0.06476455181837082, -0.1642307630046834, 0.12311113625764847, -0.9867120385169983, -0.10603363066911697, 0.2676233029256439, 0.051530562341213226, 0.11305830627679825, -0.9922511577606201, 2.681679702017761, 0.0, 0.0, 0.0, 1.0, 4.2647, 0.0, 0.5, 0.0, 4.2647, 0.5, 0.0, 0.0, 1.0]], ["frame10.png", [0.9162678122520447, -0.25437813997268677, 0.30942702293395996, -0.7877343165465505, -0.20342427492141724, -0.9609472155570984, -0.1876140683889389, 0.4788840831200326, 0.34506791830062866, 0.10895976424217224, -0.9322316646575928, 2.537744014172672, 0.0, 0.0, 0.0, 1.0, 4.2647, 0.0, 0.5, 0.0, 4.2647, 0.5, 0.0, 0.0, 1.0]], ["frame10_mirror.png", [0.9162678122520447, 0.25437813997268677, -0.30942702293395996, 0.7877343165465505, 0.20342427492141724, -0.9609472155570984, -0.1876140683889389, 0.4788840831200326, -0.34506791830062866, 0.10895976424217224, -0.9322316646575928, 2.537744014172672, 0.0, 0.0, 0.0, 1.0, 4.2647, 0.0, 0.5, 0.0, 4.2647, 0.5, 0.0, 0.0, 1.0]], ["frame11.png", [0.9557054042816162, -0.12404514849185944, 0.2669082283973694, -0.6824456554688817, -0.1441539227962494, -0.987910270690918, 0.05703532695770264, -0.14641889235079306, 0.25660645961761475, -0.09298484027385712, -0.9620327353477478, 2.6082234251103595, 0.0, 0.0, 0.0, 1.0, 4.2647, 0.0, 0.5, 0.0, 4.2647, 0.5, 0.0, 0.0, 1.0]], ["frame11_mirror.png", [0.9557054042816162, 0.12404514849185944, -0.2669082283973694, 0.6824456554688817, 0.1441539227962494, -0.987910270690918, 0.05703532695770264, -0.14641889235079306, -0.25660645961761475, -0.09298484027385712, -0.9620327353477478, 2.6082234251103595, 0.0, 0.0, 0.0, 1.0, 4.2647, 0.0, 0.5, 0.0, 4.2647, 0.5, 0.0, 0.0, 1.0]], ["frame12.png", [0.9974179863929749, -0.060952380299568176, 0.03797752782702446, -0.09919052084283274, -0.05927077680826187, -0.9972746968269348, -0.043934598565101624, 0.11412949046067562, 0.04055194556713104, 0.04157020151615143, -0.9983123540878296, 2.695762545177545, 0.0, 0.0, 0.0, 1.0, 4.2647, 0.0, 0.5, 0.0, 4.2647, 0.5, 0.0, 0.0, 1.0]], ["frame12_mirror.png", [0.9974179863929749, 0.060952380299568176, -0.03797752782702446, 0.09919052084283274, 0.05927077680826187, -0.9972746968269348, -0.043934598565101624, 0.11412949046067562, -0.04055194556713104, 0.04157020151615143, -0.9983123540878296, 2.695762545177545, 0.0, 0.0, 0.0, 1.0, 4.2647, 0.0, 0.5, 0.0, 4.2647, 0.5, 0.0, 0.0, 1.0]], ["frame13.png", [0.906836748123169, -0.2842167913913727, -0.31123608350753784, 0.7863367571657515, -0.2507207989692688, -0.9573332071304321, 0.14370864629745483, -0.36846092635535393, -0.3388010561466217, -0.052286915481090546, -0.9394040703773499, 2.556542792538276, 0.0, 0.0, 0.0, 1.0, 4.2647, 0.0, 0.5, 0.0, 4.2647, 0.5, 0.0, 0.0, 1.0]], ["frame13_mirror.png", [0.906836748123169, 0.2842167913913727, 0.31123608350753784, -0.7863367571657515, 0.2507207989692688, -0.9573332071304321, 0.14370864629745483, -0.36846092635535393, 0.3388010561466217, -0.052286915481090546, -0.9394040703773499, 2.556542792538276, 0.0, 0.0, 0.0, 1.0, 4.2647, 0.0, 0.5, 0.0, 4.2647, 0.5, 0.0, 0.0, 1.0]], ["frame2.png", [0.9924380779266357, -0.1217973455786705, -0.015229065902531147, 0.040019039632001804, -0.12271082401275635, -0.9815305471420288, -0.14676453173160553, 0.37952701463853594, 0.002927737310528755, 0.14752350747585297, -0.9890542030334473, 2.6728931369634843, 0.0, 0.0, 0.0, 1.0, 4.2647, 0.0, 0.5, 0.0, 4.2647, 0.5, 0.0, 0.0, 1.0]], ["frame2_mirror.png", [0.9924380779266357, 0.1217973455786705, 0.015229065902531147, -0.040019039632001804, 0.12271082401275635, -0.9815305471420288, -0.14676453173160553, 0.37952701463853594, -0.002927737310528755, 0.14752350747585297, -0.9890542030334473, 2.6728931369634843, 0.0, 0.0, 0.0, 1.0, 4.2647, 0.0, 0.5, 0.0, 4.2647, 0.5, 0.0, 0.0, 1.0]], ["frame3.png", [0.9757931232452393, -0.17182759940624237, -0.13528867065906525, 0.34648344600535486, -0.18112927675247192, -0.9816484451293945, -0.05965312570333481, 0.15912570857821648, -0.12255585938692093, 0.08271384984254837, -0.9890088438987732, 2.672943738748299, 0.0, 0.0, 0.0, 1.0, 4.2647, 0.0, 0.5, 0.0, 4.2647, 0.5, 0.0, 0.0, 1.0]], ["frame3_mirror.png", [0.9757931232452393, 0.17182759940624237, 0.13528867065906525, -0.34648344600535486, 0.18112927675247192, -0.9816484451293945, -0.05965312570333481, 0.15912570857821648, 0.12255585938692093, 0.08271384984254837, -0.9890088438987732, 2.672943738748299, 0.0, 0.0, 0.0, 1.0, 4.2647, 0.0, 0.5, 0.0, 4.2647, 0.5, 0.0, 0.0, 1.0]], ["frame4.png", [0.9890854358673096, -0.13990749418735504, -0.04621564969420433, 0.11610760354904517, -0.1286657452583313, -0.9729653596878052, 0.1917906105518341, -0.4876258111682262, -0.07179916650056839, -0.1837509423494339, -0.9803471565246582, 2.6530623989421414, 0.0, 0.0, 0.0, 1.0, 4.2647, 0.0, 0.5, 0.0, 4.2647, 0.5, 0.0, 0.0, 1.0]], ["frame4_mirror.png", [0.9890854358673096, 0.13990749418735504, 0.04621564969420433, -0.11610760354904517, 0.1286657452583313, -0.9729653596878052, 0.1917906105518341, -0.4876258111682262, 0.07179916650056839, -0.1837509423494339, -0.9803471565246582, 2.6530623989421414, 0.0, 0.0, 0.0, 1.0, 4.2647, 0.0, 0.5, 0.0, 4.2647, 0.5, 0.0, 0.0, 1.0]], ["frame5.png", [0.9383042454719543, -0.14419911801815033, -0.31431150436401367, 0.8061861629364087, -0.13035598397254944, -0.9893510341644287, 0.06474457681179047, -0.15599060737641823, -0.32030051946640015, -0.019777730107307434, -0.9471095204353333, 2.5721062966176587, 0.0, 0.0, 0.0, 1.0, 4.2647, 0.0, 0.5, 0.0, 4.2647, 0.5, 0.0, 0.0, 1.0]], ["frame5_mirror.png", [0.9383042454719543, 0.14419911801815033, 0.31431150436401367, -0.8061861629364087, 0.13035598397254944, -0.9893510341644287, 0.06474457681179047, -0.15599060737641823, 0.32030051946640015, -0.019777730107307434, -0.9471095204353333, 2.5721062966176587, 0.0, 0.0, 0.0, 1.0, 4.2647, 0.0, 0.5, 0.0, 4.2647, 0.5, 0.0, 0.0, 1.0]], ["frame6.png", [0.9732527732849121, -0.19597803056240082, -0.11988190561532974, 0.30424391240309323, -0.20054791867733002, -0.9793061017990112, -0.02720467746257782, 0.06569686545040691, -0.11206956207752228, 0.05051909387111664, -0.9924153089523315, 2.681999172937167, 0.0, 0.0, 0.0, 1.0, 4.2647, 0.0, 0.5, 0.0, 4.2647, 0.5, 0.0, 0.0, 1.0]], ["frame6_mirror.png", [0.9732527732849121, 0.19597803056240082, 0.11988190561532974, -0.30424391240309323, 0.20054791867733002, -0.9793061017990112, -0.02720467746257782, 0.06569686545040691, 0.11206956207752228, 0.05051909387111664, -0.9924153089523315, 2.681999172937167, 0.0, 0.0, 0.0, 1.0, 4.2647, 0.0, 0.5, 0.0, 4.2647, 0.5, 0.0, 0.0, 1.0]], ["frame7.png", [0.8788882493972778, -0.25631317496299744, -0.4023170471191406, 1.0322191881516283, -0.23065999150276184, -0.9665777683258057, 0.11190751194953918, -0.2854673750873152, -0.41755411028862, -0.005555763840675354, -0.9086350798606873, 2.4785140559158325, 0.0, 0.0, 0.0, 1.0, 4.2647, 0.0, 0.5, 0.0, 4.2647, 0.5, 0.0, 0.0, 1.0]], ["frame7_mirror.png", [0.8788882493972778, 0.25631317496299744, 0.4023170471191406, -1.0322191881516283, 0.23065999150276184, -0.9665777683258057, 0.11190751194953918, -0.2854673750873152, 0.41755411028862, -0.005555763840675354, -0.9086350798606873, 2.4785140559158325, 0.0, 0.0, 0.0, 1.0, 4.2647, 0.0, 0.5, 0.0, 4.2647, 0.5, 0.0, 0.0, 1.0]], ["frame8.png", [0.9970546364784241, -0.07110640406608582, 0.028740203008055687, -0.07601320567500847, -0.07182027399539948, -0.9971137046813965, 0.024619150906801224, -0.06135491919011382, 0.02690667286515236, -0.02661076746881008, -0.9992837309837341, 2.698232304019464, 0.0, 0.0, 0.0, 1.0, 4.2647, 0.0, 0.5, 0.0, 4.2647, 0.5, 0.0, 0.0, 1.0]], ["frame8_mirror.png", [0.9970546364784241, 0.07110640406608582, -0.028740203008055687, 0.07601320567500847, 0.07182027399539948, -0.9971137046813965, 0.024619150906801224, -0.06135491919011382, -0.02690667286515236, -0.02661076746881008, -0.9992837309837341, 2.698232304019464, 0.0, 0.0, 0.0, 1.0, 4.2647, 0.0, 0.5, 0.0, 4.2647, 0.5, 0.0, 0.0, 1.0]], ["frame9.png", [0.9748274683952332, -0.2149302065372467, 0.059298302978277206, -0.157840759603293, -0.21284662187099457, -0.9762853980064392, -0.03953701630234718, 0.10365896129264923, 0.0663897693157196, 0.025920329615473747, -0.9974570274353027, 2.6933884076292425, 0.0, 0.0, 0.0, 1.0, 4.2647, 0.0, 0.5, 0.0, 4.2647, 0.5, 0.0, 0.0, 1.0]], ["frame9_mirror.png", [0.9748274683952332, 0.2149302065372467, -0.059298302978277206, 0.157840759603293, 0.21284662187099457, -0.9762853980064392, -0.03953701630234718, 0.10365896129264923, -0.0663897693157196, 0.025920329615473747, -0.9974570274353027, 2.6933884076292425, 0.0, 0.0, 0.0, 1.0, 4.2647, 0.0, 0.5, 0.0, 4.2647, 0.5, 0.0, 0.0, 1.0]]]}