{"labels": [["frame0.png", [0.40269359946250916, 0.09198737889528275, -0.9107009172439575, 2.3852083327283222, 0.05132289230823517, -0.9956414103507996, -0.07787302881479263, 0.20852037100339021, -0.9138948321342468, -0.015380829572677612, -0.4056594669818878, 1.2479184526081775, 0.0, 0.0, 0.0, 1.0, 4.2647, 0.0, 0.5, 0.0, 4.2647, 0.5, 0.0, 0.0, 1.0]], ["frame0_mirror.png", [0.40269359946250916, -0.09198737889528275, 0.9107009172439575, -2.3852083327283222, -0.05132289230823517, -0.9956414103507996, -0.07787302881479263, 0.20852037100339021, 0.9138948321342468, -0.015380829572677612, -0.4056594669818878, 1.2479184526081775, 0.0, 0.0, 0.0, 1.0, 4.2647, 0.0, 0.5, 0.0, 4.2647, 0.5, 0.0, 0.0, 1.0]], ["frame1.png", [0.38960638642311096, 0.0691484734416008, -0.918381929397583, 2.4089718123809316, 0.06737472116947174, -0.9966455698013306, -0.04645876958966255, 0.12692550339410696, -0.9185137748718262, -0.04377508908510208, -0.39295831322669983, 1.2127426453053776, 0.0, 0.0, 0.0, 1.0, 4.2647, 0.0, 0.5, 0.0, 4.2647, 0.5, 0.0, 0.0, 1.0]], ["frame1_mirror.png", [0.38960638642311096, -0.0691484734416008, 0.918381929397583, -2.4089718123809316, -0.06737472116947174, -0.9966455698013306, -0.04645876958966255, 0.12692550339410696, 0.9185137748718262, -0.04377508908510208, -0.39295831322669983, 1.2127426453053776, 0.0, 0.0, 0.0, 1.0, 4.2647, 0.0, 0.5, 0.0, 4.2647, 0.5, 0.0, 0.0, 1.0]], ["frame10.png", [0.40687689185142517, 0.15985850989818573, -0.8993867039680481, 2.349597569588765, 0.10729540884494781, -0.9861167073249817, -0.12673427164554596, 0.33450965308389247, -0.9071598052978516, -0.04493483901023865, -0.41838017106056213, 1.2874372035079082, 0.0, 0.0, 0.0, 1.0, 4.2647, 0.0, 0.5, 0.0, 4.2647, 0.5, 0.0, 0.0, 1.0]], ["frame10_mirror.png", [0.40687689185142517, -0.15985850989818573, 0.8993867039680481, -2.349597569588765, -0.10729540884494781, -0.9861167073249817, -0.12673427164554596, 0.33450965308389247, 0.9071598052978516, -0.04493483901023865, -0.41838017106056213, 1.2874372035079082, 0.0, 0.0, 0.0, 1.0, 4.2647, 0.0, 0.5, 0.0, 4.2647, 0.5, 0.0, 0.0, 1.0]], ["frame11.png", [0.42975592613220215, 0.14723803102970123, -0.8908596038818359, 2.3309011499122296, 0.09721313416957855, -0.9884255528450012, -0.1164671778678894, 0.30275633408768293, -0.8976967930793762, -0.036550819873809814, -0.43909522891044617, 1.3286227574099558, 0.0, 0.0, 0.0, 1.0, 4.2647, 0.0, 0.5, 0.0, 4.2647, 0.5, 0.0, 0.0, 1.0]], ["frame11_mirror.png", [0.42975592613220215, -0.14723803102970123, 0.8908596038818359, -2.3309011499122296, -0.09721313416957855, -0.9884255528450012, -0.1164671778678894, 0.30275633408768293, 0.8976967930793762, -0.036550819873809814, -0.43909522891044617, 1.3286227574099558, 0.0, 0.0, 0.0, 1.0, 4.2647, 0.0, 0.5, 0.0, 4.2647, 0.5, 0.0, 0.0, 1.0]], ["frame12.png", [0.42103713750839233, 0.12384036183357239, -0.8985495567321777, 2.355685963706367, 0.07295101881027222, -0.9920498132705688, -0.10254383832216263, 0.26539423525921746, -0.9041049480438232, -0.02237534523010254, -0.4267241358757019, 1.292404557515944, 0.0, 0.0, 0.0, 1.0, 4.2647, 0.0, 0.5, 0.0, 4.2647, 0.5, 0.0, 0.0, 1.0]], ["frame12_mirror.png", [0.42103713750839233, -0.12384036183357239, 0.8985495567321777, -2.355685963706367, -0.07295101881027222, -0.9920498132705688, -0.10254383832216263, 0.26539423525921746, 0.9041049480438232, -0.02237534523010254, -0.4267241358757019, 1.292404557515944, 0.0, 0.0, 0.0, 1.0, 4.2647, 0.0, 0.5, 0.0, 4.2647, 0.5, 0.0, 0.0, 1.0]], ["frame13.png", [0.43760740756988525, 0.07962369918823242, -0.8956337571144104, 2.3373257079805794, 0.06185294687747955, -0.99637770652771, -0.05835863947868347, 0.15595564515866134, -0.8970361948013306, -0.029859408736228943, -0.4409472346305847, 1.3426043242728776, 0.0, 0.0, 0.0, 1.0, 4.2647, 0.0, 0.5, 0.0, 4.2647, 0.5, 0.0, 0.0, 1.0]], ["frame13_mirror.png", [0.43760740756988525, -0.07962369918823242, 0.8956337571144104, -2.3373257079805794, -0.06185294687747955, -0.99637770652771, -0.05835863947868347, 0.15595564515866134, 0.8970361948013306, -0.029859408736228943, -0.4409472346305847, 1.3426043242728776, 0.0, 0.0, 0.0, 1.0, 4.2647, 0.0, 0.5, 0.0, 4.2647, 0.5, 0.0, 0.0, 1.0]], ["frame14.png", [0.45389336347579956, 0.039775215089321136, -0.8901678323745728, 2.3210613639180866, 0.06720416992902756, -0.9976859092712402, -0.010312261059880257, 0.030844916192648772, -0.8885181546211243, -0.055142324417829514, -0.4555160701274872, 1.3790296356756733, 0.0, 0.0, 0.0, 1.0, 4.2647, 0.0, 0.5, 0.0, 4.2647, 0.5, 0.0, 0.0, 1.0]], ["frame14_mirror.png", [0.45389336347579956, -0.039775215089321136, 0.8901678323745728, -2.3210613639180866, -0.06720416992902756, -0.9976859092712402, -0.010312261059880257, 0.030844916192648772, 0.8885181546211243, -0.055142324417829514, -0.4555160701274872, 1.3790296356756733, 0.0, 0.0, 0.0, 1.0, 4.2647, 0.0, 0.5, 0.0, 4.2647, 0.5, 0.0, 0.0, 1.0]], ["frame15.png", [0.4645526707172394, 0.02792343869805336, -0.8851051330566406, 2.3098844343554146, 0.05846187099814415, -0.9982893466949463, -0.0008101334678940475, 0.006597866379183271, -0.883613646030426, -0.051368556916713715, -0.4653904438018799, 1.3979951244842772, 0.0, 0.0, 0.0, 1.0, 4.2647, 0.0, 0.5, 0.0, 4.2647, 0.5, 0.0, 0.0, 1.0]], ["frame15_mirror.png", [0.4645526707172394, -0.02792343869805336, 0.8851051330566406, -2.3098844343554146, -0.05846187099814415, -0.9982893466949463, -0.0008101334678940475, 0.006597866379183271, 0.883613646030426, -0.051368556916713715, -0.4653904438018799, 1.3979951244842772, 0.0, 0.0, 0.0, 1.0, 4.2647, 0.0, 0.5, 0.0, 4.2647, 0.5, 0.0, 0.0, 1.0]], ["frame16.png", [0.446615606546402, 0.055753882974386215, -0.8929871320724487, 2.329830446280543, 0.068592369556427, -0.9972529411315918, -0.027958190068602562, 0.07543759883412053, -0.892092764377594, -0.04876553639769554, -0.44921302795410156, 1.3624240383472208, 0.0, 0.0, 0.0, 1.0, 4.2647, 0.0, 0.5, 0.0, 4.2647, 0.5, 0.0, 0.0, 1.0]], ["frame16_mirror.png", [0.446615606546402, -0.055753882974386215, 0.8929871320724487, -2.329830446280543, -0.068592369556427, -0.9972529411315918, -0.027958190068602562, 0.07543759883412053, 0.892092764377594, -0.04876553639769554, -0.44921302795410156, 1.3624240383472208, 0.0, 0.0, 0.0, 1.0, 4.2647, 0.0, 0.5, 0.0, 4.2647, 0.5, 0.0, 0.0, 1.0]], ["frame17.png", [0.4580923914909363, 0.06406781077384949, -0.8865927457809448, 2.3200257046755652, 0.0629941001534462, -0.9972313642501831, -0.03951454535126686, 0.10599761734758102, -0.8866697549819946, -0.03774881362915039, -0.4608599841594696, 1.3770422051488773, 0.0, 0.0, 0.0, 1.0, 4.2647, 0.0, 0.5, 0.0, 4.2647, 0.5, 0.0, 0.0, 1.0]], ["frame17_mirror.png", [0.4580923914909363, -0.06406781077384949, 0.8865927457809448, -2.3200257046755652, -0.0629941001534462, -0.9972313642501831, -0.03951454535126686, 0.10599761734758102, 0.8866697549819946, -0.03774881362915039, -0.4608599841594696, 1.3770422051488773, 0.0, 0.0, 0.0, 1.0, 4.2647, 0.0, 0.5, 0.0, 4.2647, 0.5, 0.0, 0.0, 1.0]], ["frame18.png", [0.4549020528793335, 0.08454397320747375, -0.8865193128585815, 2.3195048537195606, 0.035621240735054016, -0.9964141845703125, -0.07674580067396164, 0.20692457745542056, -0.8898288011550903, 0.0033328980207443237, -0.4562824070453644, 1.3664111580400304, 0.0, 0.0, 0.0, 1.0, 4.2647, 0.0, 0.5, 0.0, 4.2647, 0.5, 0.0, 0.0, 1.0]], ["frame18_mirror.png", [0.4549020528793335, -0.08454397320747375, 0.8865193128585815, -2.3195048537195606, -0.035621240735054016, -0.9964141845703125, -0.07674580067396164, 0.20692457745542056, 0.8898288011550903, 0.0033328980207443237, -0.4562824070453644, 1.3664111580400304, 0.0, 0.0, 0.0, 1.0, 4.2647, 0.0, 0.5, 0.0, 4.2647, 0.5, 0.0, 0.0, 1.0]], ["frame19.png", [0.47258448600769043, 0.059194013476371765, -0.8792951703071594, 2.3025921346640037, 0.00873689353466034, -0.9980073571205139, -0.062489982694387436, 0.1672134110793655, -0.881242036819458, 0.021849490702152252, -0.4721599519252777, 1.400038976792671, 0.0, 0.0, 0.0, 1.0, 4.2647, 0.0, 0.5, 0.0, 4.2647, 0.5, 0.0, 0.0, 1.0]], ["frame19_mirror.png", [0.47258448600769043, -0.059194013476371765, 0.8792951703071594, -2.3025921346640037, -0.00873689353466034, -0.9980073571205139, -0.062489982694387436, 0.1672134110793655, 0.881242036819458, 0.021849490702152252, -0.4721599519252777, 1.400038976792671, 0.0, 0.0, 0.0, 1.0, 4.2647, 0.0, 0.5, 0.0, 4.2647, 0.5, 0.0, 0.0, 1.0]], ["frame2.png", [0.44673722982406616, 0.05082671344280243, -0.8932203054428101, 2.340545503469467, 0.04606740176677704, -0.9983673691749573, -0.03376961871981621, 0.09041026320912868, -0.8934783339500427, -0.026062190532684326, -0.44834932684898376, 1.3430088348537828, 0.0, 0.0, 0.0, 1.0, 4.2647, 0.0, 0.5, 0.0, 4.2647, 0.5, 0.0, 0.0, 1.0]], ["frame2_mirror.png", [0.44673722982406616, -0.05082671344280243, 0.8932203054428101, -2.340545503469467, -0.04606740176677704, -0.9983673691749573, -0.03376961871981621, 0.09041026320912868, 0.8934783339500427, -0.026062190532684326, -0.44834932684898376, 1.3430088348537828, 0.0, 0.0, 0.0, 1.0, 4.2647, 0.0, 0.5, 0.0, 4.2647, 0.5, 0.0, 0.0, 1.0]], ["frame20.png", [0.5551493763923645, 0.019632428884506226, -0.8315189480781555, 2.1642283808016995, -0.10901103913784027, -0.9893805384635925, -0.09613893926143646, 0.2601808550676577, -0.8245761394500732, 0.14401620626449585, -0.547113835811615, 1.5932424292582454, 0.0, 0.0, 0.0, 1.0, 4.2647, 0.0, 0.5, 0.0, 4.2647, 0.5, 0.0, 0.0, 1.0]], ["frame20_mirror.png", [0.5551493763923645, -0.019632428884506226, 0.8315189480781555, -2.1642283808016995, 0.10901103913784027, -0.9893805384635925, -0.09613893926143646, 0.2601808550676577, 0.8245761394500732, 0.14401620626449585, -0.547113835811615, 1.5932424292582454, 0.0, 0.0, 0.0, 1.0, 4.2647, 0.0, 0.5, 0.0, 4.2647, 0.5, 0.0, 0.0, 1.0]], ["frame21.png", [0.7140457034111023, -0.12134239077568054, -0.6895032525062561, 1.7886392163204468, -0.2334429770708084, -0.9697685241699219, -0.0710872933268547, 0.19042920400830407, -0.6600326895713806, 0.21171927452087402, -0.7207855582237244, 2.0135805104592523, 0.0, 0.0, 0.0, 1.0, 4.2647, 0.0, 0.5, 0.0, 4.2647, 0.5, 0.0, 0.0, 1.0]], ["frame21_mirror.png", [0.7140457034111023, 0.12134239077568054, 0.6895032525062561, -1.7886392163204468, 0.2334429770708084, -0.9697685241699219, -0.0710872933268547, 0.19042920400830407, 0.6600326895713806, 0.21171927452087402, -0.7207855582237244, 2.0135805104592523, 0.0, 0.0, 0.0, 1.0, 4.2647, 0.0, 0.5, 0.0, 4.2647, 0.5, 0.0, 0.0, 1.0]], ["frame22.png", [0.8550545573234558, -0.22837041318416595, -0.4655412435531616, 1.199689520457955, -0.2819594442844391, -0.9582343101501465, -0.047811757773160934, 0.13335762911581958, -0.4351787865161896, 0.17214541137218475, -0.8837337493896484, 2.415152334172727, 0.0, 0.0, 0.0, 1.0, 4.2647, 0.0, 0.5, 0.0, 4.2647, 0.5, 0.0, 0.0, 1.0]], ["frame22_mirror.png", [0.8550545573234558, 0.22837041318416595, 0.4655412435531616, -1.199689520457955, 0.2819594442844391, -0.9582343101501465, -0.047811757773160934, 0.13335762911581958, 0.4351787865161896, 0.17214541137218475, -0.8837337493896484, 2.415152334172727, 0.0, 0.0, 0.0, 1.0, 4.2647, 0.0, 0.5, 0.0, 4.2647, 0.5, 0.0, 0.0, 1.0]], ["frame23.png", [0.8767168521881104, -0.23991304636001587, -0.41690438985824585, 1.0699821242688528, -0.27627426385879517, -0.9606663584709167, -0.028154952451586723, 0.0790894706548355, -0.39375126361846924, 0.13986387848854065, -0.908514142036438, 2.4776769582366165, 0.0, 0.0, 0.0, 1.0, 4.2647, 0.0, 0.5, 0.0, 4.2647, 0.5, 0.0, 0.0, 1.0]], ["frame23_mirror.png", [0.8767168521881104, 0.23991304636001587, 0.41690438985824585, -1.0699821242688528, 0.27627426385879517, -0.9606663584709167, -0.028154952451586723, 0.0790894706548355, 0.39375126361846924, 0.13986387848854065, -0.908514142036438, 2.4776769582366165, 0.0, 0.0, 0.0, 1.0, 4.2647, 0.0, 0.5, 0.0, 4.2647, 0.5, 0.0, 0.0, 1.0]], ["frame24.png", [0.8769418001174927, -0.22271932661533356, -0.4258747100830078, 1.0987578372905684, -0.26760298013687134, -0.9623449444770813, -0.04775917902588844, 0.1263971847300239, -0.39920148253440857, 0.15584737062454224, -0.9035208225250244, 2.4630783517145525, 0.0, 0.0, 0.0, 1.0, 4.2647, 0.0, 0.5, 0.0, 4.2647, 0.5, 0.0, 0.0, 1.0]], ["frame24_mirror.png", [0.8769418001174927, 0.22271932661533356, 0.4258747100830078, -1.0987578372905684, 0.26760298013687134, -0.9623449444770813, -0.04775917902588844, 0.1263971847300239, 0.39920148253440857, 0.15584737062454224, -0.9035208225250244, 2.4630783517145525, 0.0, 0.0, 0.0, 1.0, 4.2647, 0.0, 0.5, 0.0, 4.2647, 0.5, 0.0, 0.0, 1.0]], ["frame25.png", [0.8786447644233704, -0.19800503551959991, -0.43448519706726074, 1.1119561933325302, -0.24746441841125488, -0.9670541286468506, -0.05972983315587044, 0.16705910767762433, -0.4083438813686371, 0.16000092029571533, -0.89869624376297, 2.4547188593913125, 0.0, 0.0, 0.0, 1.0, 4.2647, 0.0, 0.5, 0.0, 4.2647, 0.5, 0.0, 0.0, 1.0]], ["frame25_mirror.png", [0.8786447644233704, 0.19800503551959991, 0.43448519706726074, -1.1119561933325302, 0.24746441841125488, -0.9670541286468506, -0.05972983315587044, 0.16705910767762433, 0.4083438813686371, 0.16000092029571533, -0.89869624376297, 2.4547188593913125, 0.0, 0.0, 0.0, 1.0, 4.2647, 0.0, 0.5, 0.0, 4.2647, 0.5, 0.0, 0.0, 1.0]], ["frame26.png", [0.8860318064689636, -0.16032029688358307, -0.43502292037010193, 1.1157618068308464, -0.2055712640285492, -0.9768810868263245, -0.0586838498711586, 0.16335362240845233, -0.4155574440956116, 0.14142397046089172, -0.8985049724578857, 2.453240955239335, 0.0, 0.0, 0.0, 1.0, 4.2647, 0.0, 0.5, 0.0, 4.2647, 0.5, 0.0, 0.0, 1.0]], ["frame26_mirror.png", [0.8860318064689636, 0.16032029688358307, 0.43502292037010193, -1.1157618068308464, 0.2055712640285492, -0.9768810868263245, -0.0586838498711586, 0.16335362240845233, 0.4155574440956116, 0.14142397046089172, -0.8985049724578857, 2.453240955239335, 0.0, 0.0, 0.0, 1.0, 4.2647, 0.0, 0.5, 0.0, 4.2647, 0.5, 0.0, 0.0, 1.0]], ["frame27.png", [0.8804527521133423, -0.15390780568122864, -0.4484589099884033, 1.1436887393389779, -0.18786033987998962, -0.9816769361495972, -0.03191911801695824, 0.0934448853322548, -0.4353291690349579, 0.11235091090202332, -0.8932333588600159, 2.4440221195632548, 0.0, 0.0, 0.0, 1.0, 4.2647, 0.0, 0.5, 0.0, 4.2647, 0.5, 0.0, 0.0, 1.0]], ["frame27_mirror.png", [0.8804527521133423, 0.15390780568122864, 0.4484589099884033, -1.1436887393389779, 0.18786033987998962, -0.9816769361495972, -0.03191911801695824, 0.0934448853322548, 0.4353291690349579, 0.11235091090202332, -0.8932333588600159, 2.4440221195632548, 0.0, 0.0, 0.0, 1.0, 4.2647, 0.0, 0.5, 0.0, 4.2647, 0.5, 0.0, 0.0, 1.0]], ["frame28.png", [0.8815546631813049, -0.1327947974205017, -0.45301976799964905, 1.1609279867936477, -0.1299365907907486, -0.9908095598220825, 0.03758809342980385, -0.09008670967971256, -0.45384785532951355, 0.025727882981300354, -0.8907077312469482, 2.436007100609178, 0.0, 0.0, 0.0, 1.0, 4.2647, 0.0, 0.5, 0.0, 4.2647, 0.5, 0.0, 0.0, 1.0]], ["frame28_mirror.png", [0.8815546631813049, 0.1327947974205017, 0.45301976799964905, -1.1609279867936477, 0.1299365907907486, -0.9908095598220825, 0.03758809342980385, -0.09008670967971256, 0.45384785532951355, 0.025727882981300354, -0.8907077312469482, 2.436007100609178, 0.0, 0.0, 0.0, 1.0, 4.2647, 0.0, 0.5, 0.0, 4.2647, 0.5, 0.0, 0.0, 1.0]], ["frame29.png", [0.8440337181091309, -0.1341189295053482, -0.5192487239837646, 1.328873954494142, -0.09013383090496063, -0.9899269938468933, 0.109180748462677, -0.27302068793048, -0.5286615490913391, -0.045350342988967896, -0.84762042760849, 2.334427920718279, 0.0, 0.0, 0.0, 1.0, 4.2647, 0.0, 0.5, 0.0, 4.2647, 0.5, 0.0, 0.0, 1.0]], ["frame29_mirror.png", [0.8440337181091309, 0.1341189295053482, 0.5192487239837646, -1.328873954494142, 0.09013383090496063, -0.9899269938468933, 0.109180748462677, -0.27302068793048, 0.5286615490913391, -0.045350342988967896, -0.84762042760849, 2.334427920718279, 0.0, 0.0, 0.0, 1.0, 4.2647, 0.0, 0.5, 0.0, 4.2647, 0.5, 0.0, 0.0, 1.0]], ["frame3.png", [0.42381665110588074, 0.04947401210665703, -0.9043958187103271, 2.364897487633286, 0.10092684626579285, -0.9948683381080627, -0.007127023302018642, 0.015984593404441815, -0.9001073837280273, -0.08825726807117462, -0.4266350269317627, 1.302691201229004, 0.0, 0.0, 0.0, 1.0, 4.2647, 0.0, 0.5, 0.0, 4.2647, 0.5, 0.0, 0.0, 1.0]], ["frame3_mirror.png", [0.42381665110588074, -0.04947401210665703, 0.9043958187103271, -2.364897487633286, -0.10092684626579285, -0.9948683381080627, -0.007127023302018642, 0.015984593404441815, 0.9001073837280273, -0.08825726807117462, -0.4266350269317627, 1.302691201229004, 0.0, 0.0, 0.0, 1.0, 4.2647, 0.0, 0.5, 0.0, 4.2647, 0.5, 0.0, 0.0, 1.0]], ["frame30.png", [0.7574738264083862, -0.0975702553987503, -0.6455334424972534, 1.6720800969204928, -0.1468680500984192, -0.9888917207717896, -0.02286834642291069, 0.06431891364608251, -0.6361313462257385, 0.11213040351867676, -0.763389527797699, 2.1189646591743205, 0.0, 0.0, 0.0, 1.0, 4.2647, 0.0, 0.5, 0.0, 4.2647, 0.5, 0.0, 0.0, 1.0]], ["frame30_mirror.png", [0.7574738264083862, 0.0975702553987503, 0.6455334424972534, -1.6720800969204928, 0.1468680500984192, -0.9888917207717896, -0.02286834642291069, 0.06431891364608251, 0.6361313462257385, 0.11213040351867676, -0.763389527797699, 2.1189646591743205, 0.0, 0.0, 0.0, 1.0, 4.2647, 0.0, 0.5, 0.0, 4.2647, 0.5, 0.0, 0.0, 1.0]], ["frame31.png", [0.7539315819740295, -0.055003754794597626, -0.6546462774276733, 1.6893732165140498, -0.1569676697254181, -0.9827088117599487, -0.09820602834224701, 0.2609479040801525, -0.6379249691963196, 0.17679890990257263, -0.7495290637016296, 2.089957972467664, 0.0, 0.0, 0.0, 1.0, 4.2647, 0.0, 0.5, 0.0, 4.2647, 0.5, 0.0, 0.0, 1.0]], ["frame31_mirror.png", [0.7539315819740295, 0.055003754794597626, 0.6546462774276733, -1.6893732165140498, 0.1569676697254181, -0.9827088117599487, -0.09820602834224701, 0.2609479040801525, 0.6379249691963196, 0.17679890990257263, -0.7495290637016296, 2.089957972467664, 0.0, 0.0, 0.0, 1.0, 4.2647, 0.0, 0.5, 0.0, 4.2647, 0.5, 0.0, 0.0, 1.0]], ["frame32.png", [0.7640150785446167, -0.04950892925262451, -0.6432960033416748, 1.662596764197292, -0.16128785908222198, -0.9800512194633484, -0.11612861603498459, 0.30531596722196674, -0.624713659286499, 0.19247984886169434, -0.7567591667175293, 2.1053631895328677, 0.0, 0.0, 0.0, 1.0, 4.2647, 0.0, 0.5, 0.0, 4.2647, 0.5, 0.0, 0.0, 1.0]], ["frame32_mirror.png", [0.7640150785446167, 0.04950892925262451, 0.6432960033416748, -1.662596764197292, 0.16128785908222198, -0.9800512194633484, -0.11612861603498459, 0.30531596722196674, 0.624713659286499, 0.19247984886169434, -0.7567591667175293, 2.1053631895328677, 0.0, 0.0, 0.0, 1.0, 4.2647, 0.0, 0.5, 0.0, 4.2647, 0.5, 0.0, 0.0, 1.0]], ["frame33.png", [0.7669430375099182, -0.04661751538515091, -0.6400196552276611, 1.6467218015835028, -0.14794829487800598, -0.9833343029022217, -0.10566442459821701, 0.27868695537445876, -0.6244274973869324, 0.17572841048240662, -0.7610583901405334, 2.121471397189625, 0.0, 0.0, 0.0, 1.0, 4.2647, 0.0, 0.5, 0.0, 4.2647, 0.5, 0.0, 0.0, 1.0]], ["frame33_mirror.png", [0.7669430375099182, 0.04661751538515091, 0.6400196552276611, -1.6467218015835028, 0.14794829487800598, -0.9833343029022217, -0.10566442459821701, 0.27868695537445876, 0.6244274973869324, 0.17572841048240662, -0.7610583901405334, 2.121471397189625, 0.0, 0.0, 0.0, 1.0, 4.2647, 0.0, 0.5, 0.0, 4.2647, 0.5, 0.0, 0.0, 1.0]], ["frame34.png", [0.7653419971466064, -0.028615009039640427, -0.6429874897003174, 1.64997990816014, -0.11864587664604187, -0.9881630539894104, -0.09724664688110352, 0.25713612242577394, -0.6325937509536743, 0.15071474015712738, -0.7596777081489563, 2.1216614520728077, 0.0, 0.0, 0.0, 1.0, 4.2647, 0.0, 0.5, 0.0, 4.2647, 0.5, 0.0, 0.0, 1.0]], ["frame34_mirror.png", [0.7653419971466064, 0.028615009039640427, 0.6429874897003174, -1.64997990816014, 0.11864587664604187, -0.9881630539894104, -0.09724664688110352, 0.25713612242577394, 0.6325937509536743, 0.15071474015712738, -0.7596777081489563, 2.1216614520728077, 0.0, 0.0, 0.0, 1.0, 4.2647, 0.0, 0.5, 0.0, 4.2647, 0.5, 0.0, 0.0, 1.0]], ["frame35.png", [0.7604232430458069, -0.016072027385234833, -0.6492289304733276, 1.6740334500339569, -0.08011538535356522, -0.9943792223930359, -0.06922043114900589, 0.1863989732025461, -0.6444672346115112, 0.10465005040168762, -0.7574366331100464, 2.1101818478407126, 0.0, 0.0, 0.0, 1.0, 4.2647, 0.0, 0.5, 0.0, 4.2647, 0.5, 0.0, 0.0, 1.0]], ["frame35_mirror.png", [0.7604232430458069, 0.016072027385234833, 0.6492289304733276, -1.6740334500339569, 0.08011538535356522, -0.9943792223930359, -0.06922043114900589, 0.1863989732025461, 0.6444672346115112, 0.10465005040168762, -0.7574366331100464, 2.1101818478407126, 0.0, 0.0, 0.0, 1.0, 4.2647, 0.0, 0.5, 0.0, 4.2647, 0.5, 0.0, 0.0, 1.0]], ["frame36.png", [0.7268444299697876, -0.030480269342660904, -0.6861254572868347, 1.7627369622883102, -0.07040008157491684, -0.9970590472221375, -0.030284952372312546, 0.0817132908839209, -0.6831845045089722, 0.07031573355197906, -0.726852536201477, 2.043546265655735, 0.0, 0.0, 0.0, 1.0, 4.2647, 0.0, 0.5, 0.0, 4.2647, 0.5, 0.0, 0.0, 1.0]], ["frame36_mirror.png", [0.7268444299697876, 0.030480269342660904, 0.6861254572868347, -1.7627369622883102, 0.07040008157491684, -0.9970590472221375, -0.030284952372312546, 0.0817132908839209, 0.6831845045089722, 0.07031573355197906, -0.726852536201477, 2.043546265655735, 0.0, 0.0, 0.0, 1.0, 4.2647, 0.0, 0.5, 0.0, 4.2647, 0.5, 0.0, 0.0, 1.0]], ["frame37.png", [0.7634976506233215, -0.01865452714264393, -0.6455411314964294, 1.6701479908054815, -0.11801479756832123, -0.9867812991142273, -0.11106354743242264, 0.29092595100974433, -0.6349360346794128, 0.16098016500473022, -0.7556067705154419, 2.10142041958231, 0.0, 0.0, 0.0, 1.0, 4.2647, 0.0, 0.5, 0.0, 4.2647, 0.5, 0.0, 0.0, 1.0]], ["frame37_mirror.png", [0.7634976506233215, 0.01865452714264393, 0.6455411314964294, -1.6701479908054815, 0.11801479756832123, -0.9867812991142273, -0.11106354743242264, 0.29092595100974433, 0.6349360346794128, 0.16098016500473022, -0.7556067705154419, 2.10142041958231, 0.0, 0.0, 0.0, 1.0, 4.2647, 0.0, 0.5, 0.0, 4.2647, 0.5, 0.0, 0.0, 1.0]], ["frame38.png", [0.8032153844833374, -0.07125993818044662, -0.5914111137390137, 1.5232666094340093, -0.1491760015487671, -0.9852458834648132, -0.08388732373714447, 0.22164093118644398, -0.5767075419425964, 0.15560393035411835, -0.8019949197769165, 2.2182277011628506, 0.0, 0.0, 0.0, 1.0, 4.2647, 0.0, 0.5, 0.0, 4.2647, 0.5, 0.0, 0.0, 1.0]], ["frame38_mirror.png", [0.8032153844833374, 0.07125993818044662, 0.5914111137390137, -1.5232666094340093, 0.1491760015487671, -0.9852458834648132, -0.08388732373714447, 0.22164093118644398, 0.5767075419425964, 0.15560393035411835, -0.8019949197769165, 2.2182277011628506, 0.0, 0.0, 0.0, 1.0, 4.2647, 0.0, 0.5, 0.0, 4.2647, 0.5, 0.0, 0.0, 1.0]], ["frame39.png", [0.83953857421875, -0.13457831740379333, -0.5263684391975403, 1.3546339725000065, -0.19720351696014404, -0.9782436490058899, -0.06442175805568695, 0.1749476906229025, -0.5062467455863953, 0.15788625180721283, -0.8478125929832458, 2.3290255700817384, 0.0, 0.0, 0.0, 1.0, 4.2647, 0.0, 0.5, 0.0, 4.2647, 0.5, 0.0, 0.0, 1.0]], ["frame39_mirror.png", [0.83953857421875, 0.13457831740379333, 0.5263684391975403, -1.3546339725000065, 0.19720351696014404, -0.9782436490058899, -0.06442175805568695, 0.1749476906229025, 0.5062467455863953, 0.15788625180721283, -0.8478125929832458, 2.3290255700817384, 0.0, 0.0, 0.0, 1.0, 4.2647, 0.0, 0.5, 0.0, 4.2647, 0.5, 0.0, 0.0, 1.0]], ["frame4.png", [0.4158054292201996, 0.056350983679294586, -0.9077061414718628, 2.3762111991336634, 0.0863451138138771, -0.9960160851478577, -0.02228003367781639, 0.05623813927088641, -0.9053454995155334, -0.06911182403564453, -0.4190145432949066, 1.280803501245646, 0.0, 0.0, 0.0, 1.0, 4.2647, 0.0, 0.5, 0.0, 4.2647, 0.5, 0.0, 0.0, 1.0]], ["frame4_mirror.png", [0.4158054292201996, -0.056350983679294586, 0.9077061414718628, -2.3762111991336634, -0.0863451138138771, -0.9960160851478577, -0.02228003367781639, 0.05623813927088641, 0.9053454995155334, -0.06911182403564453, -0.4190145432949066, 1.280803501245646, 0.0, 0.0, 0.0, 1.0, 4.2647, 0.0, 0.5, 0.0, 4.2647, 0.5, 0.0, 0.0, 1.0]], ["frame40.png", [0.8715397119522095, -0.21327932178974152, -0.44150927662849426, 1.1358282524159546, -0.2556075155735016, -0.9660371541976929, -0.03790712729096413, 0.11021611740056492, -0.41842955350875854, 0.14589065313339233, -0.8964555859565735, 2.446987247306137, 0.0, 0.0, 0.0, 1.0, 4.2647, 0.0, 0.5, 0.0, 4.2647, 0.5, 0.0, 0.0, 1.0]], ["frame40_mirror.png", [0.8715397119522095, 0.21327932178974152, 0.44150927662849426, -1.1358282524159546, 0.2556075155735016, -0.9660371541976929, -0.03790712729096413, 0.11021611740056492, 0.41842955350875854, 0.14589065313339233, -0.8964555859565735, 2.446987247306137, 0.0, 0.0, 0.0, 1.0, 4.2647, 0.0, 0.5, 0.0, 4.2647, 0.5, 0.0, 0.0, 1.0]], ["frame41.png", [0.8694143891334534, -0.19471976161003113, -0.4540955722332001, 1.1706912482563585, -0.2414587438106537, -0.96928870677948, -0.04665986821055412, 0.12922840959470602, -0.43106409907341003, 0.1502121090888977, -0.8897303342819214, 2.4295641624393443, 0.0, 0.0, 0.0, 1.0, 4.2647, 0.0, 0.5, 0.0, 4.2647, 0.5, 0.0, 0.0, 1.0]], ["frame41_mirror.png", [0.8694143891334534, 0.19471976161003113, 0.4540955722332001, -1.1706912482563585, 0.2414587438106537, -0.96928870677948, -0.04665986821055412, 0.12922840959470602, 0.43106409907341003, 0.1502121090888977, -0.8897303342819214, 2.4295641624393443, 0.0, 0.0, 0.0, 1.0, 4.2647, 0.0, 0.5, 0.0, 4.2647, 0.5, 0.0, 0.0, 1.0]], ["frame42.png", [0.873153030872345, -0.16794057190418243, -0.4576021730899811, 1.1795824373011998, -0.22763819992542267, -0.9706050157546997, -0.07814432680606842, 0.2139452934566151, -0.4310273826122284, 0.17239969968795776, -0.8857164978981018, 2.419258705682037, 0.0, 0.0, 0.0, 1.0, 4.2647, 0.0, 0.5, 0.0, 4.2647, 0.5, 0.0, 0.0, 1.0]], ["frame42_mirror.png", [0.873153030872345, 0.16794057190418243, 0.4576021730899811, -1.1795824373011998, 0.22763819992542267, -0.9706050157546997, -0.07814432680606842, 0.2139452934566151, 0.4310273826122284, 0.17239969968795776, -0.8857164978981018, 2.419258705682037, 0.0, 0.0, 0.0, 1.0, 4.2647, 0.0, 0.5, 0.0, 4.2647, 0.5, 0.0, 0.0, 1.0]], ["frame43.png", [0.8398958444595337, -0.09423380345106125, -0.5345043540000916, 1.3651836651486529, -0.11481200158596039, -0.9933732151985168, -0.005277399439364672, 0.019149778706223176, -0.5304649472236633, 0.06579998135566711, -0.8451492786407471, 2.32935760380127, 0.0, 0.0, 0.0, 1.0, 4.2647, 0.0, 0.5, 0.0, 4.2647, 0.5, 0.0, 0.0, 1.0]], ["frame43_mirror.png", [0.8398958444595337, 0.09423380345106125, 0.5345043540000916, -1.3651836651486529, 0.11481200158596039, -0.9933732151985168, -0.005277399439364672, 0.019149778706223176, 0.5304649472236633, 0.06579998135566711, -0.8451492786407471, 2.32935760380127, 0.0, 0.0, 0.0, 1.0, 4.2647, 0.0, 0.5, 0.0, 4.2647, 0.5, 0.0, 0.0, 1.0]], ["frame44.png", [0.793431282043457, 0.008798851631581783, -0.6085962653160095, 1.565651959835521, 0.02880319394171238, -0.9993180632591248, 0.02310316637158394, -0.05090460649461554, -0.6079779863357544, -0.03586028888821602, -0.793143630027771, 2.1991231574654524, 0.0, 0.0, 0.0, 1.0, 4.2647, 0.0, 0.5, 0.0, 4.2647, 0.5, 0.0, 0.0, 1.0]], ["frame44_mirror.png", [0.793431282043457, -0.008798851631581783, 0.6085962653160095, -1.565651959835521, -0.02880319394171238, -0.9993180632591248, 0.02310316637158394, -0.05090460649461554, 0.6079779863357544, -0.03586028888821602, -0.793143630027771, 2.1991231574654524, 0.0, 0.0, 0.0, 1.0, 4.2647, 0.0, 0.5, 0.0, 4.2647, 0.5, 0.0, 0.0, 1.0]], ["frame45.png", [0.780379593372345, 0.048929452896118164, -0.6233887672424316, 1.6060641095261825, 0.06082628667354584, -0.9981459379196167, -0.0021994991693645716, 0.003509218550340178, -0.6223405599594116, -0.03620198369026184, -0.7819089293479919, 2.170379174586099, 0.0, 0.0, 0.0, 1.0, 4.2647, 0.0, 0.5, 0.0, 4.2647, 0.5, 0.0, 0.0, 1.0]], ["frame45_mirror.png", [0.780379593372345, -0.048929452896118164, 0.6233887672424316, -1.6060641095261825, -0.06082628667354584, -0.9981459379196167, -0.0021994991693645716, 0.003509218550340178, 0.6223405599594116, -0.03620198369026184, -0.7819089293479919, 2.170379174586099, 0.0, 0.0, 0.0, 1.0, 4.2647, 0.0, 0.5, 0.0, 4.2647, 0.5, 0.0, 0.0, 1.0]], ["frame46.png", [0.7513888478279114, 0.06417644023895264, -0.656731367111206, 1.6918141383534844, 0.07114960998296738, -0.9973363876342773, -0.01605600118637085, 0.04258794185527028, -0.6560125350952148, -0.034661877900362015, -0.7539536356925964, 2.103794473915119, 0.0, 0.0, 0.0, 1.0, 4.2647, 0.0, 0.5, 0.0, 4.2647, 0.5, 0.0, 0.0, 1.0]], ["frame46_mirror.png", [0.7513888478279114, -0.06417644023895264, 0.656731367111206, -1.6918141383534844, -0.07114960998296738, -0.9973363876342773, -0.01605600118637085, 0.04258794185527028, 0.6560125350952148, -0.034661877900362015, -0.7539536356925964, 2.103794473915119, 0.0, 0.0, 0.0, 1.0, 4.2647, 0.0, 0.5, 0.0, 4.2647, 0.5, 0.0, 0.0, 1.0]], ["frame47.png", [0.5898100733757019, 0.0703527182340622, -0.8044716119766235, 2.0845672584883963, 0.06268492341041565, -0.9971806406974792, -0.0412471629679203, 0.10379636010014437, -0.8051053881645203, -0.026100248098373413, -0.5925572514533997, 1.7128355614209245, 0.0, 0.0, 0.0, 1.0, 4.2647, 0.0, 0.5, 0.0, 4.2647, 0.5, 0.0, 0.0, 1.0]], ["frame47_mirror.png", [0.5898100733757019, -0.0703527182340622, 0.8044716119766235, -2.0845672584883963, -0.06268492341041565, -0.9971806406974792, -0.0412471629679203, 0.10379636010014437, 0.8051053881645203, -0.026100248098373413, -0.5925572514533997, 1.7128355614209245, 0.0, 0.0, 0.0, 1.0, 4.2647, 0.0, 0.5, 0.0, 4.2647, 0.5, 0.0, 0.0, 1.0]], ["frame48.png", [0.4157303273677826, 0.14976078271865845, -0.8970730304718018, 2.347889188581603, 0.06910675764083862, -0.9886996746063232, -0.13303115963935852, 0.3426557843251816, -0.9068586230278015, -0.006688714027404785, -0.4213819205760956, 1.288411181110331, 0.0, 0.0, 0.0, 1.0, 4.2647, 0.0, 0.5, 0.0, 4.2647, 0.5, 0.0, 0.0, 1.0]], ["frame48_mirror.png", [0.4157303273677826, -0.14976078271865845, 0.8970730304718018, -2.347889188581603, -0.06910675764083862, -0.9886996746063232, -0.13303115963935852, 0.3426557843251816, 0.9068586230278015, -0.006688714027404785, -0.4213819205760956, 1.288411181110331, 0.0, 0.0, 0.0, 1.0, 4.2647, 0.0, 0.5, 0.0, 4.2647, 0.5, 0.0, 0.0, 1.0]], ["frame49.png", [0.4258444309234619, 0.16801530122756958, -0.889059841632843, 2.329097848347698, 0.11834284663200378, -0.9845093488693237, -0.12936924397945404, 0.3238097318265999, -0.8970237374305725, -0.05012267827987671, -0.4391312301158905, 1.3268196826986356, 0.0, 0.0, 0.0, 1.0, 4.2647, 0.0, 0.5, 0.0, 4.2647, 0.5, 0.0, 0.0, 1.0]], ["frame49_mirror.png", [0.4258444309234619, -0.16801530122756958, 0.889059841632843, -2.329097848347698, -0.11834284663200378, -0.9845093488693237, -0.12936924397945404, 0.3238097318265999, 0.8970237374305725, -0.05012267827987671, -0.4391312301158905, 1.3268196826986356, 0.0, 0.0, 0.0, 1.0, 4.2647, 0.0, 0.5, 0.0, 4.2647, 0.5, 0.0, 0.0, 1.0]], ["frame5.png", [0.42558738589286804, 0.05884337052702904, -0.903002142906189, 2.361613067934396, 0.07828382402658463, -0.9965366125106812, -0.02804308384656906, 0.06993228395663433, -0.9015248417854309, -0.058755673468112946, -0.4287199079990387, 1.306863877005597, 0.0, 0.0, 0.0, 1.0, 4.2647, 0.0, 0.5, 0.0, 4.2647, 0.5, 0.0, 0.0, 1.0]], ["frame5_mirror.png", [0.42558738589286804, -0.05884337052702904, 0.903002142906189, -2.361613067934396, -0.07828382402658463, -0.9965366125106812, -0.02804308384656906, 0.06993228395663433, 0.9015248417854309, -0.058755673468112946, -0.4287199079990387, 1.306863877005597, 0.0, 0.0, 0.0, 1.0, 4.2647, 0.0, 0.5, 0.0, 4.2647, 0.5, 0.0, 0.0, 1.0]], ["frame6.png", [0.4203345775604248, 0.05130769684910774, -0.9059174060821533, 2.3684794122779054, 0.07294375449419022, -0.9970794320106506, -0.0226257536560297, 0.05971901789531845, -0.904432475566864, -0.0565706305205822, -0.42284950613975525, 1.294889536801239, 0.0, 0.0, 0.0, 1.0, 4.2647, 0.0, 0.5, 0.0, 4.2647, 0.5, 0.0, 0.0, 1.0]], ["frame6_mirror.png", [0.4203345775604248, -0.05130769684910774, 0.9059174060821533, -2.3684794122779054, -0.07294375449419022, -0.9970794320106506, -0.0226257536560297, 0.05971901789531845, 0.904432475566864, -0.0565706305205822, -0.42284950613975525, 1.294889536801239, 0.0, 0.0, 0.0, 1.0, 4.2647, 0.0, 0.5, 0.0, 4.2647, 0.5, 0.0, 0.0, 1.0]], ["frame7.png", [0.3971092998981476, 0.04776667803525925, -0.9165274500846863, 2.402782275296445, 0.08880387991666794, -0.9959586262702942, -0.01342980656772852, 0.0382095939372417, -0.9134649038314819, -0.07605808973312378, -0.399746298789978, 1.2309254097841957, 0.0, 0.0, 0.0, 1.0, 4.2647, 0.0, 0.5, 0.0, 4.2647, 0.5, 0.0, 0.0, 1.0]], ["frame7_mirror.png", [0.3971092998981476, -0.04776667803525925, 0.9165274500846863, -2.402782275296445, -0.08880387991666794, -0.9959586262702942, -0.01342980656772852, 0.0382095939372417, 0.9134649038314819, -0.07605808973312378, -0.399746298789978, 1.2309254097841957, 0.0, 0.0, 0.0, 1.0, 4.2647, 0.0, 0.5, 0.0, 4.2647, 0.5, 0.0, 0.0, 1.0]], ["frame8.png", [0.4091273248195648, 0.07681722193956375, -0.9092381000518799, 2.3798309974293423, 0.10622425377368927, -0.993684709072113, -0.036154285073280334, 0.0972412733732554, -0.9062732458114624, -0.08179143816232681, -0.4147033989429474, 1.2715929216644801, 0.0, 0.0, 0.0, 1.0, 4.2647, 0.0, 0.5, 0.0, 4.2647, 0.5, 0.0, 0.0, 1.0]], ["frame8_mirror.png", [0.4091273248195648, -0.07681722193956375, 0.9092381000518799, -2.3798309974293423, -0.10622425377368927, -0.993684709072113, -0.036154285073280334, 0.0972412733732554, 0.9062732458114624, -0.08179143816232681, -0.4147033989429474, 1.2715929216644801, 0.0, 0.0, 0.0, 1.0, 4.2647, 0.0, 0.5, 0.0, 4.2647, 0.5, 0.0, 0.0, 1.0]], ["frame9.png", [0.4252294898033142, 0.15433865785598755, -0.8918293118476868, 2.333913372113532, 0.11568187177181244, -0.9865399599075317, -0.11557133495807648, 0.30580520263704863, -0.897662341594696, -0.054024145007133484, -0.437360018491745, 1.3226229808640697, 0.0, 0.0, 0.0, 1.0, 4.2647, 0.0, 0.5, 0.0, 4.2647, 0.5, 0.0, 0.0, 1.0]], ["frame9_mirror.png", [0.4252294898033142, -0.15433865785598755, 0.8918293118476868, -2.333913372113532, -0.11568187177181244, -0.9865399599075317, -0.11557133495807648, 0.30580520263704863, 0.897662341594696, -0.054024145007133484, -0.437360018491745, 1.3226229808640697, 0.0, 0.0, 0.0, 1.0, 4.2647, 0.0, 0.5, 0.0, 4.2647, 0.5, 0.0, 0.0, 1.0]]]}