{"labels": [["frame0.png", [0.9597033858299255, -0.1261783391237259, 0.25109437108039856, -0.6341977110227534, -0.15861499309539795, -0.9808101654052734, 0.1133691743016243, -0.28081165835717165, 0.23197117447853088, -0.1486281156539917, -0.9613006711006165, 2.609394197100966, 0.0, 0.0, 0.0, 1.0, 4.2647, 0.0, 0.5, 0.0, 4.2647, 0.5, 0.0, 0.0, 1.0]], ["frame0_mirror.png", [0.9597033858299255, 0.1261783391237259, -0.25109437108039856, 0.6341977110227534, 0.15861499309539795, -0.9808101654052734, 0.1133691743016243, -0.28081165835717165, -0.23197117447853088, -0.1486281156539917, -0.9613006711006165, 2.609394197100966, 0.0, 0.0, 0.0, 1.0, 4.2647, 0.0, 0.5, 0.0, 4.2647, 0.5, 0.0, 0.0, 1.0]], ["frame1.png", [0.9888424277305603, -0.0056327455677092075, 0.14885875582695007, -0.3782077407369298, -0.02073831297457218, -0.9947592616081238, 0.10011972486972809, -0.2358656800573008, 0.14751467108726501, -0.10208971798419952, -0.9837769865989685, 2.6629544280399875, 0.0, 0.0, 0.0, 1.0, 4.2647, 0.0, 0.5, 0.0, 4.2647, 0.5, 0.0, 0.0, 1.0]], ["frame1_mirror.png", [0.9888424277305603, 0.0056327455677092075, -0.14885875582695007, 0.3782077407369298, 0.02073831297457218, -0.9947592616081238, 0.10011972486972809, -0.2358656800573008, -0.14751467108726501, -0.10208971798419952, -0.9837769865989685, 2.6629544280399875, 0.0, 0.0, 0.0, 1.0, 4.2647, 0.0, 0.5, 0.0, 4.2647, 0.5, 0.0, 0.0, 1.0]], ["frame2.png", [0.9560585021972656, -0.09527450799942017, 0.2772632837295532, -0.7083412206676832, -0.12823745608329773, -0.9863539338111877, 0.10325249284505844, -0.2512352558629401, 0.2636423707008362, -0.13427096605300903, -0.9552297592163086, 2.5932862474695115, 0.0, 0.0, 0.0, 1.0, 4.2647, 0.0, 0.5, 0.0, 4.2647, 0.5, 0.0, 0.0, 1.0]], ["frame2_mirror.png", [0.9560585021972656, 0.09527450799942017, -0.2772632837295532, 0.7083412206676832, 0.12823745608329773, -0.9863539338111877, 0.10325249284505844, -0.2512352558629401, -0.2636423707008362, -0.13427096605300903, -0.9552297592163086, 2.5932862474695115, 0.0, 0.0, 0.0, 1.0, 4.2647, 0.0, 0.5, 0.0, 4.2647, 0.5, 0.0, 0.0, 1.0]]]}