{"labels": [["frame0.png", [0.8885471224784851, 0.12797844409942627, 0.4405740797519684, -1.1294040905986122, 0.09172111749649048, -0.9904714226722717, 0.1027306541800499, -0.2657139973995777, 0.44952332973480225, -0.05087107792496681, -0.8918188810348511, 2.4379996865719775, 0.0, 0.0, 0.0, 1.0, 4.2647, 0.0, 0.5, 0.0, 4.2647, 0.5, 0.0, 0.0, 1.0]], ["frame0_mirror.png", [0.8885471224784851, -0.12797844409942627, -0.4405740797519684, 1.1294040905986122, -0.09172111749649048, -0.9904714226722717, 0.1027306541800499, -0.2657139973995777, -0.44952332973480225, -0.05087107792496681, -0.8918188810348511, 2.4379996865719775, 0.0, 0.0, 0.0, 1.0, 4.2647, 0.0, 0.5, 0.0, 4.2647, 0.5, 0.0, 0.0, 1.0]], ["frame1.png", [0.892699122428894, 0.14213833212852478, 0.4276505708694458, -1.084128349902217, 0.1278100609779358, -0.9898464679718018, 0.06219841167330742, -0.15410144062213396, 0.43214917182922363, -0.0008664131164550781, -0.9018017053604126, 2.4679786196270985, 0.0, 0.0, 0.0, 1.0, 4.2647, 0.0, 0.5, 0.0, 4.2647, 0.5, 0.0, 0.0, 1.0]], ["frame1_mirror.png", [0.892699122428894, -0.14213833212852478, -0.4276505708694458, 1.084128349902217, -0.1278100609779358, -0.9898464679718018, 0.06219841167330742, -0.15410144062213396, -0.43214917182922363, -0.0008664131164550781, -0.9018017053604126, 2.4679786196270985, 0.0, 0.0, 0.0, 1.0, 4.2647, 0.0, 0.5, 0.0, 4.2647, 0.5, 0.0, 0.0, 1.0]], ["frame2.png", [0.8655471801757812, 0.15850383043289185, 0.4750838279724121, -1.2109816577958366, 0.12391078472137451, -0.9868803024291992, 0.10350527614355087, -0.2625744101315661, 0.4852568507194519, -0.03072068840265274, -0.8738318085670471, 2.398870172315732, 0.0, 0.0, 0.0, 1.0, 4.2647, 0.0, 0.5, 0.0, 4.2647, 0.5, 0.0, 0.0, 1.0]], ["frame2_mirror.png", [0.8655471801757812, -0.15850383043289185, -0.4750838279724121, 1.2109816577958366, -0.12391078472137451, -0.9868803024291992, 0.10350527614355087, -0.2625744101315661, -0.4852568507194519, -0.03072068840265274, -0.8738318085670471, 2.398870172315732, 0.0, 0.0, 0.0, 1.0, 4.2647, 0.0, 0.5, 0.0, 4.2647, 0.5, 0.0, 0.0, 1.0]]]}