{"frame0.png": {"intrinsics": [[2985.29, 0.0, 512.0], [0.0, 2985.29, 512.0], [0.0, 0.0, 1.0]], "pose": [[0.998214840888977, -0.027102060616016388, 0.05322299152612686, -0.1434243619441986], [-0.024257803335785866, -0.9982796907424927, -0.053378019481897354, 0.1472565084695816], [0.054578084498643875, 0.05199165269732475, -0.9971550107002258, 2.8278446197509766], [0.0, 0.0, 0.0, 1.0]]}, "frame1.png": {"intrinsics": [[2985.29, 0.0, 512.0], [0.0, 2985.29, 512.0], [0.0, 0.0, 1.0]], "pose": [[0.9975399374961853, -0.02318722940981388, 0.06615414470434189, -0.17779922485351562], [-0.018499169498682022, -0.9973317980766296, -0.07061845809221268, 0.2005377560853958], [0.0676150768995285, 0.06922094523906708, -0.9953073263168335, 2.841317653656006], [0.0, 0.0, 0.0, 1.0]]}, "frame10.png": {"intrinsics": [[2985.29, 0.0, 512.0], [0.0, 2985.29, 512.0], [0.0, 0.0, 1.0]], "pose": [[0.9957959055900574, 0.013120255433022976, -0.09065496176481247, 0.23585271835327148], [0.0060340226627886295, -0.9969347715377808, -0.07800328731536865, 0.21052034199237823], [-0.09140051156282425, 0.0771283507347107, -0.9928227663040161, 2.7602388858795166], [0.0, 0.0, 0.0, 1.0]]}, "frame11.png": {"intrinsics": [[2985.29, 0.0, 512.0], [0.0, 2985.29, 512.0], [0.0, 0.0, 1.0]], "pose": [[0.9964391589164734, 0.008392182178795338, -0.08389639109373093, 0.2256339192390442], [0.0003751348704099655, -0.9954656362533569, -0.09512124955654144, 0.2586221396923065], [-0.0843142494559288, 0.09475106745958328, -0.9919240474700928, 2.8373594284057617], [0.0, 0.0, 0.0, 1.0]]}, "frame12.png": {"intrinsics": [[2985.29, 0.0, 512.0], [0.0, 2985.29, 512.0], [0.0, 0.0, 1.0]], "pose": [[0.9960036277770996, 0.007092264015227556, -0.0890313908457756, 0.2365414798259735], [-0.0008856859058141708, -0.9960088133811951, -0.0892505869269371, 0.24556612968444824], [-0.08930903673171997, 0.08897275477647781, -0.9920220375061035, 2.816494941711426], [0.0, 0.0, 0.0, 1.0]]}, "frame13.png": {"intrinsics": [[2985.29, 0.0, 512.0], [0.0, 2985.29, 512.0], [0.0, 0.0, 1.0]], "pose": [[0.9967966079711914, -0.00452180253341794, -0.07985003292560577, 0.2111835926771164], [-0.011930951848626137, -0.9956359267234802, -0.09255680441856384, 0.2518194913864136], [-0.07908303290605545, 0.09321299940347672, -0.9925004243850708, 2.802737236022949], [0.0, 0.0, 0.0, 1.0]]}, "frame14.png": {"intrinsics": [[2985.29, 0.0, 512.0], [0.0, 2985.29, 512.0], [0.0, 0.0, 1.0]], "pose": [[0.9971354603767395, 0.0013411601539701223, -0.07562429457902908, 0.2006557434797287], [-0.005547564476728439, -0.9958529472351074, -0.09080774337053299, 0.24975137412548065], [-0.07543246448040009, 0.09096715599298477, -0.9929928779602051, 2.808361291885376], [0.0, 0.0, 0.0, 1.0]]}, "frame15.png": {"intrinsics": [[2985.29, 0.0, 512.0], [0.0, 2985.29, 512.0], [0.0, 0.0, 1.0]], "pose": [[0.9944223165512085, -0.001661213580518961, -0.10545872896909714, 0.2782503664493561], [-0.006041394080966711, -0.999131441116333, -0.041228700429201126, 0.1038288027048111], [-0.10529864579439163, 0.04163585603237152, -0.9935685992240906, 2.786167621612549], [0.0, 0.0, 0.0, 1.0]]}, "frame16.png": {"intrinsics": [[2985.29, 0.0, 512.0], [0.0, 2985.29, 512.0], [0.0, 0.0, 1.0]], "pose": [[0.9952170252799988, -0.003121522720903158, -0.09763903170824051, 0.26568835973739624], [-0.008547130040824413, -0.9984387755393982, -0.05519923195242882, 0.14736129343509674], [-0.09731429070234299, 0.055769748985767365, -0.9936898946762085, 2.845886707305908], [0.0, 0.0, 0.0, 1.0]]}, "frame17.png": {"intrinsics": [[2985.29, 0.0, 512.0], [0.0, 2985.29, 512.0], [0.0, 0.0, 1.0]], "pose": [[0.9974939823150635, -0.01241376157850027, -0.0696539506316185, 0.18891389667987823], [-0.01898517645895481, -0.9953447580337524, -0.09449037164449692, 0.2681528925895691], [-0.06815671175718307, 0.0955759659409523, -0.993086040019989, 2.873568058013916], [0.0, 0.0, 0.0, 1.0]]}, "frame18.png": {"intrinsics": [[2985.29, 0.0, 512.0], [0.0, 2985.29, 512.0], [0.0, 0.0, 1.0]], "pose": [[0.9972073435783386, -0.004919189028441906, -0.07452114671468735, 0.20239980518817902], [-0.012202825397253036, -0.9951506853103638, -0.0976019948720932, 0.2792523503303528], [-0.07367964833974838, 0.09823878854513168, -0.9924315810203552, 2.8603615760803223], [0.0, 0.0, 0.0, 1.0]]}, "frame19.png": {"intrinsics": [[2985.29, 0.0, 512.0], [0.0, 2985.29, 512.0], [0.0, 0.0, 1.0]], "pose": [[0.9959650635719299, -0.004021058324724436, -0.08965145796537399, 0.23715171217918396], [-0.011778639629483223, -0.9962108135223389, -0.08617028594017029, 0.2355276197195053], [-0.08896525204181671, 0.08687856793403625, -0.992238461971283, 2.8003530502319336], [0.0, 0.0, 0.0, 1.0]]}, "frame2.png": {"intrinsics": [[2985.29, 0.0, 512.0], [0.0, 2985.29, 512.0], [0.0, 0.0, 1.0]], "pose": [[0.9976824522018433, -0.02133403904736042, 0.06461099535226822, -0.1737617701292038], [-0.01602812483906746, -0.9965401291847229, -0.0815533697605133, 0.2325575053691864], [0.06612730771303177, 0.08032876998186111, -0.9945724606513977, 2.8327462673187256], [0.0, 0.0, 0.0, 1.0]]}, "frame20.png": {"intrinsics": [[2985.29, 0.0, 512.0], [0.0, 2985.29, 512.0], [0.0, 0.0, 1.0]], "pose": [[0.9888362288475037, 0.011815549805760384, -0.14853686094284058, 0.3988856375217438], [-0.006718524731695652, -0.9923018217086792, -0.12366030365228653, 0.3424845337867737], [-0.14885452389717102, 0.12327774614095688, -0.9811447262763977, 2.7965445518493652], [0.0, 0.0, 0.0, 1.0]]}, "frame21.png": {"intrinsics": [[2985.29, 0.0, 512.0], [0.0, 2985.29, 512.0], [0.0, 0.0, 1.0]], "pose": [[0.953790009021759, 0.03662806376814842, -0.2982329726219177, 0.8126164078712463], [-0.009202457964420319, -0.9885157346725464, -0.15083721280097961, 0.42365166544914246], [-0.30033284425735474, 0.14661149680614471, -0.9424993991851807, 2.7309253215789795], [0.0, 0.0, 0.0, 1.0]]}, "frame22.png": {"intrinsics": [[2985.29, 0.0, 512.0], [0.0, 2985.29, 512.0], [0.0, 0.0, 1.0]], "pose": [[0.9408507943153381, 0.035620447248220444, -0.3369435966014862, 0.9222363829612732], [-0.020097270607948303, -0.986840546131134, -0.16044297814369202, 0.4517025351524353], [-0.3382246494293213, 0.1577245444059372, -0.9277538061141968, 2.7056920528411865], [0.0, 0.0, 0.0, 1.0]]}, "frame23.png": {"intrinsics": [[2985.29, 0.0, 512.0], [0.0, 2985.29, 512.0], [0.0, 0.0, 1.0]], "pose": [[0.9256333112716675, 0.019117029383778572, -0.37793847918510437, 1.0037633180618286], [-0.04095081984996796, -0.9877979159355164, -0.15026044845581055, 0.4104923903942108], [-0.3761993944644928, 0.15456297993659973, -0.9135558605194092, 2.5955259799957275], [0.0, 0.0, 0.0, 1.0]]}, "frame24.png": {"intrinsics": [[2985.29, 0.0, 512.0], [0.0, 2985.29, 512.0], [0.0, 0.0, 1.0]], "pose": [[0.9237674474716187, 0.026416771113872528, -0.38204172253608704, 1.0260721445083618], [-0.03411715477705002, -0.9879739880561829, -0.15080919861793518, 0.4150252044200897], [-0.3814311623573303, 0.15234680473804474, -0.9117569923400879, 2.622838258743286], [0.0, 0.0, 0.0, 1.0]]}, "frame25.png": {"intrinsics": [[2985.29, 0.0, 512.0], [0.0, 2985.29, 512.0], [0.0, 0.0, 1.0]], "pose": [[0.9264320135116577, 0.04432481899857521, -0.37384358048439026, 1.0049335956573486], [-0.017461974173784256, -0.9869160056114197, -0.16028685867786407, 0.4446446895599365], [-0.37605687975883484, 0.15502290427684784, -0.9135366082191467, 2.622933864593506], [0.0, 0.0, 0.0, 1.0]]}, "frame26.png": {"intrinsics": [[2985.29, 0.0, 512.0], [0.0, 2985.29, 512.0], [0.0, 0.0, 1.0]], "pose": [[0.9285163879394531, 0.07802678644657135, -0.3630000352859497, 0.9783710241317749], [0.015062041580677032, -0.9847800731658936, -0.1731511652469635, 0.47898802161216736], [-0.37098562717437744, 0.15530617535114288, -0.915559709072113, 2.6263320446014404], [0.0, 0.0, 0.0, 1.0]]}, "frame27.png": {"intrinsics": [[2985.29, 0.0, 512.0], [0.0, 2985.29, 512.0], [0.0, 0.0, 1.0]], "pose": [[0.932769775390625, 0.11855166405439377, -0.3404204845428467, 0.9122223258018494], [0.05575930327177048, -0.9804579615592957, -0.18866175413131714, 0.5199769139289856], [-0.3561341166496277, 0.15699636936187744, -0.9211518168449402, 2.6262283325195312], [0.0, 0.0, 0.0, 1.0]]}, "frame28.png": {"intrinsics": [[2985.29, 0.0, 512.0], [0.0, 2985.29, 512.0], [0.0, 0.0, 1.0]], "pose": [[0.9201259016990662, 0.1146143227815628, -0.3744755685329437, 0.9850522875785828], [0.05279168486595154, -0.9837879538536072, -0.17138952016830444, 0.4614849090576172], [-0.3880482316017151, 0.1379307210445404, -0.9112594127655029, 2.574476957321167], [0.0, 0.0, 0.0, 1.0]]}, "frame29.png": {"intrinsics": [[2985.29, 0.0, 512.0], [0.0, 2985.29, 512.0], [0.0, 0.0, 1.0]], "pose": [[0.9372252225875854, 0.11790195107460022, -0.32818901538848877, 0.870252788066864], [0.06331969797611237, -0.9830038547515869, -0.1723191738128662, 0.4611184597015381], [-0.34292784333229065, 0.14072105288505554, -0.9287616014480591, 2.627894401550293], [0.0, 0.0, 0.0, 1.0]]}, "frame3.png": {"intrinsics": [[2985.29, 0.0, 512.0], [0.0, 2985.29, 512.0], [0.0, 0.0, 1.0]], "pose": [[0.9982541799545288, -0.024232421070337296, 0.053864408284425735, -0.14245186746120453], [-0.01984436810016632, -0.9965524077415466, -0.08055698871612549, 0.2284962236881256], [0.055630799382925034, 0.07934743911027908, -0.9952934980392456, 2.8219456672668457], [0.0, 0.0, 0.0, 1.0]]}, "frame30.png": {"intrinsics": [[2985.29, 0.0, 512.0], [0.0, 2985.29, 512.0], [0.0, 0.0, 1.0]], "pose": [[0.9470927119255066, 0.09191282838582993, -0.30751824378967285, 0.8112007975578308], [0.043528564274311066, -0.9860499501228333, -0.16065733134746552, 0.4331606328487396], [-0.3179948329925537, 0.13877154886722565, -0.9378815293312073, 2.638690233230591], [0.0, 0.0, 0.0, 1.0]]}, "frame31.png": {"intrinsics": [[2985.29, 0.0, 512.0], [0.0, 2985.29, 512.0], [0.0, 0.0, 1.0]], "pose": [[0.9499520063400269, 0.06134284287691116, -0.30631378293037415, 0.8030945062637329], [0.011659182608127594, -0.986810028553009, -0.16146211326122284, 0.4356878995895386], [-0.3121780455112457, 0.14980989694595337, -0.938137412071228, 2.6275527477264404], [0.0, 0.0, 0.0, 1.0]]}, "frame32.png": {"intrinsics": [[2985.29, 0.0, 512.0], [0.0, 2985.29, 512.0], [0.0, 0.0, 1.0]], "pose": [[0.95169997215271, 0.04771597683429718, -0.3032989799976349, 0.8087018728256226], [-0.0007150322198867798, -0.9875026345252991, -0.1576007753610611, 0.4303203225135803], [-0.307028591632843, 0.15020550787448883, -0.9397721886634827, 2.656522274017334], [0.0, 0.0, 0.0, 1.0]]}, "frame33.png": {"intrinsics": [[2985.29, 0.0, 512.0], [0.0, 2985.29, 512.0], [0.0, 0.0, 1.0]], "pose": [[0.9526553153991699, 0.03532721847295761, -0.30199310183525085, 0.7864611744880676], [-0.0039354488253593445, -0.9917113184928894, -0.1284252256155014, 0.3457789719104767], [-0.30402690172195435, 0.12353344261646271, -0.9446201324462891, 2.6270761489868164], [0.0, 0.0, 0.0, 1.0]]}, "frame34.png": {"intrinsics": [[2985.29, 0.0, 512.0], [0.0, 2985.29, 512.0], [0.0, 0.0, 1.0]], "pose": [[0.9419183731079102, 0.03945968672633171, -0.3335156738758087, 0.9036511778831482], [-0.011756505817174911, -0.9885907173156738, -0.1501673012971878, 0.408648282289505], [-0.33563604950904846, 0.14536631107330322, -0.9307078719139099, 2.689561605453491], [0.0, 0.0, 0.0, 1.0]]}, "frame35.png": {"intrinsics": [[2985.29, 0.0, 512.0], [0.0, 2985.29, 512.0], [0.0, 0.0, 1.0]], "pose": [[0.9420750737190247, 0.025802353397011757, -0.3344082236289978, 0.8897156119346619], [-0.024996235966682434, -0.9888626933097839, -0.14671681821346283, 0.39692386984825134], [-0.3344694674015045, 0.14657720923423767, -0.9309379458427429, 2.6395175457000732], [0.0, 0.0, 0.0, 1.0]]}, "frame36.png": {"intrinsics": [[2985.29, 0.0, 512.0], [0.0, 2985.29, 512.0], [0.0, 0.0, 1.0]], "pose": [[0.9351059794425964, 0.022525953128933907, -0.35365137457847595, 0.9479977488517761], [-0.030379530042409897, -0.9892076849937439, -0.14333587884902954, 0.3911234736442566], [-0.3530634343624115, 0.14477799832820892, -0.9243297576904297, 2.6374101638793945], [0.0, 0.0, 0.0, 1.0]]}, "frame37.png": {"intrinsics": [[2985.29, 0.0, 512.0], [0.0, 2985.29, 512.0], [0.0, 0.0, 1.0]], "pose": [[0.9480521082878113, 0.051979295909404755, -0.3138396143913269, 0.8342097401618958], [-0.00033271685242652893, -0.9863976836204529, -0.16437596082687378, 0.448366641998291], [-0.3181148171424866, 0.1559414118528366, -0.9351391196250916, 2.649784564971924], [0.0, 0.0, 0.0, 1.0]]}, "frame38.png": {"intrinsics": [[2985.29, 0.0, 512.0], [0.0, 2985.29, 512.0], [0.0, 0.0, 1.0]], "pose": [[0.9914186000823975, 0.11429344862699509, -0.0634506419301033, 0.1716737151145935], [0.10797350853681564, -0.989564836025238, -0.09541007876396179, 0.2725137770175934], [-0.07369327545166016, 0.08774034678936005, -0.9934137463569641, 2.798865795135498], [0.0, 0.0, 0.0, 1.0]]}, "frame39.png": {"intrinsics": [[2985.29, 0.0, 512.0], [0.0, 2985.29, 512.0], [0.0, 0.0, 1.0]], "pose": [[0.9623574614524841, 0.14629505574703217, 0.22905442118644714, -0.645111620426178], [0.10884495079517365, -0.9796885848045349, 0.1684134304523468, -0.460079550743103], [0.24904005229473114, -0.13714250922203064, -0.9587340950965881, 2.8428947925567627], [0.0, 0.0, 0.0, 1.0]]}, "frame4.png": {"intrinsics": [[2985.29, 0.0, 512.0], [0.0, 2985.29, 512.0], [0.0, 0.0, 1.0]], "pose": [[0.9996640086174011, -0.02118450216948986, 0.014936027117073536, -0.038779959082603455], [-0.02026185393333435, -0.9980268478393555, -0.05943042039871216, 0.1586960107088089], [0.016165558248758316, 0.05910781770944595, -0.9981207251548767, 2.7576632499694824], [0.0, 0.0, 0.0, 1.0]]}, "frame40.png": {"intrinsics": [[2985.29, 0.0, 512.0], [0.0, 2985.29, 512.0], [0.0, 0.0, 1.0]], "pose": [[0.9805575609207153, 0.16168555617332458, 0.11119663715362549, -0.3058067560195923], [0.15820656716823578, -0.9866161942481995, 0.039487965404987335, -0.09059072285890579], [0.11609303206205368, -0.021128185093402863, -0.9930136203765869, 2.8418147563934326], [0.0, 0.0, 0.0, 1.0]]}, "frame41.png": {"intrinsics": [[2985.29, 0.0, 512.0], [0.0, 2985.29, 512.0], [0.0, 0.0, 1.0]], "pose": [[0.9919431209564209, 0.09753885865211487, 0.08084005862474442, -0.2252889722585678], [0.08840416371822357, -0.9900184273719788, 0.109764464199543, -0.29622551798820496], [0.09073944389820099, -0.1017335057258606, -0.9906647801399231, 2.916954278945923], [0.0, 0.0, 0.0, 1.0]]}, "frame42.png": {"intrinsics": [[2985.29, 0.0, 512.0], [0.0, 2985.29, 512.0], [0.0, 0.0, 1.0]], "pose": [[0.9959156513214111, 0.06654088944196701, 0.06102670356631279, -0.16800251603126526], [0.06292993575334549, -0.9962547421455383, 0.05929802358150482, -0.14881493151187897], [0.06474388390779495, -0.05521542578935623, -0.9963731169700623, 2.8531582355499268], [0.0, 0.0, 0.0, 1.0]]}, "frame43.png": {"intrinsics": [[2985.29, 0.0, 512.0], [0.0, 2985.29, 512.0], [0.0, 0.0, 1.0]], "pose": [[0.9990580677986145, -0.02296958491206169, 0.036816805601119995, -0.10255897045135498], [-0.025805309414863586, -0.9965804815292358, 0.07849573343992233, -0.20046024024486542], [0.03488789498806, -0.0793718621134758, -0.9962344169616699, 2.863464117050171], [0.0, 0.0, 0.0, 1.0]]}, "frame44.png": {"intrinsics": [[2985.29, 0.0, 512.0], [0.0, 2985.29, 512.0], [0.0, 0.0, 1.0]], "pose": [[0.9844478964805603, -0.12982909381389618, -0.11834961920976639, 0.32488325238227844], [-0.11676706373691559, -0.9868986010551453, 0.11134017258882523, -0.3018621504306793], [-0.13125427067279816, -0.09578926861286163, -0.9867100715637207, 2.8751461505889893], [0.0, 0.0, 0.0, 1.0]]}, "frame45.png": {"intrinsics": [[2985.29, 0.0, 512.0], [0.0, 2985.29, 512.0], [0.0, 0.0, 1.0]], "pose": [[0.9630431532859802, -0.13667018711566925, -0.2320973426103592, 0.6572607755661011], [-0.11274551600217819, -0.9871256947517395, 0.1134517714381218, -0.32434985041618347], [-0.24461473524570465, -0.08309102058410645, -0.9660535454750061, 2.877359628677368], [0.0, 0.0, 0.0, 1.0]]}, "frame46.png": {"intrinsics": [[2985.29, 0.0, 512.0], [0.0, 2985.29, 512.0], [0.0, 0.0, 1.0]], "pose": [[0.9529783129692078, -0.14166738092899323, -0.26788559556007385, 0.7502021193504333], [-0.12640440464019775, -0.9892535209655762, 0.07348025590181351, -0.2075774371623993], [-0.2754165530204773, -0.036163173615932465, -0.960644543170929, 2.849087953567505], [0.0, 0.0, 0.0, 1.0]]}, "frame47.png": {"intrinsics": [[2985.29, 0.0, 512.0], [0.0, 2985.29, 512.0], [0.0, 0.0, 1.0]], "pose": [[0.9369186162948608, -0.13378474116325378, -0.32293206453323364, 0.925380527973175], [-0.11894674599170685, -0.9907476902008057, 0.06534965336322784, -0.1768687665462494], [-0.32868698239326477, -0.022815585136413574, -0.9441632628440857, 2.8472437858581543], [0.0, 0.0, 0.0, 1.0]]}, "frame48.png": {"intrinsics": [[2985.29, 0.0, 512.0], [0.0, 2985.29, 512.0], [0.0, 0.0, 1.0]], "pose": [[0.9324141144752502, -0.11411205679178238, -0.342902809381485, 0.9855947494506836], [-0.09649699181318283, -0.9930035471916199, 0.06806160509586334, -0.1906975358724594], [-0.34827032685279846, -0.030372507870197296, -0.9369019269943237, 2.8392276763916016], [0.0, 0.0, 0.0, 1.0]]}, "frame49.png": {"intrinsics": [[2985.29, 0.0, 512.0], [0.0, 2985.29, 512.0], [0.0, 0.0, 1.0]], "pose": [[0.9299529790878296, -0.09455280750989914, -0.35531288385391235, 0.9973883032798767], [-0.07534316927194595, -0.9948669075965881, 0.06755134463310242, -0.1813473254442215], [-0.35987621545791626, -0.03604917228221893, -0.9323033690452576, 2.762230634689331], [0.0, 0.0, 0.0, 1.0]]}, "frame5.png": {"intrinsics": [[2985.29, 0.0, 512.0], [0.0, 2985.29, 512.0], [0.0, 0.0, 1.0]], "pose": [[0.9996751546859741, -0.012156695127487183, -0.02239973470568657, 0.059117015451192856], [-0.01372561790049076, -0.9973623156547546, -0.07127450406551361, 0.19690731167793274], [-0.021474188193678856, 0.07155881077051163, -0.9972051978111267, 2.8631436824798584], [0.0, 0.0, 0.0, 1.0]]}, "frame6.png": {"intrinsics": [[2985.29, 0.0, 512.0], [0.0, 2985.29, 512.0], [0.0, 0.0, 1.0]], "pose": [[0.996647834777832, -0.005650117062032223, -0.08161574602127075, 0.21449512243270874], [-0.012224482372403145, -0.9966974258422852, -0.08027919381856918, 0.21842500567436218], [-0.08089261502027512, 0.08100779354572296, -0.9934254288673401, 2.8139126300811768], [0.0, 0.0, 0.0, 1.0]]}, "frame7.png": {"intrinsics": [[2985.29, 0.0, 512.0], [0.0, 2985.29, 512.0], [0.0, 0.0, 1.0]], "pose": [[0.9953047633171082, -0.007474982179701328, -0.09650138765573502, 0.2550972104072571], [-0.014503708109259605, -0.9972744584083557, -0.0723409354686737, 0.1944243162870407], [-0.09569762647151947, 0.07340090721845627, -0.992700457572937, 2.8073959350585938], [0.0, 0.0, 0.0, 1.0]]}, "frame8.png": {"intrinsics": [[2985.29, 0.0, 512.0], [0.0, 2985.29, 512.0], [0.0, 0.0, 1.0]], "pose": [[0.9946684241294861, -0.0011547181056812406, -0.10311827063560486, 0.28914639353752136], [-0.008402276784181595, -0.9975202083587646, -0.06987728178501129, 0.19283631443977356], [-0.10278186947107315, 0.07037115842103958, -0.9922115206718445, 2.915926694869995], [0.0, 0.0, 0.0, 1.0]]}, "frame9.png": {"intrinsics": [[2985.29, 0.0, 512.0], [0.0, 2985.29, 512.0], [0.0, 0.0, 1.0]], "pose": [[0.9940252304077148, -0.0016048802062869072, -0.10913841426372528, 0.28800535202026367], [-0.009586571715772152, -0.997311532497406, -0.07264838367700577, 0.1971835196018219], [-0.10872840881347656, 0.0732605904340744, -0.9913682341575623, 2.7898054122924805], [0.0, 0.0, 0.0, 1.0]]}}