{"labels": [["frame0.png", [0.8379251956939697, -0.3195931315422058, 0.4424269199371338, -1.1318209905172765, -0.23575499653816223, -0.9430418610572815, -0.23471592366695404, 0.6057523153585651, 0.49224069714546204, 0.09237001836299896, -0.8655442595481873, 2.375299008096081, 0.0, 0.0, 0.0, 1.0, 4.2647, 0.0, 0.5, 0.0, 4.2647, 0.5, 0.0, 0.0, 1.0]], ["frame0_mirror.png", [0.8379251956939697, 0.3195931315422058, -0.4424269199371338, 1.1318209905172765, 0.23575499653816223, -0.9430418610572815, -0.23471592366695404, 0.6057523153585651, -0.49224069714546204, 0.09237001836299896, -0.8655442595481873, 2.375299008096081, 0.0, 0.0, 0.0, 1.0, 4.2647, 0.0, 0.5, 0.0, 4.2647, 0.5, 0.0, 0.0, 1.0]], ["frame1.png", [0.809994637966156, -0.3696076571941376, 0.45530083775520325, -1.1646333713729093, -0.3109869956970215, -0.9289484024047852, -0.20085322856903076, 0.5198454617670795, 0.49718788266181946, 0.02109740674495697, -0.8673863410949707, 2.3797877649413914, 0.0, 0.0, 0.0, 1.0, 4.2647, 0.0, 0.5, 0.0, 4.2647, 0.5, 0.0, 0.0, 1.0]], ["frame1_mirror.png", [0.809994637966156, 0.3696076571941376, -0.45530083775520325, 1.1646333713729093, 0.3109869956970215, -0.9289484024047852, -0.20085322856903076, 0.5198454617670795, -0.49718788266181946, 0.02109740674495697, -0.8673863410949707, 2.3797877649413914, 0.0, 0.0, 0.0, 1.0, 4.2647, 0.0, 0.5, 0.0, 4.2647, 0.5, 0.0, 0.0, 1.0]], ["frame2.png", [0.895807147026062, -0.27767783403396606, 0.3470224142074585, -0.8839257253423641, -0.23926395177841187, -0.9593027830123901, -0.14996948838233948, 0.38986396037715987, 0.374542772769928, 0.05131378769874573, -0.9257886409759521, 2.5212460023720444, 0.0, 0.0, 0.0, 1.0, 4.2647, 0.0, 0.5, 0.0, 4.2647, 0.5, 0.0, 0.0, 1.0]], ["frame2_mirror.png", [0.895807147026062, 0.27767783403396606, -0.3470224142074585, 0.8839257253423641, 0.23926395177841187, -0.9593027830123901, -0.14996948838233948, 0.38986396037715987, -0.374542772769928, 0.05131378769874573, -0.9257886409759521, 2.5212460023720444, 0.0, 0.0, 0.0, 1.0, 4.2647, 0.0, 0.5, 0.0, 4.2647, 0.5, 0.0, 0.0, 1.0]]]}