{"frame0.png": {"intrinsics": [[2985.29, 0.0, 512.0], [0.0, 2985.29, 512.0], [0.0, 0.0, 1.0]], "pose": [[0.872677743434906, -0.021140506491065025, -0.48783865571022034, 1.5236315727233887], [0.10251334309577942, -0.9688653349876404, 0.22536839544773102, -0.7131123542785645], [-0.4774143695831299, -0.24668395519256592, -0.8433400988578796, 2.7920472621917725], [0.0, 0.0, 0.0, 1.0]]}, "frame1.png": {"intrinsics": [[2985.29, 0.0, 512.0], [0.0, 2985.29, 512.0], [0.0, 0.0, 1.0]], "pose": [[0.8690052032470703, -0.04559583216905594, -0.49269765615463257, 1.408573865890503], [0.10186535865068436, -0.957929790019989, 0.26831692457199097, -0.7534340023994446], [-0.48420390486717224, -0.2833576202392578, -0.8278013467788696, 2.5289547443389893], [0.0, 0.0, 0.0, 1.0]]}, "frame10.png": {"intrinsics": [[2985.29, 0.0, 512.0], [0.0, 2985.29, 512.0], [0.0, 0.0, 1.0]], "pose": [[0.6040014624595642, -0.10005117952823639, -0.7906782031059265, 2.2929563522338867], [0.09624254703521729, -0.97567218542099, 0.19697998464107513, -0.5651010870933533], [-0.7911508083343506, -0.19507308304309845, -0.5796782374382019, 1.8638769388198853], [0.0, 0.0, 0.0, 1.0]]}, "frame11.png": {"intrinsics": [[2985.29, 0.0, 512.0], [0.0, 2985.29, 512.0], [0.0, 0.0, 1.0]], "pose": [[0.5902762413024902, -0.08425887674093246, -0.8027916550636292, 2.3179450035095215], [0.099710613489151, -0.9793091416358948, 0.17610083520412445, -0.5026540756225586], [-0.8010193109512329, -0.18399496376514435, -0.5696613788604736, 1.8312811851501465], [0.0, 0.0, 0.0, 1.0]]}, "frame12.png": {"intrinsics": [[2985.29, 0.0, 512.0], [0.0, 2985.29, 512.0], [0.0, 0.0, 1.0]], "pose": [[0.5894166231155396, -0.08954599499702454, -0.8028509020805359, 2.3534998893737793], [0.09640930593013763, -0.9789370894432068, 0.17996510863304138, -0.5207864046096802], [-0.8020557165145874, -0.18347671627998352, -0.5683687329292297, 1.8434356451034546], [0.0, 0.0, 0.0, 1.0]]}, "frame13.png": {"intrinsics": [[2985.29, 0.0, 512.0], [0.0, 2985.29, 512.0], [0.0, 0.0, 1.0]], "pose": [[0.5898512601852417, -0.08528205752372742, -0.8029959201812744, 2.3406481742858887], [0.0921325534582138, -0.9808065295219421, 0.17184358835220337, -0.4955940544605255], [-0.8022388219833374, -0.17534419894218445, -0.5706726908683777, 1.842400312423706], [0.0, 0.0, 0.0, 1.0]]}, "frame14.png": {"intrinsics": [[2985.29, 0.0, 512.0], [0.0, 2985.29, 512.0], [0.0, 0.0, 1.0]], "pose": [[0.5853738188743591, -0.08616165816783905, -0.8061721920967102, 2.344409465789795], [0.09307822585105896, -0.9806209206581116, 0.17239181697368622, -0.49395573139190674], [-0.805402934551239, -0.1759507656097412, -0.566010057926178, 1.8258057832717896], [0.0, 0.0, 0.0, 1.0]]}, "frame15.png": {"intrinsics": [[2985.29, 0.0, 512.0], [0.0, 2985.29, 512.0], [0.0, 0.0, 1.0]], "pose": [[0.5851789116859436, -0.08424943685531616, -0.8065157532691956, 2.3354432582855225], [0.097500279545784, -0.9800626039505005, 0.17312103509902954, -0.4955776035785675], [-0.8050212860107422, -0.1799422800540924, -0.5652976632118225, 1.813460350036621], [0.0, 0.0, 0.0, 1.0]]}, "frame16.png": {"intrinsics": [[2985.29, 0.0, 512.0], [0.0, 2985.29, 512.0], [0.0, 0.0, 1.0]], "pose": [[0.5794591307640076, -0.0894012451171875, -0.8100830316543579, 2.332900285720825], [0.1001010537147522, -0.9786325097084045, 0.17960558831691742, -0.5100871324539185], [-0.8088305592536926, -0.18516427278518677, -0.5581284165382385, 1.7861136198043823], [0.0, 0.0, 0.0, 1.0]]}, "frame17.png": {"intrinsics": [[2985.29, 0.0, 512.0], [0.0, 2985.29, 512.0], [0.0, 0.0, 1.0]], "pose": [[0.5787644386291504, -0.08457829058170319, -0.8110969066619873, 2.343400716781616], [0.10069125890731812, -0.979584813117981, 0.17399662733078003, -0.49557366967201233], [-0.80925452709198, -0.18237343430519104, -0.5584325790405273, 1.7902785539627075], [0.0, 0.0, 0.0, 1.0]]}, "frame18.png": {"intrinsics": [[2985.29, 0.0, 512.0], [0.0, 2985.29, 512.0], [0.0, 0.0, 1.0]], "pose": [[0.5699867606163025, -0.0949648842215538, -0.81614750623703, 2.374180793762207], [0.102134570479393, -0.977405846118927, 0.18505795300006866, -0.5313690304756165], [-0.815281331539154, -0.1888374537229538, -0.547409176826477, 1.7707725763320923], [0.0, 0.0, 0.0, 1.0]]}, "frame19.png": {"intrinsics": [[2985.29, 0.0, 512.0], [0.0, 2985.29, 512.0], [0.0, 0.0, 1.0]], "pose": [[0.5587248206138611, -0.09857766330242157, -0.8234737515449524, 2.414440393447876], [0.10088399052619934, -0.9774593710899353, 0.18546073138713837, -0.5441117286682129], [-0.8231943845748901, -0.18669681251049042, -0.5361859202384949, 1.7525153160095215], [0.0, 0.0, 0.0, 1.0]]}, "frame2.png": {"intrinsics": [[2985.29, 0.0, 512.0], [0.0, 2985.29, 512.0], [0.0, 0.0, 1.0]], "pose": [[0.8648321032524109, -0.04658665135502815, -0.4998950660228729, 1.4336457252502441], [0.1015331968665123, -0.9588834047317505, 0.2650162875652313, -0.7523673176765442], [-0.4916872978210449, -0.2799505293369293, -0.8245430588722229, 2.527479887008667], [0.0, 0.0, 0.0, 1.0]]}, "frame20.png": {"intrinsics": [[2985.29, 0.0, 512.0], [0.0, 2985.29, 512.0], [0.0, 0.0, 1.0]], "pose": [[0.5596039891242981, -0.09399054944515228, -0.8234131336212158, 2.392369270324707], [0.09955380856990814, -0.9787300825119019, 0.17937786877155304, -0.5147229433059692], [-0.8227590322494507, -0.18235448002815247, -0.538344144821167, 1.7460298538208008], [0.0, 0.0, 0.0, 1.0]]}, "frame21.png": {"intrinsics": [[2985.29, 0.0, 512.0], [0.0, 2985.29, 512.0], [0.0, 0.0, 1.0]], "pose": [[0.5566564202308655, -0.10052046179771423, -0.8246389031410217, 2.4225878715515137], [0.10829012095928192, -0.9754026532173157, 0.19199714064598083, -0.5599474310874939], [-0.8236546516418457, -0.196176677942276, -0.532078742980957, 1.745516300201416], [0.0, 0.0, 0.0, 1.0]]}, "frame22.png": {"intrinsics": [[2985.29, 0.0, 512.0], [0.0, 2985.29, 512.0], [0.0, 0.0, 1.0]], "pose": [[0.5580510497093201, -0.0928020030260086, -0.8246009945869446, 2.3782217502593994], [0.11834892630577087, -0.974666953086853, 0.18978364765644073, -0.5386327505111694], [-0.8213236331939697, -0.20349960029125214, -0.5329309105873108, 1.7201886177062988], [0.0, 0.0, 0.0, 1.0]]}, "frame23.png": {"intrinsics": [[2985.29, 0.0, 512.0], [0.0, 2985.29, 512.0], [0.0, 0.0, 1.0]], "pose": [[0.5970830917358398, -0.08043923228979111, -0.7981361746788025, 2.3172032833099365], [0.12188644707202911, -0.9743099808692932, 0.189377561211586, -0.5487954020500183], [-0.7928653955459595, -0.21035611629486084, -0.5719395279884338, 1.838462471961975], [0.0, 0.0, 0.0, 1.0]]}, "frame24.png": {"intrinsics": [[2985.29, 0.0, 512.0], [0.0, 2985.29, 512.0], [0.0, 0.0, 1.0]], "pose": [[0.6662649512290955, -0.07441884279251099, -0.7419925332069397, 2.1464345455169678], [0.10992632061243057, -0.9743366241455078, 0.1964292675256729, -0.565692126750946], [-0.7375684976577759, -0.2124384194612503, -0.6409857273101807, 2.035311460494995], [0.0, 0.0, 0.0, 1.0]]}, "frame25.png": {"intrinsics": [[2985.29, 0.0, 512.0], [0.0, 2985.29, 512.0], [0.0, 0.0, 1.0]], "pose": [[0.6857742071151733, -0.07899346202611923, -0.7235148549079895, 2.074964761734009], [0.10763464868068695, -0.9721543788909912, 0.20816007256507874, -0.59165358543396], [-0.7198114395141602, -0.2206260710954666, -0.6581760048866272, 2.0729551315307617], [0.0, 0.0, 0.0, 1.0]]}, "frame26.png": {"intrinsics": [[2985.29, 0.0, 512.0], [0.0, 2985.29, 512.0], [0.0, 0.0, 1.0]], "pose": [[0.6802579164505005, -0.08115285634994507, -0.7284664511680603, 2.1255087852478027], [0.1006520688533783, -0.9740943908691406, 0.20250749588012695, -0.5860950350761414], [-0.7260291576385498, -0.21107898652553558, -0.6544672250747681, 2.0924034118652344], [0.0, 0.0, 0.0, 1.0]]}, "frame27.png": {"intrinsics": [[2985.29, 0.0, 512.0], [0.0, 2985.29, 512.0], [0.0, 0.0, 1.0]], "pose": [[0.7363778948783875, -0.07175237685441971, -0.6727548837661743, 1.956131935119629], [0.08052689582109451, -0.9779970645904541, 0.19245024025440216, -0.5530177354812622], [-0.6717610955238342, -0.19589099287986755, -0.7143974900245667, 2.253183126449585], [0.0, 0.0, 0.0, 1.0]]}, "frame28.png": {"intrinsics": [[2985.29, 0.0, 512.0], [0.0, 2985.29, 512.0], [0.0, 0.0, 1.0]], "pose": [[0.8288872241973877, -0.07755088061094284, -0.554014265537262, 1.5842658281326294], [0.04681937396526337, -0.9772529602050781, 0.2068445086479187, -0.5841425061225891], [-0.5574530959129333, -0.1973893791437149, -0.8064015507698059, 2.4760050773620605], [0.0, 0.0, 0.0, 1.0]]}, "frame29.png": {"intrinsics": [[2985.29, 0.0, 512.0], [0.0, 2985.29, 512.0], [0.0, 0.0, 1.0]], "pose": [[0.8558257222175598, -0.0769684836268425, -0.5115057229995728, 1.4843502044677734], [0.03987888991832733, -0.9761064052581787, 0.21360231935977936, -0.6155115365982056], [-0.5157246589660645, -0.20320463180541992, -0.8323076367378235, 2.584481716156006], [0.0, 0.0, 0.0, 1.0]]}, "frame3.png": {"intrinsics": [[2985.29, 0.0, 512.0], [0.0, 2985.29, 512.0], [0.0, 0.0, 1.0]], "pose": [[0.8637998700141907, -0.045445457100868225, -0.5017812848091125, 1.4392153024673462], [0.09976910054683685, -0.9607740640640259, 0.2587648332118988, -0.733555018901825], [-0.49385812878608704, -0.2735832929611206, -0.8253824710845947, 2.5308213233947754], [0.0, 0.0, 0.0, 1.0]]}, "frame30.png": {"intrinsics": [[2985.29, 0.0, 512.0], [0.0, 2985.29, 512.0], [0.0, 0.0, 1.0]], "pose": [[0.8566204309463501, -0.08253482729196548, -0.5093028545379639, 1.5062466859817505], [0.033185847103595734, -0.9762643575668335, 0.2140248715877533, -0.6300699710845947], [-0.5148786902427673, -0.20023973286151886, -0.8335489630699158, 2.625593662261963], [0.0, 0.0, 0.0, 1.0]]}, "frame31.png": {"intrinsics": [[2985.29, 0.0, 512.0], [0.0, 2985.29, 512.0], [0.0, 0.0, 1.0]], "pose": [[0.8561734557151794, -0.09810715913772583, -0.5072888135910034, 1.50015127658844], [0.021140336990356445, -0.9743343591690063, 0.22411096096038818, -0.6588596701622009], [-0.516255795955658, -0.20260214805603027, -0.8321252465248108, 2.6202542781829834], [0.0, 0.0, 0.0, 1.0]]}, "frame32.png": {"intrinsics": [[2985.29, 0.0, 512.0], [0.0, 2985.29, 512.0], [0.0, 0.0, 1.0]], "pose": [[0.8595256209373474, -0.09786831587553024, -0.5016347169876099, 1.5300467014312744], [0.021678946912288666, -0.9736301898956299, 0.22709983587265015, -0.6983379125595093], [-0.5106325745582581, -0.2060730755329132, -0.8347384333610535, 2.702962875366211], [0.0, 0.0, 0.0, 1.0]]}, "frame33.png": {"intrinsics": [[2985.29, 0.0, 512.0], [0.0, 2985.29, 512.0], [0.0, 0.0, 1.0]], "pose": [[0.8638926148414612, -0.10216113924980164, -0.4932065010070801, 1.4761251211166382], [0.015336811542510986, -0.9734240770339966, 0.2284955382347107, -0.6848151683807373], [-0.5034424662590027, -0.20495980978012085, -0.8393670916557312, 2.6715140342712402], [0.0, 0.0, 0.0, 1.0]]}, "frame34.png": {"intrinsics": [[2985.29, 0.0, 512.0], [0.0, 2985.29, 512.0], [0.0, 0.0, 1.0]], "pose": [[0.8725473880767822, -0.10719290375709534, -0.4766242504119873, 1.3939459323883057], [0.009516619145870209, -0.9717159271240234, 0.23596103489398956, -0.6875828504562378], [-0.4884367287158966, -0.2104230523109436, -0.8468481302261353, 2.6443612575531006], [0.0, 0.0, 0.0, 1.0]]}, "frame35.png": {"intrinsics": [[2985.29, 0.0, 512.0], [0.0, 2985.29, 512.0], [0.0, 0.0, 1.0]], "pose": [[0.8809739947319031, -0.10671620070934296, -0.4609734117984772, 1.3791342973709106], [0.0047417208552360535, -0.9721945524215698, 0.23412682116031647, -0.6986066102981567], [-0.4731409549713135, -0.2084454447031021, -0.8559720516204834, 2.719019651412964], [0.0, 0.0, 0.0, 1.0]]}, "frame36.png": {"intrinsics": [[2985.29, 0.0, 512.0], [0.0, 2985.29, 512.0], [0.0, 0.0, 1.0]], "pose": [[0.8844503164291382, -0.10458915680646896, -0.4547623097896576, 1.3793177604675293], [0.011763803660869598, -0.9692508578300476, 0.24579353630542755, -0.7434990406036377], [-0.4664860963821411, -0.22274190187454224, -0.8560238480567932, 2.749939441680908], [0.0, 0.0, 0.0, 1.0]]}, "frame37.png": {"intrinsics": [[2985.29, 0.0, 512.0], [0.0, 2985.29, 512.0], [0.0, 0.0, 1.0]], "pose": [[0.8850132822990417, -0.10294007509946823, -0.45404282212257385, 1.3635201454162598], [0.01917843520641327, -0.9663606286048889, 0.2564745247364044, -0.7740986943244934], [-0.46517065167427063, -0.2356911599636078, -0.8532677888870239, 2.7284276485443115], [0.0, 0.0, 0.0, 1.0]]}, "frame38.png": {"intrinsics": [[2985.29, 0.0, 512.0], [0.0, 2985.29, 512.0], [0.0, 0.0, 1.0]], "pose": [[0.8805332183837891, -0.10487035661935806, -0.46223747730255127, 1.377270221710205], [0.021379850804805756, -0.9654362201690674, 0.25976109504699707, -0.7783576250076294], [-0.4735020399093628, -0.23861083388328552, -0.8478565216064453, 2.694063425064087], [0.0, 0.0, 0.0, 1.0]]}, "frame39.png": {"intrinsics": [[2985.29, 0.0, 512.0], [0.0, 2985.29, 512.0], [0.0, 0.0, 1.0]], "pose": [[0.874724268913269, -0.11280212551355362, -0.47130998969078064, 1.3734264373779297], [0.028824999928474426, -0.9587012529373169, 0.28295063972473145, -0.8207809925079346], [-0.4837629199028015, -0.2610893249511719, -0.8353477120399475, 2.594972610473633], [0.0, 0.0, 0.0, 1.0]]}, "frame4.png": {"intrinsics": [[2985.29, 0.0, 512.0], [0.0, 2985.29, 512.0], [0.0, 0.0, 1.0]], "pose": [[0.8361644148826599, -0.0418219193816185, -0.5468820929527283, 1.5811290740966797], [0.11026840656995773, -0.9639120697975159, 0.2423103153705597, -0.7050014138221741], [-0.5372802019119263, -0.26291507482528687, -0.8013773560523987, 2.488417387008667], [0.0, 0.0, 0.0, 1.0]]}, "frame40.png": {"intrinsics": [[2985.29, 0.0, 512.0], [0.0, 2985.29, 512.0], [0.0, 0.0, 1.0]], "pose": [[0.8719438314437866, -0.11625546216964722, -0.47560346126556396, 1.3692883253097534], [0.03063289076089859, -0.9565435647964478, 0.28997597098350525, -0.830276370048523], [-0.4886466860771179, -0.26741188764572144, -0.8304909467697144, 2.5496938228607178], [0.0, 0.0, 0.0, 1.0]]}, "frame41.png": {"intrinsics": [[2985.29, 0.0, 512.0], [0.0, 2985.29, 512.0], [0.0, 0.0, 1.0]], "pose": [[0.8643209934234619, -0.11225423216819763, -0.490253210067749, 1.4103333950042725], [0.02830178290605545, -0.9623733162879944, 0.2702527940273285, -0.774792492389679], [-0.5021436214447021, -0.24746020138263702, -0.8286224603652954, 2.548489809036255], [0.0, 0.0, 0.0, 1.0]]}, "frame42.png": {"intrinsics": [[2985.29, 0.0, 512.0], [0.0, 2985.29, 512.0], [0.0, 0.0, 1.0]], "pose": [[0.8668351173400879, -0.10816314071416855, -0.4867212474346161, 1.3915696144104004], [0.021075300872325897, -0.9673647284507751, 0.25251007080078125, -0.7194864153862], [-0.49814924597740173, -0.22914239764213562, -0.8362661600112915, 2.55759859085083], [0.0, 0.0, 0.0, 1.0]]}, "frame43.png": {"intrinsics": [[2985.29, 0.0, 512.0], [0.0, 2985.29, 512.0], [0.0, 0.0, 1.0]], "pose": [[0.8568745851516724, -0.11197472363710403, -0.5032172799110413, 1.4675185680389404], [0.02419339120388031, -0.9663160443305969, 0.25621867179870605, -0.7452212572097778], [-0.5149569511413574, -0.23172180354595184, -0.8253026008605957, 2.569298267364502], [0.0, 0.0, 0.0, 1.0]]}, "frame44.png": {"intrinsics": [[2985.29, 0.0, 512.0], [0.0, 2985.29, 512.0], [0.0, 0.0, 1.0]], "pose": [[0.7813966870307922, -0.09768273681402206, -0.6163418889045715, 1.7976261377334595], [0.04681125283241272, -0.9757144451141357, 0.2139861136674881, -0.6248205304145813], [-0.6222764253616333, -0.19605979323387146, -0.7578473687171936, 2.3797426223754883], [0.0, 0.0, 0.0, 1.0]]}, "frame45.png": {"intrinsics": [[2985.29, 0.0, 512.0], [0.0, 2985.29, 512.0], [0.0, 0.0, 1.0]], "pose": [[0.7087749242782593, -0.07692744582891464, -0.7012277245521545, 2.026172161102295], [0.06941281259059906, -0.98160719871521, 0.1778460592031479, -0.510611891746521], [-0.7020114064216614, -0.17472699284553528, -0.6903987526893616, 2.173800230026245], [0.0, 0.0, 0.0, 1.0]]}, "frame46.png": {"intrinsics": [[2985.29, 0.0, 512.0], [0.0, 2985.29, 512.0], [0.0, 0.0, 1.0]], "pose": [[0.7072076201438904, -0.06414199620485306, -0.7040902972221375, 2.099839210510254], [0.09170371294021606, -0.9791412949562073, 0.18130861222743988, -0.5458154678344727], [-0.701033353805542, -0.19279055297374725, -0.6865741014480591, 2.2212162017822266], [0.0, 0.0, 0.0, 1.0]]}, "frame47.png": {"intrinsics": [[2985.29, 0.0, 512.0], [0.0, 2985.29, 512.0], [0.0, 0.0, 1.0]], "pose": [[0.7054622769355774, -0.08280285447835922, -0.7038939595222473, 2.02408766746521], [0.09269530326128006, -0.9738418459892273, 0.20746012032032013, -0.5917797088623047], [-0.7026596665382385, -0.21160295605659485, -0.6793332099914551, 2.13484263420105], [0.0, 0.0, 0.0, 1.0]]}, "frame48.png": {"intrinsics": [[2985.29, 0.0, 512.0], [0.0, 2985.29, 512.0], [0.0, 0.0, 1.0]], "pose": [[0.7012202739715576, -0.07344342768192291, -0.7091517448425293, 2.121267080307007], [0.09178466349840164, -0.9771029353141785, 0.1919519454240799, -0.5753228068351746], [-0.7070118188858032, -0.1996898651123047, -0.6784234046936035, 2.2077231407165527], [0.0, 0.0, 0.0, 1.0]]}, "frame49.png": {"intrinsics": [[2985.29, 0.0, 512.0], [0.0, 2985.29, 512.0], [0.0, 0.0, 1.0]], "pose": [[0.6629260778427124, -0.11340265721082687, -0.740046501159668, 2.173515558242798], [0.028797969222068787, -0.9838681221008301, 0.1765621155500412, -0.5180903077125549], [-0.7481307983398438, -0.13835948705673218, -0.6489660739898682, 2.079535722732544], [0.0, 0.0, 0.0, 1.0]]}, "frame5.png": {"intrinsics": [[2985.29, 0.0, 512.0], [0.0, 2985.29, 512.0], [0.0, 0.0, 1.0]], "pose": [[0.7691559195518494, -0.04360701143741608, -0.6375716328620911, 1.8201427459716797], [0.11696875095367432, -0.9712091684341431, 0.2075354903936386, -0.587831437587738], [-0.6282654404640198, -0.23420308530330658, -0.7419106960296631, 2.2908849716186523], [0.0, 0.0, 0.0, 1.0]]}, "frame6.png": {"intrinsics": [[2985.29, 0.0, 512.0], [0.0, 2985.29, 512.0], [0.0, 0.0, 1.0]], "pose": [[0.6240423917770386, -0.06136554852128029, -0.7789771556854248, 2.1488544940948486], [0.13766449689865112, -0.9726837277412415, 0.18690887093544006, -0.506166398525238], [-0.7691681385040283, -0.22387653589248657, -0.5985479950904846, 1.83927583694458], [0.0, 0.0, 0.0, 1.0]]}, "frame7.png": {"intrinsics": [[2985.29, 0.0, 512.0], [0.0, 2985.29, 512.0], [0.0, 0.0, 1.0]], "pose": [[0.6105212569236755, -0.08922349661588669, -0.7869580388069153, 2.2568585872650146], [0.11772270500659943, -0.9723728895187378, 0.20157457888126373, -0.5758368968963623], [-0.7832018136978149, -0.215708389878273, -0.5831507444381714, 1.8599432706832886], [0.0, 0.0, 0.0, 1.0]]}, "frame8.png": {"intrinsics": [[2985.29, 0.0, 512.0], [0.0, 2985.29, 512.0], [0.0, 0.0, 1.0]], "pose": [[0.6099181771278381, -0.09510522335767746, -0.786736786365509, 2.276499032974243], [0.09844319522380829, -0.9759897589683533, 0.19430133700370789, -0.5578702688217163], [-0.7863261699676514, -0.19595682621002197, -0.5859114527702332, 1.8789629936218262], [0.0, 0.0, 0.0, 1.0]]}, "frame9.png": {"intrinsics": [[2985.29, 0.0, 512.0], [0.0, 2985.29, 512.0], [0.0, 0.0, 1.0]], "pose": [[0.6073457598686218, -0.10867871344089508, -0.7869688868522644, 2.292921781539917], [0.08459489047527313, -0.9761194586753845, 0.20008637011051178, -0.5773502588272095], [-0.7899207472801208, -0.18809515237808228, -0.5836483240127563, 1.8862056732177734], [0.0, 0.0, 0.0, 1.0]]}}