{"frame0.png": {"intrinsics": [[2985.29, 0.0, 512.0], [0.0, 2985.29, 512.0], [0.0, 0.0, 1.0]], "pose": [[0.9858005046844482, -0.12075688689947128, -0.11668345332145691, 0.308056116104126], [-0.1274503916501999, -0.9904971122741699, -0.05168959125876427, 0.13167421519756317], [-0.10933274775743484, 0.06582698225975037, -0.9918230772018433, 2.806603193283081], [0.0, 0.0, 0.0, 1.0]]}, "frame1.png": {"intrinsics": [[2985.29, 0.0, 512.0], [0.0, 2985.29, 512.0], [0.0, 0.0, 1.0]], "pose": [[0.9858688116073608, -0.12044817954301834, -0.11642548441886902, 0.31127750873565674], [-0.12601420283317566, -0.9911531209945679, -0.04166518524289131, 0.10550490021705627], [-0.1103769838809967, 0.05574767291545868, -0.9923250675201416, 2.8126380443573], [0.0, 0.0, 0.0, 1.0]]}, "frame10.png": {"intrinsics": [[2985.29, 0.0, 512.0], [0.0, 2985.29, 512.0], [0.0, 0.0, 1.0]], "pose": [[0.9840216040611267, -0.10404341667890549, -0.1444869041442871, 0.3837295472621918], [-0.11425445973873138, -0.991371750831604, -0.06424907594919205, 0.17311051487922668], [-0.1365555375814438, 0.07973074913024902, -0.9874186515808105, 2.8127217292785645], [0.0, 0.0, 0.0, 1.0]]}, "frame11.png": {"intrinsics": [[2985.29, 0.0, 512.0], [0.0, 2985.29, 512.0], [0.0, 0.0, 1.0]], "pose": [[0.9843202829360962, -0.10643307864665985, -0.1406612992286682, 0.37726056575775146], [-0.11726206541061401, -0.9905553460121155, -0.07106129080057144, 0.191078782081604], [-0.13176952302455902, 0.08644130080938339, -0.987504243850708, 2.8206048011779785], [0.0, 0.0, 0.0, 1.0]]}, "frame12.png": {"intrinsics": [[2985.29, 0.0, 512.0], [0.0, 2985.29, 512.0], [0.0, 0.0, 1.0]], "pose": [[0.9838466048240662, -0.10552909225225449, -0.14460094273090363, 0.3821091949939728], [-0.11845535784959793, -0.9894094467163086, -0.08388898521661758, 0.2231200486421585], [-0.1342168003320694, 0.0996626541018486, -0.9859275817871094, 2.7852580547332764], [0.0, 0.0, 0.0, 1.0]]}, "frame13.png": {"intrinsics": [[2985.29, 0.0, 512.0], [0.0, 2985.29, 512.0], [0.0, 0.0, 1.0]], "pose": [[0.9837185144424438, -0.10834542661905289, -0.14338448643684387, 0.386365681886673], [-0.12167131900787354, -0.9886912703514099, -0.08766742795705795, 0.23732231557369232], [-0.1322646290063858, 0.10368584841489792, -0.9857764840126038, 2.819171190261841], [0.0, 0.0, 0.0, 1.0]]}, "frame14.png": {"intrinsics": [[2985.29, 0.0, 512.0], [0.0, 2985.29, 512.0], [0.0, 0.0, 1.0]], "pose": [[0.9837716221809387, -0.10270887613296509, -0.1471199244260788, 0.39262855052948], [-0.11626467853784561, -0.9894271492958069, -0.08669757843017578, 0.2342798411846161], [-0.13665983080863953, 0.10239547491073608, -0.98531174659729, 2.814595937728882], [0.0, 0.0, 0.0, 1.0]]}, "frame15.png": {"intrinsics": [[2985.29, 0.0, 512.0], [0.0, 2985.29, 512.0], [0.0, 0.0, 1.0]], "pose": [[0.9869280457496643, 0.13593104481697083, 0.08657779544591904, -0.22896987199783325], [0.14992043375968933, -0.9714770913124084, -0.18372829258441925, 0.4906434416770935], [0.05913396179676056, 0.1943063884973526, -0.9791569113731384, 2.6968445777893066], [0.0, 0.0, 0.0, 1.0]]}, "frame16.png": {"intrinsics": [[2985.29, 0.0, 512.0], [0.0, 2985.29, 512.0], [0.0, 0.0, 1.0]], "pose": [[0.9864966869354248, 0.13757655024528503, 0.08886513859033585, -0.23714284598827362], [0.15155556797981262, -0.972498893737793, -0.17685255408287048, 0.47296053171157837], [0.06209048628807068, 0.18793247640132904, -0.980217456817627, 2.727912425994873], [0.0, 0.0, 0.0, 1.0]]}, "frame17.png": {"intrinsics": [[2985.29, 0.0, 512.0], [0.0, 2985.29, 512.0], [0.0, 0.0, 1.0]], "pose": [[0.9881823062896729, 0.12152013927698135, 0.09342661499977112, -0.24926236271858215], [0.1377110630273819, -0.9714952111244202, -0.19295775890350342, 0.5138052701950073], [0.0673152506351471, 0.20354332029819489, -0.976749062538147, 2.7023637294769287], [0.0, 0.0, 0.0, 1.0]]}, "frame18.png": {"intrinsics": [[2985.29, 0.0, 512.0], [0.0, 2985.29, 512.0], [0.0, 0.0, 1.0]], "pose": [[0.9856497645378113, -0.08544210344552994, -0.1455821692943573, 0.3854663372039795], [-0.0954289361834526, -0.9934377670288086, -0.06304407119750977, 0.16787447035312653], [-0.13924022018909454, 0.0760321244597435, -0.9873353838920593, 2.7962396144866943], [0.0, 0.0, 0.0, 1.0]]}, "frame19.png": {"intrinsics": [[2985.29, 0.0, 512.0], [0.0, 2985.29, 512.0], [0.0, 0.0, 1.0]], "pose": [[0.9864625930786133, -0.08651483058929443, -0.13930818438529968, 0.3678039610385895], [-0.09701719880104065, -0.9927868247032166, -0.0704413428902626, 0.18261955678462982], [-0.13220910727977753, 0.08300302922725677, -0.9877404570579529, 2.7981555461883545], [0.0, 0.0, 0.0, 1.0]]}, "frame2.png": {"intrinsics": [[2985.29, 0.0, 512.0], [0.0, 2985.29, 512.0], [0.0, 0.0, 1.0]], "pose": [[0.988037645816803, 0.1124911829829216, 0.1054859384894371, -0.27846038341522217], [0.13064952194690704, -0.9740070700645447, -0.18504296243190765, 0.5080803632736206], [0.08192834258079529, 0.19661110639572144, -0.9770525693893433, 2.710820198059082], [0.0, 0.0, 0.0, 1.0]]}, "frame20.png": {"intrinsics": [[2985.29, 0.0, 512.0], [0.0, 2985.29, 512.0], [0.0, 0.0, 1.0]], "pose": [[0.9873446226119995, -0.08789685368537903, -0.1320023089647293, 0.34500738978385925], [-0.09661872684955597, -0.9934394359588623, -0.06117912009358406, 0.15760673582553864], [-0.1257588416337967, 0.07315877825021744, -0.9893596172332764, 2.769315242767334], [0.0, 0.0, 0.0, 1.0]]}, "frame21.png": {"intrinsics": [[2985.29, 0.0, 512.0], [0.0, 2985.29, 512.0], [0.0, 0.0, 1.0]], "pose": [[0.9883915185928345, -0.09173277765512466, -0.12110815942287445, 0.3227549195289612], [-0.09831622987985611, -0.9939213395118713, -0.049540601670742035, 0.12968255579471588], [-0.11582748591899872, 0.06087241321802139, -0.9914023280143738, 2.7907562255859375], [0.0, 0.0, 0.0, 1.0]]}, "frame22.png": {"intrinsics": [[2985.29, 0.0, 512.0], [0.0, 2985.29, 512.0], [0.0, 0.0, 1.0]], "pose": [[0.9871330857276917, 0.1335853487253189, 0.08788123726844788, -0.24292238056659698], [0.14733749628067017, -0.9734264016151428, -0.1753072589635849, 0.48948583006858826], [0.062127429991960526, 0.185999795794487, -0.9805836081504822, 2.833017110824585], [0.0, 0.0, 0.0, 1.0]]}, "frame23.png": {"intrinsics": [[2985.29, 0.0, 512.0], [0.0, 2985.29, 512.0], [0.0, 0.0, 1.0]], "pose": [[0.9871267080307007, 0.13358886539936066, 0.08794798702001572, -0.2431105375289917], [0.14734888076782227, -0.9734377264976501, -0.17523524165153503, 0.4893120229244232], [0.06220240890979767, 0.18593843281269073, -0.9805905222892761, 2.833115339279175], [0.0, 0.0, 0.0, 1.0]]}, "frame24.png": {"intrinsics": [[2985.29, 0.0, 512.0], [0.0, 2985.29, 512.0], [0.0, 0.0, 1.0]], "pose": [[0.9870187640190125, 0.13373611867427826, 0.088930144906044, -0.23815254867076874], [0.14770470559597015, -0.9733085036277771, -0.17565278708934784, 0.47987207770347595], [0.06306534260511398, 0.18650799989700317, -0.9804272055625916, 2.7766873836517334], [0.0, 0.0, 0.0, 1.0]]}, "frame25.png": {"intrinsics": [[2985.29, 0.0, 512.0], [0.0, 2985.29, 512.0], [0.0, 0.0, 1.0]], "pose": [[0.986743688583374, 0.13428814709186554, 0.09112397581338882, -0.2461230307817459], [0.1488068699836731, -0.972740888595581, -0.17785295844078064, 0.4865580201148987], [0.06475647538900375, 0.1890551596879959, -0.9798288941383362, 2.779045581817627], [0.0, 0.0, 0.0, 1.0]]}, "frame26.png": {"intrinsics": [[2985.29, 0.0, 512.0], [0.0, 2985.29, 512.0], [0.0, 0.0, 1.0]], "pose": [[0.9867309331893921, 0.13467198610305786, 0.09069454669952393, -0.24495115876197815], [0.14906750619411469, -0.9728013277053833, -0.17730313539505005, 0.485085666179657], [0.06435000896453857, 0.18847009539604187, -0.9799684286117554, 2.779134750366211], [0.0, 0.0, 0.0, 1.0]]}, "frame27.png": {"intrinsics": [[2985.29, 0.0, 512.0], [0.0, 2985.29, 512.0], [0.0, 0.0, 1.0]], "pose": [[0.9895498752593994, -0.09749028086662292, -0.10623862594366074, 0.28093212842941284], [-0.10588401556015015, -0.9914351105690002, -0.07645266503095627, 0.20018093287944794], [-0.09787531197071075, 0.08690270036458969, -0.9913971424102783, 2.8293297290802], [0.0, 0.0, 0.0, 1.0]]}, "frame28.png": {"intrinsics": [[2985.29, 0.0, 512.0], [0.0, 2985.29, 512.0], [0.0, 0.0, 1.0]], "pose": [[0.9879235029220581, -0.10409332811832428, -0.11476778984069824, 0.3075522482395172], [-0.11531936377286911, -0.9886839985847473, -0.09594415873289108, 0.2524644434452057], [-0.10348193347454071, 0.10802043974399567, -0.9887481927871704, 2.849273443222046], [0.0, 0.0, 0.0, 1.0]]}, "frame29.png": {"intrinsics": [[2985.29, 0.0, 512.0], [0.0, 2985.29, 512.0], [0.0, 0.0, 1.0]], "pose": [[0.987699568271637, -0.10424259305000305, -0.11654584854841232, 0.3105919659137726], [-0.11702843755483627, -0.9871450066566467, -0.10885319858789444, 0.29348117113113403], [-0.10370051115751266, 0.12115344405174255, -0.9872021079063416, 2.827411651611328], [0.0, 0.0, 0.0, 1.0]]}, "frame3.png": {"intrinsics": [[2985.29, 0.0, 512.0], [0.0, 2985.29, 512.0], [0.0, 0.0, 1.0]], "pose": [[0.9842325448989868, -0.1063908040523529, -0.1413053423166275, 0.37232571840286255], [-0.11395090818405151, -0.9923970103263855, -0.046511150896549225, 0.12227379530668259], [-0.13528263568878174, 0.06187966465950012, -0.9888728260993958, 2.794795513153076], [0.0, 0.0, 0.0, 1.0]]}, "frame30.png": {"intrinsics": [[2985.29, 0.0, 512.0], [0.0, 2985.29, 512.0], [0.0, 0.0, 1.0]], "pose": [[0.9867579340934753, -0.10367957502603531, -0.12473642826080322, 0.33215442299842834], [-0.118522509932518, -0.9858990907669067, -0.11813249439001083, 0.3189646005630493], [-0.11072961241006851, 0.1313522607088089, -0.9851322174072266, 2.80679988861084], [0.0, 0.0, 0.0, 1.0]]}, "frame31.png": {"intrinsics": [[2985.29, 0.0, 512.0], [0.0, 2985.29, 512.0], [0.0, 0.0, 1.0]], "pose": [[0.9868183732032776, -0.10013380646705627, -0.12713228166103363, 0.33472710847854614], [-0.11487312614917755, -0.9867649674415588, -0.11445076763629913, 0.3063232898712158], [-0.11398928612470627, 0.12754620611667633, -0.985260546207428, 2.7823004722595215], [0.0, 0.0, 0.0, 1.0]]}, "frame32.png": {"intrinsics": [[2985.29, 0.0, 512.0], [0.0, 2985.29, 512.0], [0.0, 0.0, 1.0]], "pose": [[0.986423134803772, -0.09896521270275116, -0.13105447590351105, 0.3420143723487854], [-0.11187757551670074, -0.9891587495803833, -0.09512326866388321, 0.2561020255088806], [-0.12021978199481964, 0.1084938496351242, -0.986801028251648, 2.7613048553466797], [0.0, 0.0, 0.0, 1.0]]}, "frame33.png": {"intrinsics": [[2985.29, 0.0, 512.0], [0.0, 2985.29, 512.0], [0.0, 0.0, 1.0]], "pose": [[0.9827827215194702, 0.1311134248971939, 0.13018245995044708, -0.35648313164711], [0.15617486834526062, -0.9659848213195801, -0.2061137706041336, 0.5668071508407593], [0.09872999787330627, 0.2228962779045105, -0.9698297381401062, 2.736827850341797], [0.0, 0.0, 0.0, 1.0]]}, "frame34.png": {"intrinsics": [[2985.29, 0.0, 512.0], [0.0, 2985.29, 512.0], [0.0, 0.0, 1.0]], "pose": [[0.9875158071517944, 0.12324276566505432, 0.09810074418783188, -0.2598099708557129], [0.1406489461660385, -0.9702917337417603, -0.19685500860214233, 0.5325582027435303], [0.07092538475990295, 0.20819519460201263, -0.9755123853683472, 2.706411361694336], [0.0, 0.0, 0.0, 1.0]]}, "frame35.png": {"intrinsics": [[2985.29, 0.0, 512.0], [0.0, 2985.29, 512.0], [0.0, 0.0, 1.0]], "pose": [[0.9868115782737732, 0.11636599153280258, 0.11252478510141373, -0.31812646985054016], [0.13807658851146698, -0.9679160714149475, -0.20993655920028687, 0.598671555519104], [0.08448507636785507, 0.22270488739013672, -0.9712181687355042, 2.824826955795288], [0.0, 0.0, 0.0, 1.0]]}, "frame36.png": {"intrinsics": [[2985.29, 0.0, 512.0], [0.0, 2985.29, 512.0], [0.0, 0.0, 1.0]], "pose": [[0.9873128533363342, 0.12037574499845505, 0.1035519614815712, -0.2815294861793518], [0.13897086679935455, -0.9705480933189392, -0.196783185005188, 0.5339911580085754], [0.07681422680616379, 0.208677276968956, -0.9749632477760315, 2.722121477127075], [0.0, 0.0, 0.0, 1.0]]}, "frame37.png": {"intrinsics": [[2985.29, 0.0, 512.0], [0.0, 2985.29, 512.0], [0.0, 0.0, 1.0]], "pose": [[0.9874230027198792, 0.12709572911262512, 0.0940346047282219, -0.24277499318122864], [0.14277856051921844, -0.9722846150398254, -0.185140460729599, 0.48845958709716797], [0.06789784133434296, 0.19623808562755585, -0.9782027006149292, 2.6642653942108154], [0.0, 0.0, 0.0, 1.0]]}, "frame38.png": {"intrinsics": [[2985.29, 0.0, 512.0], [0.0, 2985.29, 512.0], [0.0, 0.0, 1.0]], "pose": [[0.9876230359077454, -0.08894320577383041, -0.12918919324874878, 0.33810940384864807], [-0.10572416335344315, -0.9859336614608765, -0.12944982945919037, 0.3433873951435089], [-0.1158582866191864, 0.14150604605674744, -0.9831342101097107, 2.7739758491516113], [0.0, 0.0, 0.0, 1.0]]}, "frame39.png": {"intrinsics": [[2985.29, 0.0, 512.0], [0.0, 2985.29, 512.0], [0.0, 0.0, 1.0]], "pose": [[0.985817551612854, 0.12894003093242645, 0.1074163019657135, -0.28664514422416687], [0.14748571813106537, -0.9710447788238525, -0.1879367232322693, 0.511052668094635], [0.08007346838712692, 0.20111368596553802, -0.976289689540863, 2.710819721221924], [0.0, 0.0, 0.0, 1.0]]}, "frame4.png": {"intrinsics": [[2985.29, 0.0, 512.0], [0.0, 2985.29, 512.0], [0.0, 0.0, 1.0]], "pose": [[0.9835429191589355, -0.10715919733047485, -0.14546550810337067, 0.38035598397254944], [-0.11401201784610748, -0.9926899671554565, -0.03959595412015915, 0.10384223610162735], [-0.14015908539295197, 0.05552913621068001, -0.9885706305503845, 2.785865068435669], [0.0, 0.0, 0.0, 1.0]]}, "frame40.png": {"intrinsics": [[2985.29, 0.0, 512.0], [0.0, 2985.29, 512.0], [0.0, 0.0, 1.0]], "pose": [[0.9860312342643738, 0.1304713636636734, 0.10353554785251617, -0.2807717025279999], [0.1480027586221695, -0.9714705348014832, -0.18531082570552826, 0.501088559627533], [0.07640397548675537, 0.19804581999778748, -0.9772104620933533, 2.713444232940674], [0.0, 0.0, 0.0, 1.0]]}, "frame41.png": {"intrinsics": [[2985.29, 0.0, 512.0], [0.0, 2985.29, 512.0], [0.0, 0.0, 1.0]], "pose": [[0.9866512417793274, 0.12973806262016296, 0.09842420369386673, -0.2641950249671936], [0.14573359489440918, -0.9731538891792297, -0.17813833057880402, 0.4822113513946533], [0.07267057150602341, 0.19010412693023682, -0.9790707230567932, 2.7069716453552246], [0.0, 0.0, 0.0, 1.0]]}, "frame42.png": {"intrinsics": [[2985.29, 0.0, 512.0], [0.0, 2985.29, 512.0], [0.0, 0.0, 1.0]], "pose": [[0.9861721396446228, 0.13773395121097565, 0.09216147661209106, -0.25285565853118896], [0.15284685790538788, -0.9708541631698608, -0.18460780382156372, 0.4970577657222748], [0.06404858827590942, 0.19614169001579285, -0.9784815907478333, 2.757141351699829], [0.0, 0.0, 0.0, 1.0]]}, "frame43.png": {"intrinsics": [[2985.29, 0.0, 512.0], [0.0, 2985.29, 512.0], [0.0, 0.0, 1.0]], "pose": [[0.9852378368377686, 0.12686322629451752, 0.11494416743516922, -0.3038109838962555], [0.14652284979820251, -0.972138524055481, -0.1829691380262375, 0.4947035610675812], [0.08852960169315338, 0.19711007177829742, -0.9763760566711426, 2.685762405395508], [0.0, 0.0, 0.0, 1.0]]}, "frame44.png": {"intrinsics": [[2985.29, 0.0, 512.0], [0.0, 2985.29, 512.0], [0.0, 0.0, 1.0]], "pose": [[0.986623227596283, 0.12260068953037262, 0.1074410155415535, -0.289815217256546], [0.14067912101745605, -0.9733373522758484, -0.1811734437942505, 0.498016357421875], [0.08236435800790787, 0.193864643573761, -0.9775646328926086, 2.7228262424468994], [0.0, 0.0, 0.0, 1.0]]}, "frame45.png": {"intrinsics": [[2985.29, 0.0, 512.0], [0.0, 2985.29, 512.0], [0.0, 0.0, 1.0]], "pose": [[0.9865928292274475, 0.11995719373226166, 0.11065597832202911, -0.2953401505947113], [0.13834157586097717, -0.9744198322296143, -0.1771087348461151, 0.4890976548194885], [0.08657991886138916, 0.19004254043102264, -0.9779507517814636, 2.7411839962005615], [0.0, 0.0, 0.0, 1.0]]}, "frame46.png": {"intrinsics": [[2985.29, 0.0, 512.0], [0.0, 2985.29, 512.0], [0.0, 0.0, 1.0]], "pose": [[0.9858786463737488, 0.1304170936346054, 0.1050463542342186, -0.2804313004016876], [0.14753396809101105, -0.9732023477554321, -0.17638276517391205, 0.48793327808380127], [0.07922803610563278, 0.1893899142742157, -0.9787003397941589, 2.750180959701538], [0.0, 0.0, 0.0, 1.0]]}, "frame47.png": {"intrinsics": [[2985.29, 0.0, 512.0], [0.0, 2985.29, 512.0], [0.0, 0.0, 1.0]], "pose": [[0.9857319593429565, -0.094106025993824, -0.13955813646316528, 0.3737071454524994], [-0.11220823973417282, -0.9853947758674622, -0.1280875951051712, 0.3416662812232971], [-0.12546603381633759, 0.14191961288452148, -0.9818946123123169, 2.8265912532806396], [0.0, 0.0, 0.0, 1.0]]}, "frame48.png": {"intrinsics": [[2985.29, 0.0, 512.0], [0.0, 2985.29, 512.0], [0.0, 0.0, 1.0]], "pose": [[0.9880272746086121, 0.12591944634914398, 0.08914255350828171, -0.22584013640880585], [0.14166176319122314, -0.9693102240562439, -0.20092184841632843, 0.5158196091651917], [0.06110682338476181, 0.211144357919693, -0.9755429625511169, 2.566688060760498], [0.0, 0.0, 0.0, 1.0]]}, "frame49.png": {"intrinsics": [[2985.29, 0.0, 512.0], [0.0, 2985.29, 512.0], [0.0, 0.0, 1.0]], "pose": [[0.9888871908187866, 0.1233801543712616, 0.08294244110584259, -0.21733489632606506], [0.13769039511680603, -0.970485508441925, -0.19798803329467773, 0.5202159285545349], [0.056066643446683884, 0.20720821619033813, -0.9766889214515686, 2.6274681091308594], [0.0, 0.0, 0.0, 1.0]]}, "frame5.png": {"intrinsics": [[2985.29, 0.0, 512.0], [0.0, 2985.29, 512.0], [0.0, 0.0, 1.0]], "pose": [[0.9841176867485046, -0.11210542917251587, -0.13763995468616486, 0.37672045826911926], [-0.12001414597034454, -0.991484522819519, -0.050546642392873764, 0.13547544181346893], [-0.13080134987831116, 0.06626258790493011, -0.9891917109489441, 2.8666136264801025], [0.0, 0.0, 0.0, 1.0]]}, "frame6.png": {"intrinsics": [[2985.29, 0.0, 512.0], [0.0, 2985.29, 512.0], [0.0, 0.0, 1.0]], "pose": [[0.9836560487747192, -0.10861647129058838, -0.1436079889535904, 0.37896043062210083], [-0.11634456366300583, -0.9921181797981262, -0.04653400182723999, 0.12653511762619019], [-0.13742172718048096, 0.062481462955474854, -0.9885399341583252, 2.790771007537842], [0.0, 0.0, 0.0, 1.0]]}, "frame7.png": {"intrinsics": [[2985.29, 0.0, 512.0], [0.0, 2985.29, 512.0], [0.0, 0.0, 1.0]], "pose": [[0.9836072325706482, -0.10794521123170853, -0.1444460153579712, 0.37976595759391785], [-0.11609600484371185, -0.9920178651809692, -0.049217697232961655, 0.13478334248065948], [-0.13798019289970398, 0.06518048793077469, -0.9882879257202148, 2.791851282119751], [0.0, 0.0, 0.0, 1.0]]}, "frame8.png": {"intrinsics": [[2985.29, 0.0, 512.0], [0.0, 2985.29, 512.0], [0.0, 0.0, 1.0]], "pose": [[0.983927845954895, -0.11159298568964005, -0.13940230011940002, 0.370550274848938], [-0.1191149428486824, -0.9917764067649841, -0.04680851846933365, 0.13091041147708893], [-0.13303242623806, 0.06266110390424728, -0.989128828048706, 2.7878589630126953], [0.0, 0.0, 0.0, 1.0]]}, "frame9.png": {"intrinsics": [[2985.29, 0.0, 512.0], [0.0, 2985.29, 512.0], [0.0, 0.0, 1.0]], "pose": [[0.9838088750839233, -0.10836903750896454, -0.14274531602859497, 0.37812650203704834], [-0.11625572293996811, -0.9920541048049927, -0.048095930367708206, 0.13395871222019196], [-0.13639897108078003, 0.06391216069459915, -0.9885901808738708, 2.775169610977173], [0.0, 0.0, 0.0, 1.0]]}}