{"frame0.png": {"intrinsics": [[2985.29, 0.0, 512.0], [0.0, 2985.29, 512.0], [0.0, 0.0, 1.0]], "pose": [[0.9834632873535156, -0.1433643102645874, -0.110664501786232, 0.29123592376708984], [-0.17024753987789154, -0.9402367472648621, -0.29490771889686584, 0.787711501121521], [-0.061771590262651443, 0.3088712990283966, -0.9490957260131836, 2.6786930561065674], [0.0, 0.0, 0.0, 1.0]]}, "frame1.png": {"intrinsics": [[2985.29, 0.0, 512.0], [0.0, 2985.29, 512.0], [0.0, 0.0, 1.0]], "pose": [[0.9834572076797485, -0.1433686912059784, -0.11071304976940155, 0.29135823249816895], [-0.17027314007282257, -0.9402017593383789, -0.29500454664230347, 0.7879271507263184], [-0.06179819256067276, 0.30897578597068787, -0.9490600228309631, 2.6785318851470947], [0.0, 0.0, 0.0, 1.0]]}, "frame10.png": {"intrinsics": [[2985.29, 0.0, 512.0], [0.0, 2985.29, 512.0], [0.0, 0.0, 1.0]], "pose": [[0.9852567315101624, -0.1527172327041626, -0.07711506634950638, 0.21985062956809998], [-0.1700204759836197, -0.9241811037063599, -0.3420267105102539, 0.9735670685768127], [-0.019034914672374725, 0.3500952422618866, -0.9365206956863403, 2.7877981662750244], [0.0, 0.0, 0.0, 1.0]]}, "frame11.png": {"intrinsics": [[2985.29, 0.0, 512.0], [0.0, 2985.29, 512.0], [0.0, 0.0, 1.0]], "pose": [[0.985459566116333, -0.15198375284671783, -0.0759623572230339, 0.21577921509742737], [-0.16902807354927063, -0.92240309715271, -0.3472779393196106, 0.9885203242301941], [-0.017287302762269974, 0.3550681471824646, -0.9346805214881897, 2.7852208614349365], [0.0, 0.0, 0.0, 1.0]]}, "frame12.png": {"intrinsics": [[2985.29, 0.0, 512.0], [0.0, 2985.29, 512.0], [0.0, 0.0, 1.0]], "pose": [[0.9850367903709412, -0.15801489353179932, -0.06880277395248413, 0.17842257022857666], [-0.17194029688835144, -0.9283362030982971, -0.3295882046222687, 0.8756735324859619], [-0.011792264878749847, 0.33648645877838135, -0.9416144490242004, 2.65136981010437], [0.0, 0.0, 0.0, 1.0]]}, "frame13.png": {"intrinsics": [[2985.29, 0.0, 512.0], [0.0, 2985.29, 512.0], [0.0, 0.0, 1.0]], "pose": [[0.9851236939430237, -0.15704265236854553, -0.06977749615907669, 0.18311859667301178], [-0.1714099794626236, -0.9269004464149475, -0.33387741446495056, 0.8925557136535645], [-0.01224379613995552, 0.34087109565734863, -0.9400302767753601, 2.6636645793914795], [0.0, 0.0, 0.0, 1.0]]}, "frame14.png": {"intrinsics": [[2985.29, 0.0, 512.0], [0.0, 2985.29, 512.0], [0.0, 0.0, 1.0]], "pose": [[0.9853832721710205, -0.1524239033460617, -0.07607050240039825, 0.20136122405529022], [-0.16929659247398376, -0.9258465766906738, -0.3378562033176422, 0.9022396206855774], [-0.01893225684762001, 0.3457963466644287, -0.938118577003479, 2.6646475791931152], [0.0, 0.0, 0.0, 1.0]]}, "frame15.png": {"intrinsics": [[2985.29, 0.0, 512.0], [0.0, 2985.29, 512.0], [0.0, 0.0, 1.0]], "pose": [[0.9853070974349976, -0.14904144406318665, -0.08340605348348618, 0.23361825942993164], [-0.16822654008865356, -0.9312371611595154, -0.3232603073120117, 0.9019595384597778], [-0.02949162945151329, 0.3325417637825012, -0.9426272511482239, 2.7540345191955566], [0.0, 0.0, 0.0, 1.0]]}, "frame16.png": {"intrinsics": [[2985.29, 0.0, 512.0], [0.0, 2985.29, 512.0], [0.0, 0.0, 1.0]], "pose": [[0.9850943088531494, -0.1499347686767578, -0.08431311696767807, 0.22339528799057007], [-0.16924446821212769, -0.9324319958686829, -0.3192598819732666, 0.8526623845100403], [-0.030748087912797928, 0.32877063751220703, -0.9439090490341187, 2.6784770488739014], [0.0, 0.0, 0.0, 1.0]]}, "frame17.png": {"intrinsics": [[2985.29, 0.0, 512.0], [0.0, 2985.29, 512.0], [0.0, 0.0, 1.0]], "pose": [[0.9856259226799011, -0.14888130128383636, -0.07984992861747742, 0.2078620195388794], [-0.1664249300956726, -0.9369367957115173, -0.3073308765888214, 0.8202950954437256], [-0.029058516025543213, 0.3162022829055786, -0.9482467174530029, 2.676910638809204], [0.0, 0.0, 0.0, 1.0]]}, "frame18.png": {"intrinsics": [[2985.29, 0.0, 512.0], [0.0, 2985.29, 512.0], [0.0, 0.0, 1.0]], "pose": [[0.9867232441902161, -0.1385708749294281, -0.0847078338265419, 0.22337044775485992], [-0.15745536983013153, -0.9440524578094482, -0.28978079557418823, 0.7674648761749268], [-0.039813462644815445, 0.2992711663246155, -0.9533371329307556, 2.684013605117798], [0.0, 0.0, 0.0, 1.0]]}, "frame19.png": {"intrinsics": [[2985.29, 0.0, 512.0], [0.0, 2985.29, 512.0], [0.0, 0.0, 1.0]], "pose": [[0.9873034954071045, -0.13101395964622498, -0.08981691300868988, 0.2318953424692154], [-0.15150479972362518, -0.9465887546539307, -0.28463318943977356, 0.7437629103660583], [-0.047728754580020905, 0.2946270704269409, -0.9544196128845215, 2.6520023345947266], [0.0, 0.0, 0.0, 1.0]]}, "frame2.png": {"intrinsics": [[2985.29, 0.0, 512.0], [0.0, 2985.29, 512.0], [0.0, 0.0, 1.0]], "pose": [[0.9829943180084229, -0.149239182472229, -0.10700348764657974, 0.27954888343811035], [-0.17590652406215668, -0.9325197339057922, -0.31537893414497375, 0.8301231861114502], [-0.0527159683406353, 0.3288383185863495, -0.9429137706756592, 2.647404432296753], [0.0, 0.0, 0.0, 1.0]]}, "frame20.png": {"intrinsics": [[2985.29, 0.0, 512.0], [0.0, 2985.29, 512.0], [0.0, 0.0, 1.0]], "pose": [[0.9872140288352966, -0.13044373691082, -0.09161285310983658, 0.23980291187763214], [-0.15118734538555145, -0.9483562707901001, -0.2788597047328949, 0.736761212348938], [-0.05050612986087799, 0.289144903421402, -0.9559521079063416, 2.677511692047119], [0.0, 0.0, 0.0, 1.0]]}, "frame21.png": {"intrinsics": [[2985.29, 0.0, 512.0], [0.0, 2985.29, 512.0], [0.0, 0.0, 1.0]], "pose": [[0.9871276021003723, -0.12980522215366364, -0.09343267232179642, 0.24328066408634186], [-0.15113070607185364, -0.9482164978981018, -0.2793654501438141, 0.734131395816803], [-0.05233130231499672, 0.2898898720741272, -0.9556282162666321, 2.6651434898376465], [0.0, 0.0, 0.0, 1.0]]}, "frame22.png": {"intrinsics": [[2985.29, 0.0, 512.0], [0.0, 2985.29, 512.0], [0.0, 0.0, 1.0]], "pose": [[0.986631453037262, -0.13085873425006866, -0.09713055193424225, 0.25069257616996765], [-0.15328289568424225, -0.9475597739219666, -0.28041914105415344, 0.7283926010131836], [-0.055341701954603195, 0.2915588319301605, -0.9549506306648254, 2.635713815689087], [0.0, 0.0, 0.0, 1.0]]}, "frame23.png": {"intrinsics": [[2985.29, 0.0, 512.0], [0.0, 2985.29, 512.0], [0.0, 0.0, 1.0]], "pose": [[0.9860864281654358, -0.1314150094985962, -0.10180208086967468, 0.2617625296115875], [-0.15566092729568481, -0.9448806047439575, -0.2880455553531647, 0.7449533343315125], [-0.05833730846643448, 0.2998844087123871, -0.9521901607513428, 2.612896203994751], [0.0, 0.0, 0.0, 1.0]]}, "frame24.png": {"intrinsics": [[2985.29, 0.0, 512.0], [0.0, 2985.29, 512.0], [0.0, 0.0, 1.0]], "pose": [[0.985534131526947, -0.13490398228168488, -0.10258372873067856, 0.2712303400039673], [-0.1599331647157669, -0.9405663013458252, -0.2995937466621399, 0.7937524914741516], [-0.05607040971517563, 0.3116663694381714, -0.9485358595848083, 2.669731855392456], [0.0, 0.0, 0.0, 1.0]]}, "frame25.png": {"intrinsics": [[2985.29, 0.0, 512.0], [0.0, 2985.29, 512.0], [0.0, 0.0, 1.0]], "pose": [[0.9846438765525818, -0.13699139654636383, -0.1082117110490799, 0.2896766662597656], [-0.16475088894367218, -0.934187650680542, -0.3164655864238739, 0.8503936529159546], [-0.05773698911070824, 0.3294338583946228, -0.9424116611480713, 2.6807870864868164], [0.0, 0.0, 0.0, 1.0]]}, "frame26.png": {"intrinsics": [[2985.29, 0.0, 512.0], [0.0, 2985.29, 512.0], [0.0, 0.0, 1.0]], "pose": [[0.9837784767150879, -0.14013028144836426, -0.11199720203876495, 0.3018900454044342], [-0.16966167092323303, -0.92960524559021, -0.3271835744380951, 0.8811847567558289], [-0.05826486274600029, 0.34087780117988586, -0.938300371170044, 2.677809476852417], [0.0, 0.0, 0.0, 1.0]]}, "frame27.png": {"intrinsics": [[2985.29, 0.0, 512.0], [0.0, 2985.29, 512.0], [0.0, 0.0, 1.0]], "pose": [[0.9818426966667175, -0.14479637145996094, -0.12255121022462845, 0.32683825492858887], [-0.17825385928153992, -0.9252206087112427, -0.3349512815475464, 0.8891870379447937], [-0.06488718092441559, 0.35071471333503723, -0.9342316389083862, 2.645037889480591], [0.0, 0.0, 0.0, 1.0]]}, "frame28.png": {"intrinsics": [[2985.29, 0.0, 512.0], [0.0, 2985.29, 512.0], [0.0, 0.0, 1.0]], "pose": [[0.9812862277030945, -0.13901712000370026, -0.13323521614074707, 0.3493477702140808], [-0.17711786925792694, -0.9231109023094177, -0.341314435005188, 0.8873116970062256], [-0.07554232329130173, 0.35852551460266113, -0.9304584264755249, 2.5872809886932373], [0.0, 0.0, 0.0, 1.0]]}, "frame29.png": {"intrinsics": [[2985.29, 0.0, 512.0], [0.0, 2985.29, 512.0], [0.0, 0.0, 1.0]], "pose": [[0.9792492985725403, -0.14011478424072266, -0.14641930162906647, 0.39653822779655457], [-0.18576054275035858, -0.9094104170799255, -0.37210965156555176, 1.010144829750061], [-0.08101716637611389, 0.3915870487689972, -0.916567325592041, 2.666294813156128], [0.0, 0.0, 0.0, 1.0]]}, "frame3.png": {"intrinsics": [[2985.29, 0.0, 512.0], [0.0, 2985.29, 512.0], [0.0, 0.0, 1.0]], "pose": [[0.9825040698051453, -0.15403760969638824, -0.10468131303787231, 0.27750876545906067], [-0.17987579107284546, -0.9305357933044434, -0.31897932291030884, 0.8487420678138733], [-0.048274893313646317, 0.3322281241416931, -0.9419628381729126, 2.6795692443847656], [0.0, 0.0, 0.0, 1.0]]}, "frame30.png": {"intrinsics": [[2985.29, 0.0, 512.0], [0.0, 2985.29, 512.0], [0.0, 0.0, 1.0]], "pose": [[0.9781122803688049, -0.1427028924226761, -0.15143392980098724, 0.4014045000076294], [-0.18911239504814148, -0.9132285118103027, -0.3609020411968231, 0.9574952125549316], [-0.08679202198982239, 0.381640762090683, -0.9202269315719604, 2.612858772277832], [0.0, 0.0, 0.0, 1.0]]}, "frame31.png": {"intrinsics": [[2985.29, 0.0, 512.0], [0.0, 2985.29, 512.0], [0.0, 0.0, 1.0]], "pose": [[0.979236364364624, -0.14005039632320404, -0.1465674340724945, 0.3867507576942444], [-0.1849754899740219, -0.9131107330322266, -0.36333584785461426, 0.9605422019958496], [-0.08294697105884552, 0.3829030692577362, -0.9200570583343506, 2.5973546504974365], [0.0, 0.0, 0.0, 1.0]]}, "frame32.png": {"intrinsics": [[2985.29, 0.0, 512.0], [0.0, 2985.29, 512.0], [0.0, 0.0, 1.0]], "pose": [[0.9803709983825684, -0.13903740048408508, -0.13978999853134155, 0.36926883459091187], [-0.1817861795425415, -0.9119336605072021, -0.36787325143814087, 0.973418116569519], [-0.07633106410503387, 0.38606417179107666, -0.9193084239959717, 2.6046030521392822], [0.0, 0.0, 0.0, 1.0]]}, "frame33.png": {"intrinsics": [[2985.29, 0.0, 512.0], [0.0, 2985.29, 512.0], [0.0, 0.0, 1.0]], "pose": [[0.9810269474983215, -0.1380317360162735, -0.13613750040531158, 0.3570393919944763], [-0.17895947396755219, -0.9148116707801819, -0.3620677888393402, 0.9515464901924133], [-0.07456333935260773, 0.3795613646507263, -0.9221569299697876, 2.588367462158203], [0.0, 0.0, 0.0, 1.0]]}, "frame34.png": {"intrinsics": [[2985.29, 0.0, 512.0], [0.0, 2985.29, 512.0], [0.0, 0.0, 1.0]], "pose": [[0.9813741445541382, -0.13740457594394684, -0.1342562735080719, 0.3547246754169464], [-0.1771194338798523, -0.917786180973053, -0.35538312792778015, 0.9379328489303589], [-0.07438728213310242, 0.37254321575164795, -0.9250286817550659, 2.6077473163604736], [0.0, 0.0, 0.0, 1.0]]}, "frame35.png": {"intrinsics": [[2985.29, 0.0, 512.0], [0.0, 2985.29, 512.0], [0.0, 0.0, 1.0]], "pose": [[0.9806616306304932, -0.13799665868282318, -0.1387796550989151, 0.3719630837440491], [-0.17975616455078125, -0.9155304431915283, -0.3598496913909912, 0.9709398150444031], [-0.07739894092082977, 0.37783727049827576, -0.9226312637329102, 2.6520273685455322], [0.0, 0.0, 0.0, 1.0]]}, "frame36.png": {"intrinsics": [[2985.29, 0.0, 512.0], [0.0, 2985.29, 512.0], [0.0, 0.0, 1.0]], "pose": [[0.9808630347251892, -0.13502614200115204, -0.1402704119682312, 0.37820911407470703], [-0.17762528359889984, -0.9156161546707153, -0.3606887757778168, 0.9753202199935913], [-0.07973143458366394, 0.3787018358707428, -0.922078013420105, 2.6553494930267334], [0.0, 0.0, 0.0, 1.0]]}, "frame37.png": {"intrinsics": [[2985.29, 0.0, 512.0], [0.0, 2985.29, 512.0], [0.0, 0.0, 1.0]], "pose": [[0.9806450605392456, -0.13436751067638397, -0.1424100399017334, 0.38418203592300415], [-0.17741739749908447, -0.917469322681427, -0.3560521900653839, 0.9582915306091309], [-0.0828150063753128, 0.37442684173583984, -0.9235508441925049, 2.6676130294799805], [0.0, 0.0, 0.0, 1.0]]}, "frame38.png": {"intrinsics": [[2985.29, 0.0, 512.0], [0.0, 2985.29, 512.0], [0.0, 0.0, 1.0]], "pose": [[0.9802209734916687, -0.1339816302061081, -0.145656019449234, 0.3860754370689392], [-0.17781341075897217, -0.9193501472473145, -0.3509666919708252, 0.9281052947044373], [-0.08688579499721527, 0.36992451548576355, -0.9249901175498962, 2.6262412071228027], [0.0, 0.0, 0.0, 1.0]]}, "frame39.png": {"intrinsics": [[2985.29, 0.0, 512.0], [0.0, 2985.29, 512.0], [0.0, 0.0, 1.0]], "pose": [[0.9803192019462585, -0.13050270080566406, -0.148132786154747, 0.3969729244709015], [-0.17654569447040558, -0.9153197407722473, -0.3619687259197235, 0.9755610227584839], [-0.08835096657276154, 0.38099709153175354, -0.9203451871871948, 2.6468019485473633], [0.0, 0.0, 0.0, 1.0]]}, "frame4.png": {"intrinsics": [[2985.29, 0.0, 512.0], [0.0, 2985.29, 512.0], [0.0, 0.0, 1.0]], "pose": [[0.9814345836639404, -0.1576896756887436, -0.10917919129133224, 0.2911660969257355], [-0.1847284883260727, -0.9302828907966614, -0.3169369697570801, 0.8405889272689819], [-0.05158984661102295, 0.33122140169143677, -0.9421416521072388, 2.680525541305542], [0.0, 0.0, 0.0, 1.0]]}, "frame40.png": {"intrinsics": [[2985.29, 0.0, 512.0], [0.0, 2985.29, 512.0], [0.0, 0.0, 1.0]], "pose": [[0.9803902506828308, -0.13227178156375885, -0.14607931673526764, 0.39189842343330383], [-0.17682501673698425, -0.9176849722862244, -0.35579100251197815, 0.9614294767379761], [-0.08699367940425873, 0.37464451789855957, -0.9230782985687256, 2.6549525260925293], [0.0, 0.0, 0.0, 1.0]]}, "frame41.png": {"intrinsics": [[2985.29, 0.0, 512.0], [0.0, 2985.29, 512.0], [0.0, 0.0, 1.0]], "pose": [[0.9802699685096741, -0.13523651659488678, -0.14415909349918365, 0.39059439301490784], [-0.17936424911022186, -0.9150601029396057, -0.36123886704444885, 0.9781495928764343], [-0.08306154608726501, 0.3799686133861542, -0.9212625026702881, 2.666232109069824], [0.0, 0.0, 0.0, 1.0]]}, "frame42.png": {"intrinsics": [[2985.29, 0.0, 512.0], [0.0, 2985.29, 512.0], [0.0, 0.0, 1.0]], "pose": [[0.980277955532074, -0.13380786776542664, -0.1454325020313263, 0.3884931206703186], [-0.17807728052139282, -0.9171910285949707, -0.3564392626285553, 0.9561340808868408], [-0.08569501340389252, 0.37530773878097534, -0.9229303598403931, 2.6404199600219727], [0.0, 0.0, 0.0, 1.0]]}, "frame43.png": {"intrinsics": [[2985.29, 0.0, 512.0], [0.0, 2985.29, 512.0], [0.0, 0.0, 1.0]], "pose": [[0.9806604981422424, -0.13236039876937866, -0.14417271316051483, 0.3782915771007538], [-0.17500782012939453, -0.9228176474571228, -0.3431907892227173, 0.8996607065200806], [-0.08762025833129883, 0.361784964799881, -0.9281349182128906, 2.601802110671997], [0.0, 0.0, 0.0, 1.0]]}, "frame44.png": {"intrinsics": [[2985.29, 0.0, 512.0], [0.0, 2985.29, 512.0], [0.0, 0.0, 1.0]], "pose": [[0.9817030429840088, -0.12804317474365234, -0.14093999564647675, 0.3801601231098175], [-0.1697743982076645, -0.9237424731254578, -0.3433314561843872, 0.9250642657279968], [-0.08623100817203522, 0.36097753047943115, -0.9285792708396912, 2.6626620292663574], [0.0, 0.0, 0.0, 1.0]]}, "frame45.png": {"intrinsics": [[2985.29, 0.0, 512.0], [0.0, 2985.29, 512.0], [0.0, 0.0, 1.0]], "pose": [[0.9827892780303955, -0.1222848892211914, -0.13846184313297272, 0.36878520250320435], [-0.161933034658432, -0.930988073348999, -0.3271680176258087, 0.8722820281982422], [-0.08889861404895782, 0.3439587354660034, -0.9347670674324036, 2.659834861755371], [0.0, 0.0, 0.0, 1.0]]}, "frame46.png": {"intrinsics": [[2985.29, 0.0, 512.0], [0.0, 2985.29, 512.0], [0.0, 0.0, 1.0]], "pose": [[0.9826429486274719, -0.11588028818368912, -0.14486058056354523, 0.3864576518535614], [-0.15650925040245056, -0.9370882511138916, -0.3120425045490265, 0.8299717903137207], [-0.0995875671505928, 0.3292984068393707, -0.9389594793319702, 2.6792380809783936], [0.0, 0.0, 0.0, 1.0]]}, "frame47.png": {"intrinsics": [[2985.29, 0.0, 512.0], [0.0, 2985.29, 512.0], [0.0, 0.0, 1.0]], "pose": [[0.9829972982406616, -0.11243477463722229, -0.1451714038848877, 0.3829568028450012], [-0.15301400423049927, -0.9386267066001892, -0.3091384768486023, 0.8137016296386719], [-0.10150384157896042, 0.3260955214500427, -0.939871609210968, 2.6546664237976074], [0.0, 0.0, 0.0, 1.0]]}, "frame48.png": {"intrinsics": [[2985.29, 0.0, 512.0], [0.0, 2985.29, 512.0], [0.0, 0.0, 1.0]], "pose": [[0.9839184880256653, -0.10760430246591568, -0.14256851375102997, 0.37437084317207336], [-0.14708274602890015, -0.9409670233726501, -0.3048733174800873, 0.8036106824874878], [-0.10134658962488174, 0.3209398686885834, -0.9416615962982178, 2.644336700439453], [0.0, 0.0, 0.0, 1.0]]}, "frame49.png": {"intrinsics": [[2985.29, 0.0, 512.0], [0.0, 2985.29, 512.0], [0.0, 0.0, 1.0]], "pose": [[0.9842987656593323, -0.10644111782312393, -0.1408056616783142, 0.36372140049934387], [-0.1447049379348755, -0.9434102177619934, -0.29839178919792175, 0.7781988978385925], [-0.10107634216547012, 0.31408193707466125, -0.9440000653266907, 2.6212570667266846], [0.0, 0.0, 0.0, 1.0]]}, "frame5.png": {"intrinsics": [[2985.29, 0.0, 512.0], [0.0, 2985.29, 512.0], [0.0, 0.0, 1.0]], "pose": [[0.9819604754447937, -0.15524539351463318, -0.10794662684202194, 0.29075005650520325], [-0.18279831111431122, -0.9254065752029419, -0.3319751024246216, 0.8898147940635681], [-0.048356909304857254, 0.3457189202308655, -0.9370912313461304, 2.6906943321228027], [0.0, 0.0, 0.0, 1.0]]}, "frame6.png": {"intrinsics": [[2985.29, 0.0, 512.0], [0.0, 2985.29, 512.0], [0.0, 0.0, 1.0]], "pose": [[0.9828543663024902, -0.14960674941539764, -0.10777334123849869, 0.29977279901504517], [-0.177246555685997, -0.9276573061943054, -0.3286875784397125, 0.9134370684623718], [-0.05080285295844078, 0.34215447306632996, -0.9382693767547607, 2.7144298553466797], [0.0, 0.0, 0.0, 1.0]]}, "frame7.png": {"intrinsics": [[2985.29, 0.0, 512.0], [0.0, 2985.29, 512.0], [0.0, 0.0, 1.0]], "pose": [[0.9836991429328918, -0.1545729786157608, -0.09188631176948547, 0.2430887371301651], [-0.17654791474342346, -0.9272448420524597, -0.3302237093448639, 0.8753566741943359], [-0.03415745496749878, 0.34106311202049255, -0.9394195675849915, 2.66799259185791], [0.0, 0.0, 0.0, 1.0]]}, "frame8.png": {"intrinsics": [[2985.29, 0.0, 512.0], [0.0, 2985.29, 512.0], [0.0, 0.0, 1.0]], "pose": [[0.9841904640197754, -0.15692219138145447, -0.08212500810623169, 0.2179531753063202], [-0.17538981139659882, -0.9280353784561157, -0.32861649990081787, 0.8726978898048401], [-0.024647679179906845, 0.33782511949539185, -0.9408860802650452, 2.679334878921509], [0.0, 0.0, 0.0, 1.0]]}, "frame9.png": {"intrinsics": [[2985.29, 0.0, 512.0], [0.0, 2985.29, 512.0], [0.0, 0.0, 1.0]], "pose": [[0.9844348430633545, -0.15687838196754456, -0.07922858744859695, 0.22397875785827637], [-0.1743684709072113, -0.9282320141792297, -0.3286045789718628, 0.929423451423645], [-0.0219915509223938, 0.3373048007488251, -0.9411385655403137, 2.791201591491699], [0.0, 0.0, 0.0, 1.0]]}}