{"frame0.png": {"intrinsics": [[2985.29, 0.0, 512.0], [0.0, 2985.29, 512.0], [0.0, 0.0, 1.0]], "pose": [[0.9734786748886108, -0.22566039860248566, -0.03763860464096069, 0.10311172157526016], [-0.22818298637866974, -0.9695730209350586, -0.08865997940301895, 0.25146445631980896], [-0.016486329957842827, 0.0948970839381218, -0.9953505396842957, 2.911635160446167], [0.0, 0.0, 0.0, 1.0]]}, "frame1.png": {"intrinsics": [[2985.29, 0.0, 512.0], [0.0, 2985.29, 512.0], [0.0, 0.0, 1.0]], "pose": [[0.973304808139801, -0.22598837316036224, -0.04008810222148895, 0.11304950714111328], [-0.2287653535604477, -0.9693260788917542, -0.08985169976949692, 0.25679314136505127], [-0.018553001806139946, 0.09662386029958725, -0.9951480627059937, 2.9430017471313477], [0.0, 0.0, 0.0, 1.0]]}, "frame10.png": {"intrinsics": [[2985.29, 0.0, 512.0], [0.0, 2985.29, 512.0], [0.0, 0.0, 1.0]], "pose": [[0.9581852555274963, -0.08224386721849442, -0.27407464385032654, 0.7643799781799316], [-0.12119975686073303, -0.9842941164970398, -0.12835796177387238, 0.3643447756767273], [-0.259213387966156, 0.15620848536491394, -0.9531040787696838, 2.832338571548462], [0.0, 0.0, 0.0, 1.0]]}, "frame11.png": {"intrinsics": [[2985.29, 0.0, 512.0], [0.0, 2985.29, 512.0], [0.0, 0.0, 1.0]], "pose": [[0.9733771681785583, -0.05531517043709755, -0.22243453562259674, 0.6167613863945007], [-0.07192803174257278, -0.9951375722885132, -0.06728673726320267, 0.19218699634075165], [-0.217630997300148, 0.08149465918540955, -0.9726229310035706, 2.878612756729126], [0.0, 0.0, 0.0, 1.0]]}, "frame12.png": {"intrinsics": [[2985.29, 0.0, 512.0], [0.0, 2985.29, 512.0], [0.0, 0.0, 1.0]], "pose": [[0.9833496809005737, -0.00479521881788969, -0.1816602647304535, 0.5102844834327698], [-0.009248623624444008, -0.9996769428253174, -0.02367584779858589, 0.07698138803243637], [-0.181488037109375, 0.024961745366454124, -0.9830763339996338, 2.9397757053375244], [0.0, 0.0, 0.0, 1.0]]}, "frame13.png": {"intrinsics": [[2985.29, 0.0, 512.0], [0.0, 2985.29, 512.0], [0.0, 0.0, 1.0]], "pose": [[0.9886573553085327, 0.03951987996697426, -0.14489562809467316, 0.399038165807724], [0.039411578327417374, -0.9992164969444275, -0.00361894560046494, 0.019246259704232216], [-0.14492513239383698, -0.0021326683927327394, -0.9894403219223022, 2.916654348373413], [0.0, 0.0, 0.0, 1.0]]}, "frame14.png": {"intrinsics": [[2985.29, 0.0, 512.0], [0.0, 2985.29, 512.0], [0.0, 0.0, 1.0]], "pose": [[0.9898078441619873, 0.05219458043575287, -0.13249987363815308, 0.36414340138435364], [0.05385234206914902, -0.9985087513923645, 0.00895642675459385, -0.018362052738666534], [-0.13183480501174927, -0.016000568866729736, -0.9911425709724426, 2.9089927673339844], [0.0, 0.0, 0.0, 1.0]]}, "frame15.png": {"intrinsics": [[2985.29, 0.0, 512.0], [0.0, 2985.29, 512.0], [0.0, 0.0, 1.0]], "pose": [[0.9898719191551208, 0.06504139304161072, -0.12618756294250488, 0.3409472703933716], [0.06476704776287079, -0.9978806972503662, -0.006280090194195509, 0.023959994316101074], [-0.12632860243320465, -0.001956311520189047, -0.9919865727424622, 2.86039400100708], [0.0, 0.0, 0.0, 1.0]]}, "frame16.png": {"intrinsics": [[2985.29, 0.0, 512.0], [0.0, 2985.29, 512.0], [0.0, 0.0, 1.0]], "pose": [[0.9915347099304199, 0.07442735880613327, -0.10639328509569168, 0.2850184738636017], [0.07413650304079056, -0.9972256422042847, -0.0066916448995471, 0.024287868291139603], [-0.10659614950418472, -0.0012526283971965313, -0.9943016171455383, 2.847226142883301], [0.0, 0.0, 0.0, 1.0]]}, "frame17.png": {"intrinsics": [[2985.29, 0.0, 512.0], [0.0, 2985.29, 512.0], [0.0, 0.0, 1.0]], "pose": [[0.9926068782806396, 0.0879262387752533, -0.08366909623146057, 0.22465281188488007], [0.08785311877727509, -0.9961230158805847, -0.004562472924590111, 0.016513532027602196], [-0.08374588191509247, -0.002821848727762699, -0.9964831471443176, 2.872880220413208], [0.0, 0.0, 0.0, 1.0]]}, "frame18.png": {"intrinsics": [[2985.29, 0.0, 512.0], [0.0, 2985.29, 512.0], [0.0, 0.0, 1.0]], "pose": [[0.9928485155105591, 0.08701542764902115, -0.08173231035470963, 0.22112183272838593], [0.08725353330373764, -0.9961858987808228, -0.0006606538081541657, 0.009082556702196598], [-0.0814780667424202, -0.00647550355643034, -0.9966540932655334, 2.89263653755188], [0.0, 0.0, 0.0, 1.0]]}, "frame19.png": {"intrinsics": [[2985.29, 0.0, 512.0], [0.0, 2985.29, 512.0], [0.0, 0.0, 1.0]], "pose": [[0.9927432537078857, 0.08635106682777405, -0.08369129151105881, 0.22369274497032166], [0.08617071807384491, -0.9962636828422546, -0.0057715135626494884, 0.02398148737847805], [-0.08387697488069534, -0.0014821076765656471, -0.9964750409126282, 2.8671014308929443], [0.0, 0.0, 0.0, 1.0]]}, "frame2.png": {"intrinsics": [[2985.29, 0.0, 512.0], [0.0, 2985.29, 512.0], [0.0, 0.0, 1.0]], "pose": [[0.9747399687767029, -0.21646778285503387, -0.054988794028759, 0.1544550061225891], [-0.2207656055688858, -0.9711282849311829, -0.09040139615535736, 0.255474328994751], [-0.033832184970378876, 0.10025748610496521, -0.9943861365318298, 2.9218454360961914], [0.0, 0.0, 0.0, 1.0]]}, "frame20.png": {"intrinsics": [[2985.29, 0.0, 512.0], [0.0, 2985.29, 512.0], [0.0, 0.0, 1.0]], "pose": [[0.9932901263237, 0.0818091407418251, -0.08174308389425278, 0.21847222745418549], [0.08130161464214325, -0.9966440796852112, -0.009523708373308182, 0.03257817029953003], [-0.08224788308143616, 0.0028139613568782806, -0.9966079592704773, 2.8631343841552734], [0.0, 0.0, 0.0, 1.0]]}, "frame21.png": {"intrinsics": [[2985.29, 0.0, 512.0], [0.0, 2985.29, 512.0], [0.0, 0.0, 1.0]], "pose": [[0.9933115243911743, 0.08161547780036926, -0.08167705684900284, 0.2181507647037506], [0.08107172697782516, -0.9966585636138916, -0.009957308880984783, 0.0344238355755806], [-0.08221680670976639, 0.003269009757786989, -0.9966091513633728, 2.862962484359741], [0.0, 0.0, 0.0, 1.0]]}, "frame22.png": {"intrinsics": [[2985.29, 0.0, 512.0], [0.0, 2985.29, 512.0], [0.0, 0.0, 1.0]], "pose": [[0.9936181902885437, 0.0846310704946518, -0.07456858456134796, 0.2045109122991562], [0.08508166670799255, -0.9963697791099548, 0.0028812589589506388, -0.0022890567779541016], [-0.0740540400147438, -0.009207291528582573, -0.9972116947174072, 2.9427263736724854], [0.0, 0.0, 0.0, 1.0]]}, "frame23.png": {"intrinsics": [[2985.29, 0.0, 512.0], [0.0, 2985.29, 512.0], [0.0, 0.0, 1.0]], "pose": [[0.9936851859092712, 0.0841006487607956, -0.07427462935447693, 0.20179890096187592], [0.08418156206607819, -0.9964483380317688, -0.002046199981123209, 0.00934020895510912], [-0.0741829127073288, -0.004219275899231434, -0.9972357153892517, 2.9270589351654053], [0.0, 0.0, 0.0, 1.0]]}, "frame24.png": {"intrinsics": [[2985.29, 0.0, 512.0], [0.0, 2985.29, 512.0], [0.0, 0.0, 1.0]], "pose": [[0.9940959215164185, 0.0830678716301918, -0.0698075070977211, 0.1905738115310669], [0.08329564332962036, -0.9965248107910156, 0.0003532807750161737, 0.005790271796286106], [-0.06953556835651398, -0.006165856029838324, -0.997560441493988, 2.9420361518859863], [0.0, 0.0, 0.0, 1.0]]}, "frame25.png": {"intrinsics": [[2985.29, 0.0, 512.0], [0.0, 2985.29, 512.0], [0.0, 0.0, 1.0]], "pose": [[0.9949429631233215, 0.0866706594824791, -0.05076080188155174, 0.1358948051929474], [0.0845688059926033, -0.9955240488052368, -0.0421898253262043, 0.12109404802322388], [-0.054190218448638916, 0.03768369182944298, -0.9978192448616028, 2.851850986480713], [0.0, 0.0, 0.0, 1.0]]}, "frame26.png": {"intrinsics": [[2985.29, 0.0, 512.0], [0.0, 2985.29, 512.0], [0.0, 0.0, 1.0]], "pose": [[0.994209885597229, 0.10438229143619537, 0.025515278801321983, -0.07396547496318817], [0.10501378774642944, -0.9941613674163818, -0.024804474785923958, 0.06354282051324844], [0.02277715690433979, 0.02734030969440937, -0.9993667006492615, 2.9101760387420654], [0.0, 0.0, 0.0, 1.0]]}, "frame27.png": {"intrinsics": [[2985.29, 0.0, 512.0], [0.0, 2985.29, 512.0], [0.0, 0.0, 1.0]], "pose": [[0.9931187629699707, 0.10234349966049194, 0.056929219514131546, -0.16041216254234314], [0.1028142049908638, -0.99468594789505, -0.0053939479403197765, 0.01200355775654316], [0.056074660271406174, 0.011209962889552116, -0.9983636140823364, 2.917412757873535], [0.0, 0.0, 0.0, 1.0]]}, "frame28.png": {"intrinsics": [[2985.29, 0.0, 512.0], [0.0, 2985.29, 512.0], [0.0, 0.0, 1.0]], "pose": [[0.9948349595069885, 0.09548667818307877, 0.034434974193573, -0.09965650737285614], [0.09614722430706024, -0.9952032566070557, -0.018062034621834755, 0.05197983235120773], [0.03254511207342148, 0.02127956971526146, -0.9992437362670898, 2.906428098678589], [0.0, 0.0, 0.0, 1.0]]}, "frame29.png": {"intrinsics": [[2985.29, 0.0, 512.0], [0.0, 2985.29, 512.0], [0.0, 0.0, 1.0]], "pose": [[0.9953615069389343, 0.0958067774772644, -0.008745204657316208, 0.019627856090664864], [0.0959252268075943, -0.9952856302261353, 0.01431343425065279, -0.0471884086728096], [-0.0073326523415744305, -0.01508592814207077, -0.9998592734336853, 2.9385647773742676], [0.0, 0.0, 0.0, 1.0]]}, "frame3.png": {"intrinsics": [[2985.29, 0.0, 512.0], [0.0, 2985.29, 512.0], [0.0, 0.0, 1.0]], "pose": [[0.9739674925804138, -0.21141086518764496, -0.08181007206439972, 0.22630102932453156], [-0.2182457149028778, -0.9720737338066101, -0.08626414090394974, 0.24461914598941803], [-0.0612882524728775, 0.10187315940856934, -0.9929076433181763, 2.919231653213501], [0.0, 0.0, 0.0, 1.0]]}, "frame30.png": {"intrinsics": [[2985.29, 0.0, 512.0], [0.0, 2985.29, 512.0], [0.0, 0.0, 1.0]], "pose": [[0.9947779774665833, 0.08743112534284592, -0.052654653787612915, 0.13869597017765045], [0.08837383985519409, -0.9959613680839539, 0.01584520749747753, -0.04730230197310448], [-0.0510566383600235, -0.020415758714079857, -0.9984870553016663, 2.914736747741699], [0.0, 0.0, 0.0, 1.0]]}, "frame31.png": {"intrinsics": [[2985.29, 0.0, 512.0], [0.0, 2985.29, 512.0], [0.0, 0.0, 1.0]], "pose": [[0.9951121211051941, 0.08360178023576736, -0.05256003141403198, 0.1434694081544876], [0.08513716608285904, -0.995984673500061, 0.027681615203619003, -0.08075878769159317], [-0.05003475025296211, -0.03202112391591072, -0.9982340335845947, 2.9460434913635254], [0.0, 0.0, 0.0, 1.0]]}, "frame32.png": {"intrinsics": [[2985.29, 0.0, 512.0], [0.0, 2985.29, 512.0], [0.0, 0.0, 1.0]], "pose": [[0.9943923354148865, 0.09041839092969894, -0.05484817922115326, 0.1474769562482834], [0.09085369855165482, -0.995849072933197, 0.005490638315677643, -0.017627406865358353], [-0.054124053567647934, -0.010443009436130524, -0.9984795451164246, 2.922654390335083], [0.0, 0.0, 0.0, 1.0]]}, "frame33.png": {"intrinsics": [[2985.29, 0.0, 512.0], [0.0, 2985.29, 512.0], [0.0, 0.0, 1.0]], "pose": [[0.9928588271141052, 0.09867140650749207, -0.06704678386449814, 0.18042397499084473], [0.09692230075597763, -0.9948732256889343, -0.028866242617368698, 0.07498707622289658], [-0.06955133378505707, 0.022161776199936867, -0.9973321557044983, 2.910707473754883], [0.0, 0.0, 0.0, 1.0]]}, "frame34.png": {"intrinsics": [[2985.29, 0.0, 512.0], [0.0, 2985.29, 512.0], [0.0, 0.0, 1.0]], "pose": [[0.9890269041061401, 0.10392969101667404, -0.10499744862318039, 0.2871960401535034], [0.1001000925898552, -0.9941272735595703, -0.041121505200862885, 0.10915803909301758], [-0.10865457355976105, 0.030160019174218178, -0.9936219453811646, 2.918201446533203], [0.0, 0.0, 0.0, 1.0]]}, "frame35.png": {"intrinsics": [[2985.29, 0.0, 512.0], [0.0, 2985.29, 512.0], [0.0, 0.0, 1.0]], "pose": [[0.9815409779548645, 0.09986517578363419, -0.16310817003250122, 0.4566606283187866], [0.09380195289850235, -0.9945967793464661, -0.04448042809963226, 0.12014387547969818], [-0.16666889190673828, 0.02835949696600437, -0.985605001449585, 2.9357707500457764], [0.0, 0.0, 0.0, 1.0]]}, "frame36.png": {"intrinsics": [[2985.29, 0.0, 512.0], [0.0, 2985.29, 512.0], [0.0, 0.0, 1.0]], "pose": [[0.9749262928962708, 0.09849871695041656, -0.19954155385494232, 0.5648518800735474], [0.09217903763055801, -0.9949086308479309, -0.04074069857597351, 0.1106465756893158], [-0.20253853499889374, 0.021325623616576195, -0.979042112827301, 2.948301076889038], [0.0, 0.0, 0.0, 1.0]]}, "frame37.png": {"intrinsics": [[2985.29, 0.0, 512.0], [0.0, 2985.29, 512.0], [0.0, 0.0, 1.0]], "pose": [[0.9681965708732605, 0.10414879769086838, -0.22748276591300964, 0.6542724967002869], [0.09298022091388702, -0.9939003586769104, -0.059302933514118195, 0.16851332783699036], [-0.23227152228355408, 0.036265499889850616, -0.9719746708869934, 2.9678642749786377], [0.0, 0.0, 0.0, 1.0]]}, "frame38.png": {"intrinsics": [[2985.29, 0.0, 512.0], [0.0, 2985.29, 512.0], [0.0, 0.0, 1.0]], "pose": [[0.9610487222671509, 0.10067716240882874, -0.25738975405693054, 0.7323341369628906], [0.08892812579870224, -0.9944104552268982, -0.0569181889295578, 0.1576264202594757], [-0.2616814076900482, 0.03181196004152298, -0.9646298885345459, 2.915524482727051], [0.0, 0.0, 0.0, 1.0]]}, "frame39.png": {"intrinsics": [[2985.29, 0.0, 512.0], [0.0, 2985.29, 512.0], [0.0, 0.0, 1.0]], "pose": [[0.9568856358528137, 0.09513108432292938, -0.2744447588920593, 0.7899274230003357], [0.0864320695400238, -0.9953011870384216, -0.043646227568387985, 0.12170761078596115], [-0.27730730175971985, 0.018043620511889458, -0.9606118202209473, 2.9419326782226562], [0.0, 0.0, 0.0, 1.0]]}, "frame4.png": {"intrinsics": [[2985.29, 0.0, 512.0], [0.0, 2985.29, 512.0], [0.0, 0.0, 1.0]], "pose": [[0.9698728322982788, -0.17945335805416107, -0.16475191712379456, 0.45603543519973755], [-0.19272397458553314, -0.978871762752533, -0.06832048296928406, 0.19692106544971466], [-0.14901065826416016, 0.09801382571458817, -0.983966052532196, 2.893615245819092], [0.0, 0.0, 0.0, 1.0]]}, "frame40.png": {"intrinsics": [[2985.29, 0.0, 512.0], [0.0, 2985.29, 512.0], [0.0, 0.0, 1.0]], "pose": [[0.9585028886795044, 0.08819770067930222, -0.27109670639038086, 0.7739470601081848], [0.08235026150941849, -0.9960604906082153, -0.03289336338639259, 0.08664725720882416], [-0.2729298174381256, 0.00920349732041359, -0.9619899392127991, 2.9262173175811768], [0.0, 0.0, 0.0, 1.0]]}, "frame41.png": {"intrinsics": [[2985.29, 0.0, 512.0], [0.0, 2985.29, 512.0], [0.0, 0.0, 1.0]], "pose": [[0.9618736505508423, 0.08723122626543045, -0.25921010971069336, 0.7377190589904785], [0.07500235736370087, -0.9955689907073975, -0.05671815574169159, 0.1549927443265915], [-0.26300913095474243, 0.03511432558298111, -0.9641541242599487, 2.93070650100708], [0.0, 0.0, 0.0, 1.0]]}, "frame42.png": {"intrinsics": [[2985.29, 0.0, 512.0], [0.0, 2985.29, 512.0], [0.0, 0.0, 1.0]], "pose": [[0.9634444713592529, 0.0917561799287796, -0.25170525908470154, 0.7072716355323792], [0.07266715168952942, -0.9938013553619385, -0.08413275331258774, 0.22930629551410675], [-0.25786474347114563, 0.06276653707027435, -0.9641401171684265, 2.8951594829559326], [0.0, 0.0, 0.0, 1.0]]}, "frame43.png": {"intrinsics": [[2985.29, 0.0, 512.0], [0.0, 2985.29, 512.0], [0.0, 0.0, 1.0]], "pose": [[0.9686493277549744, 0.09494409710168839, -0.22957377135753632, 0.6351139545440674], [0.07363635301589966, -0.9922909140586853, -0.09968194365501404, 0.27051272988319397], [-0.23726817965507507, 0.07965186983346939, -0.9681732058525085, 2.879667043685913], [0.0, 0.0, 0.0, 1.0]]}, "frame44.png": {"intrinsics": [[2985.29, 0.0, 512.0], [0.0, 2985.29, 512.0], [0.0, 0.0, 1.0]], "pose": [[0.9727886915206909, 0.09417474269866943, -0.21169142425060272, 0.6012544631958008], [0.07513570785522461, -0.9925157427787781, -0.09626626968383789, 0.27268272638320923], [-0.2191729098558426, 0.07774114608764648, -0.9725840091705322, 2.9416298866271973], [0.0, 0.0, 0.0, 1.0]]}, "frame45.png": {"intrinsics": [[2985.29, 0.0, 512.0], [0.0, 2985.29, 512.0], [0.0, 0.0, 1.0]], "pose": [[0.9817009568214417, 0.07765604555606842, -0.17387564480304718, 0.48604944348335266], [0.06037501245737076, -0.9928921461105347, -0.10256681591272354, 0.2895762622356415], [-0.1806046962738037, 0.09019219875335693, -0.9794117212295532, 2.9114692211151123], [0.0, 0.0, 0.0, 1.0]]}, "frame46.png": {"intrinsics": [[2985.29, 0.0, 512.0], [0.0, 2985.29, 512.0], [0.0, 0.0, 1.0]], "pose": [[0.9883102774620056, 0.026469554752111435, -0.15014046430587769, 0.4147184491157532], [0.014082754030823708, -0.9964523315429688, -0.08297242224216461, 0.24013136327266693], [-0.15180404484272003, 0.07988810539245605, -0.9851768612861633, 2.917634963989258], [0.0, 0.0, 0.0, 1.0]]}, "frame47.png": {"intrinsics": [[2985.29, 0.0, 512.0], [0.0, 2985.29, 512.0], [0.0, 0.0, 1.0]], "pose": [[0.992725133895874, -0.03958062827587128, -0.11371110379695892, 0.30797427892684937], [-0.050889018923044205, -0.9938516020774841, -0.09833284467458725, 0.2855573296546936], [-0.10911988466978073, 0.10340413451194763, -0.9886356592178345, 2.8757591247558594], [0.0, 0.0, 0.0, 1.0]]}, "frame48.png": {"intrinsics": [[2985.29, 0.0, 512.0], [0.0, 2985.29, 512.0], [0.0, 0.0, 1.0]], "pose": [[0.9927043914794922, -0.07935597747564316, -0.09077730029821396, 0.24960552155971527], [-0.08612383902072906, -0.9935888648033142, -0.07323744893074036, 0.215467631816864], [-0.08438348770141602, 0.08052124083042145, -0.9931745529174805, 2.9103970527648926], [0.0, 0.0, 0.0, 1.0]]}, "frame49.png": {"intrinsics": [[2985.29, 0.0, 512.0], [0.0, 2985.29, 512.0], [0.0, 0.0, 1.0]], "pose": [[0.9937346577644348, -0.0843023955821991, -0.07337979972362518, 0.1975415050983429], [-0.09049508720636368, -0.9922100305557251, -0.0856151357293129, 0.23997990787029266], [-0.06559061259031296, 0.09171923249959946, -0.9936224222183228, 2.887784242630005], [0.0, 0.0, 0.0, 1.0]]}, "frame5.png": {"intrinsics": [[2985.29, 0.0, 512.0], [0.0, 2985.29, 512.0], [0.0, 0.0, 1.0]], "pose": [[0.9517644047737122, -0.11338598281145096, -0.2851106822490692, 0.7951012253761292], [-0.14452019333839417, -0.9853474497795105, -0.09057741612195969, 0.25806504487991333], [-0.2706628739833832, 0.1274126172065735, -0.9542052149772644, 2.8413615226745605], [0.0, 0.0, 0.0, 1.0]]}, "frame6.png": {"intrinsics": [[2985.29, 0.0, 512.0], [0.0, 2985.29, 512.0], [0.0, 0.0, 1.0]], "pose": [[0.9422272443771362, -0.09136080741882324, -0.32227468490600586, 0.8985345363616943], [-0.13293954730033875, -0.985065758228302, -0.10941870510578156, 0.31007418036460876], [-0.30746516585350037, 0.14594033360481262, -0.9403013586997986, 2.79378604888916], [0.0, 0.0, 0.0, 1.0]]}, "frame7.png": {"intrinsics": [[2985.29, 0.0, 512.0], [0.0, 2985.29, 512.0], [0.0, 0.0, 1.0]], "pose": [[0.9409024119377136, -0.08556494861841202, -0.3276909589767456, 0.9083313345909119], [-0.12840884923934937, -0.9854460954666138, -0.11138711869716644, 0.3179776966571808], [-0.31339094042778015, 0.1468828171491623, -0.9381959438323975, 2.782078981399536], [0.0, 0.0, 0.0, 1.0]]}, "frame8.png": {"intrinsics": [[2985.29, 0.0, 512.0], [0.0, 2985.29, 512.0], [0.0, 0.0, 1.0]], "pose": [[0.9454746842384338, -0.08057992905378342, -0.3155701458454132, 0.8824692368507385], [-0.1309608370065689, -0.9811905026435852, -0.14182548224925995, 0.40227803587913513], [-0.2982061505317688, 0.17541971802711487, -0.938243567943573, 2.7975006103515625], [0.0, 0.0, 0.0, 1.0]]}, "frame9.png": {"intrinsics": [[2985.29, 0.0, 512.0], [0.0, 2985.29, 512.0], [0.0, 0.0, 1.0]], "pose": [[0.9497748613357544, -0.07721475511789322, -0.30325832962989807, 0.8484522700309753], [-0.12915915250778198, -0.9794130921363831, -0.1551382690668106, 0.44212013483047485], [-0.28503623604774475, 0.18651500344276428, -0.9401949644088745, 2.8079402446746826], [0.0, 0.0, 0.0, 1.0]]}}