{"frame0.png": {"intrinsics": [[2985.29, 0.0, 512.0], [0.0, 2985.29, 512.0], [0.0, 0.0, 1.0]], "pose": [[0.8891422152519226, -0.20992513000965118, 0.4066418409347534, -1.0938191413879395], [-0.1539304256439209, -0.9739966988563538, -0.16624051332473755, 0.4550289511680603], [0.4309658706188202, 0.08521690964698792, -0.8983354568481445, 2.581829071044922], [0.0, 0.0, 0.0, 1.0]]}, "frame1.png": {"intrinsics": [[2985.29, 0.0, 512.0], [0.0, 2985.29, 512.0], [0.0, 0.0, 1.0]], "pose": [[0.8862681984901428, -0.2076570987701416, 0.41401350498199463, -1.1113882064819336], [-0.1531303972005844, -0.9749674201011658, -0.16121284663677216, 0.4435586929321289], [0.43712666630744934, 0.07947977632284164, -0.8958812355995178, 2.5719380378723145], [0.0, 0.0, 0.0, 1.0]]}, "frame10.png": {"intrinsics": [[2985.29, 0.0, 512.0], [0.0, 2985.29, 512.0], [0.0, 0.0, 1.0]], "pose": [[0.9000990390777588, -0.17179183661937714, 0.40038636326789856, -1.0751889944076538], [-0.12601692974567413, -0.9823547601699829, -0.13819856941699982, 0.3771466016769409], [0.4170628488063812, 0.07393694669008255, -0.9058653116226196, 2.600858211517334], [0.0, 0.0, 0.0, 1.0]]}, "frame11.png": {"intrinsics": [[2985.29, 0.0, 512.0], [0.0, 2985.29, 512.0], [0.0, 0.0, 1.0]], "pose": [[0.9005168080329895, -0.17072352766990662, 0.3999037742614746, -1.0684279203414917], [-0.1264989674091339, -0.982778012752533, -0.13470464944839478, 0.36859411001205444], [0.4160138964653015, 0.07071638852357864, -0.9066044688224792, 2.592034101486206], [0.0, 0.0, 0.0, 1.0]]}, "frame12.png": {"intrinsics": [[2985.29, 0.0, 512.0], [0.0, 2985.29, 512.0], [0.0, 0.0, 1.0]], "pose": [[0.8993533849716187, -0.16975568234920502, 0.4029223918914795, -1.0788239240646362], [-0.12607774138450623, -0.9830949306488037, -0.13277369737625122, 0.36841195821762085], [0.4186500608921051, 0.06861093640327454, -0.9055521488189697, 2.591824769973755], [0.0, 0.0, 0.0, 1.0]]}, "frame13.png": {"intrinsics": [[2985.29, 0.0, 512.0], [0.0, 2985.29, 512.0], [0.0, 0.0, 1.0]], "pose": [[0.9002887010574341, -0.1691150665283203, 0.4010990560054779, -1.0704196691513062], [-0.1260785609483719, -0.9832554459571838, -0.1315789818763733, 0.36410290002822876], [0.41663479804992676, 0.06788907200098038, -0.9065354466438293, 2.5880374908447266], [0.0, 0.0, 0.0, 1.0]]}, "frame14.png": {"intrinsics": [[2985.29, 0.0, 512.0], [0.0, 2985.29, 512.0], [0.0, 0.0, 1.0]], "pose": [[0.9011210799217224, -0.1680738776922226, 0.39966490864753723, -1.064553141593933], [-0.12614688277244568, -0.9835617542266846, -0.12920181453227997, 0.357284277677536], [0.41481056809425354, 0.0660099908709526, -0.9075102210044861, 2.5872063636779785], [0.0, 0.0, 0.0, 1.0]]}, "frame15.png": {"intrinsics": [[2985.29, 0.0, 512.0], [0.0, 2985.29, 512.0], [0.0, 0.0, 1.0]], "pose": [[0.9007188081741333, -0.17118847370147705, 0.39924952387809753, -1.0664564371109009], [-0.1348622888326645, -0.9838606715202332, -0.1176021546125412, 0.32586318254470825], [0.41293802857398987, 0.05208275467157364, -0.9092687368392944, 2.5968403816223145], [0.0, 0.0, 0.0, 1.0]]}, "frame16.png": {"intrinsics": [[2985.29, 0.0, 512.0], [0.0, 2985.29, 512.0], [0.0, 0.0, 1.0]], "pose": [[0.8921704888343811, -0.17702673375606537, 0.41556403040885925, -1.1169078350067139], [-0.1405850499868393, -0.9831328988075256, -0.1169854998588562, 0.31940943002700806], [0.42926421761512756, 0.04594890773296356, -0.9020094275474548, 2.60023832321167], [0.0, 0.0, 0.0, 1.0]]}, "frame17.png": {"intrinsics": [[2985.29, 0.0, 512.0], [0.0, 2985.29, 512.0], [0.0, 0.0, 1.0]], "pose": [[0.8798858523368835, -0.1944340318441391, 0.4335855543613434, -1.155374526977539], [-0.16056926548480988, -0.980440616607666, -0.11381465941667557, 0.30543041229248047], [0.4472343325614929, 0.030523382127285004, -0.8938959240913391, 2.564971923828125], [0.0, 0.0, 0.0, 1.0]]}, "frame18.png": {"intrinsics": [[2985.29, 0.0, 512.0], [0.0, 2985.29, 512.0], [0.0, 0.0, 1.0]], "pose": [[0.8541560173034668, -0.2303900122642517, 0.4661951959133148, -1.2251917123794556], [-0.19642455875873566, -0.9730272889137268, -0.12097623944282532, 0.3223954737186432], [0.48149237036705017, 0.011760391294956207, -0.8763713240623474, 2.4846980571746826], [0.0, 0.0, 0.0, 1.0]]}, "frame19.png": {"intrinsics": [[2985.29, 0.0, 512.0], [0.0, 2985.29, 512.0], [0.0, 0.0, 1.0]], "pose": [[0.8368676900863647, -0.269574373960495, 0.476426362991333, -1.27020263671875], [-0.22016194462776184, -0.962593138217926, -0.15793423354625702, 0.4149201214313507], [0.5011798143386841, 0.02727910876274109, -0.8649131059646606, 2.4817123413085938], [0.0, 0.0, 0.0, 1.0]]}, "frame2.png": {"intrinsics": [[2985.29, 0.0, 512.0], [0.0, 2985.29, 512.0], [0.0, 0.0, 1.0]], "pose": [[0.8846661448478699, -0.2062412053346634, 0.4181272089481354, -1.1231814622879028], [-0.15424539148807526, -0.9758042097091675, -0.15496569871902466, 0.4254119098186493], [0.43997061252593994, 0.07259871065616608, -0.8950727581977844, 2.5739142894744873], [0.0, 0.0, 0.0, 1.0]]}, "frame20.png": {"intrinsics": [[2985.29, 0.0, 512.0], [0.0, 2985.29, 512.0], [0.0, 0.0, 1.0]], "pose": [[0.8325728178024292, -0.3060077428817749, 0.4617161154747009, -1.2031313180923462], [-0.23297245800495148, -0.9496892094612122, -0.20931845903396606, 0.5436504483222961], [0.502539873123169, 0.06670571863651276, -0.8619768023490906, 2.414370536804199], [0.0, 0.0, 0.0, 1.0]]}, "frame21.png": {"intrinsics": [[2985.29, 0.0, 512.0], [0.0, 2985.29, 512.0], [0.0, 0.0, 1.0]], "pose": [[0.828740119934082, -0.3215668797492981, 0.4580225348472595, -1.204291820526123], [-0.2345343381166458, -0.9426602721214294, -0.23745618760585785, 0.6162790060043335], [0.50811767578125, 0.08936746418476105, -0.8566387295722961, 2.4113359451293945], [0.0, 0.0, 0.0, 1.0]]}, "frame22.png": {"intrinsics": [[2985.29, 0.0, 512.0], [0.0, 2985.29, 512.0], [0.0, 0.0, 1.0]], "pose": [[0.8340207934379578, -0.32076457142829895, 0.44890907406806946, -1.1640803813934326], [-0.23351235687732697, -0.9423873424530029, -0.23953700065612793, 0.6238663196563721], [0.49988120794296265, 0.0949530303478241, -0.8608732223510742, 2.3959739208221436], [0.0, 0.0, 0.0, 1.0]]}, "frame23.png": {"intrinsics": [[2985.29, 0.0, 512.0], [0.0, 2985.29, 512.0], [0.0, 0.0, 1.0]], "pose": [[0.8379210829734802, -0.3195739686489105, 0.4424484968185425, -1.1487520933151245], [-0.23573680222034454, -0.9430490136146545, -0.23470547795295715, 0.6147596836090088], [0.49225640296936035, 0.09236329793930054, -0.8655360341072083, 2.410710334777832], [0.0, 0.0, 0.0, 1.0]]}, "frame24.png": {"intrinsics": [[2985.29, 0.0, 512.0], [0.0, 2985.29, 512.0], [0.0, 0.0, 1.0]], "pose": [[0.8405687808990479, -0.31806695461273193, 0.43849465250968933, -1.1309597492218018], [-0.23967181146144867, -0.944297730922699, -0.22551992535591125, 0.5887923836708069], [0.4857999384403229, 0.08447021245956421, -0.8699788451194763, 2.4094302654266357], [0.0, 0.0, 0.0, 1.0]]}, "frame25.png": {"intrinsics": [[2985.29, 0.0, 512.0], [0.0, 2985.29, 512.0], [0.0, 0.0, 1.0]], "pose": [[0.8458619713783264, -0.3202110826969147, 0.42659392952919006, -1.1071983575820923], [-0.2440367341041565, -0.9434685111045837, -0.22430627048015594, 0.5861544609069824], [0.474303275346756, 0.08562755584716797, -0.8761873841285706, 2.4378652572631836], [0.0, 0.0, 0.0, 1.0]]}, "frame26.png": {"intrinsics": [[2985.29, 0.0, 512.0], [0.0, 2985.29, 512.0], [0.0, 0.0, 1.0]], "pose": [[0.8523509502410889, -0.32130178809165955, 0.41262945532798767, -1.0814099311828613], [-0.2464158535003662, -0.9426788091659546, -0.22502416372299194, 0.5931324362754822], [0.46127772331237793, 0.09012110531330109, -0.8826670050621033, 2.477020025253296], [0.0, 0.0, 0.0, 1.0]]}, "frame27.png": {"intrinsics": [[2985.29, 0.0, 512.0], [0.0, 2985.29, 512.0], [0.0, 0.0, 1.0]], "pose": [[0.8565370440483093, -0.3215806782245636, 0.4036460220813751, -1.0488452911376953], [-0.2523612380027771, -0.9432282447814941, -0.21594968438148499, 0.5640121102333069], [0.45017558336257935, 0.08310428261756897, -0.8890644311904907, 2.4740777015686035], [0.0, 0.0, 0.0, 1.0]]}, "frame28.png": {"intrinsics": [[2985.29, 0.0, 512.0], [0.0, 2985.29, 512.0], [0.0, 0.0, 1.0]], "pose": [[0.8628913164138794, -0.3155336380004883, 0.3947873115539551, -1.0293922424316406], [-0.24602165818214417, -0.9446051120758057, -0.21724292635917664, 0.569330096244812], [0.4414655864238739, 0.0903308242559433, -0.8927196860313416, 2.497626304626465], [0.0, 0.0, 0.0, 1.0]]}, "frame29.png": {"intrinsics": [[2985.29, 0.0, 512.0], [0.0, 2985.29, 512.0], [0.0, 0.0, 1.0]], "pose": [[0.869782030582428, -0.3090851604938507, 0.3846369683742523, -1.015860915184021], [-0.2393883466720581, -0.9459468126296997, -0.2188100516796112, 0.5824782252311707], [0.43147706985473633, 0.09823943674564362, -0.8967589139938354, 2.531460762023926], [0.0, 0.0, 0.0, 1.0]]}, "frame3.png": {"intrinsics": [[2985.29, 0.0, 512.0], [0.0, 2985.29, 512.0], [0.0, 0.0, 1.0]], "pose": [[0.8834026455879211, -0.20267389714717865, 0.4225199520587921, -1.1336981058120728], [-0.150849848985672, -0.9766332507133484, -0.153074249625206, 0.41926637291908264], [0.44367119669914246, 0.071489118039608, -0.8933337330818176, 2.564879894256592], [0.0, 0.0, 0.0, 1.0]]}, "frame30.png": {"intrinsics": [[2985.29, 0.0, 512.0], [0.0, 2985.29, 512.0], [0.0, 0.0, 1.0]], "pose": [[0.878993570804596, -0.29502958059310913, 0.37460362911224365, -0.9811331033706665], [-0.23178556561470032, -0.9509119987487793, -0.20504112541675568, 0.5418017506599426], [0.4167082607746124, 0.09340212494134903, -0.9042291045188904, 2.53825044631958], [0.0, 0.0, 0.0, 1.0]]}, "frame31.png": {"intrinsics": [[2985.29, 0.0, 512.0], [0.0, 2985.29, 512.0], [0.0, 0.0, 1.0]], "pose": [[0.8831915259361267, -0.28424835205078125, 0.37306252121925354, -0.9740521311759949], [-0.22272524237632751, -0.9541974067687988, -0.1997520476579666, 0.5251335501670837], [0.41275447607040405, 0.09332887828350067, -0.9060482978820801, 2.5438079833984375], [0.0, 0.0, 0.0, 1.0]]}, "frame32.png": {"intrinsics": [[2985.29, 0.0, 512.0], [0.0, 2985.29, 512.0], [0.0, 0.0, 1.0]], "pose": [[0.8795926570892334, -0.27532508969306946, 0.38795995712280273, -1.0091192722320557], [-0.21426671743392944, -0.9573883414268494, -0.19364269077777863, 0.5030292868614197], [0.42474299669265747, 0.08719978481531143, -0.9011046290397644, 2.5227293968200684], [0.0, 0.0, 0.0, 1.0]]}, "frame33.png": {"intrinsics": [[2985.29, 0.0, 512.0], [0.0, 2985.29, 512.0], [0.0, 0.0, 1.0]], "pose": [[0.8808783888816833, -0.27229607105255127, 0.38717973232269287, -1.0025941133499146], [-0.21376772224903107, -0.9586520791053772, -0.18785545229911804, 0.4880850911140442], [0.42232292890548706, 0.08271127194166183, -0.9026640057563782, 2.5158605575561523], [0.0, 0.0, 0.0, 1.0]]}, "frame34.png": {"intrinsics": [[2985.29, 0.0, 512.0], [0.0, 2985.29, 512.0], [0.0, 0.0, 1.0]], "pose": [[0.8819769024848938, -0.2703096270561218, 0.38606923818588257, -1.0107076168060303], [-0.20991642773151398, -0.9587391018867493, -0.19171428680419922, 0.49942225217819214], [0.4219619333744049, 0.08804529905319214, -0.9023281931877136, 2.5356509685516357], [0.0, 0.0, 0.0, 1.0]]}, "frame35.png": {"intrinsics": [[2985.29, 0.0, 512.0], [0.0, 2985.29, 512.0], [0.0, 0.0, 1.0]], "pose": [[0.8839100003242493, -0.2720848619937897, 0.38035890460014343, -1.0034692287445068], [-0.21213263273239136, -0.9581133127212524, -0.1924024224281311, 0.5106696486473083], [0.41677671670913696, 0.08937989920377731, -0.9046040177345276, 2.559995651245117], [0.0, 0.0, 0.0, 1.0]]}, "frame36.png": {"intrinsics": [[2985.29, 0.0, 512.0], [0.0, 2985.29, 512.0], [0.0, 0.0, 1.0]], "pose": [[0.8828579187393188, -0.2781769037246704, 0.37839072942733765, -0.9894214272499084], [-0.2188883125782013, -0.956568717956543, -0.19252070784568787, 0.505242109298706], [0.4155115783214569, 0.08714311569929123, -0.9054038524627686, 2.5416970252990723], [0.0, 0.0, 0.0, 1.0]]}, "frame37.png": {"intrinsics": [[2985.29, 0.0, 512.0], [0.0, 2985.29, 512.0], [0.0, 0.0, 1.0]], "pose": [[0.879300057888031, -0.2839359939098358, 0.38237661123275757, -0.9970980286598206], [-0.22370697557926178, -0.9550079703330994, -0.1947178691625595, 0.5124030709266663], [0.4204601049423218, 0.08567509800195694, -0.9032569527626038, 2.5287721157073975], [0.0, 0.0, 0.0, 1.0]]}, "frame38.png": {"intrinsics": [[2985.29, 0.0, 512.0], [0.0, 2985.29, 512.0], [0.0, 0.0, 1.0]], "pose": [[0.8779518604278564, -0.2912200093269348, 0.37998875975608826, -0.9960600733757019], [-0.22986942529678345, -0.9526582956314087, -0.19900290668010712, 0.5252788662910461], [0.41995304822921753, 0.08736717700958252, -0.9033307433128357, 2.545259952545166], [0.0, 0.0, 0.0, 1.0]]}, "frame39.png": {"intrinsics": [[2985.29, 0.0, 512.0], [0.0, 2985.29, 512.0], [0.0, 0.0, 1.0]], "pose": [[0.874884843826294, -0.2994818091392517, 0.3806404173374176, -1.0296094417572021], [-0.23608122766017914, -0.9499160051345825, -0.2047566920518875, 0.5572845935821533], [0.4228973090648651, 0.08927647024393082, -0.9017691612243652, 2.6121368408203125], [0.0, 0.0, 0.0, 1.0]]}, "frame4.png": {"intrinsics": [[2985.29, 0.0, 512.0], [0.0, 2985.29, 512.0], [0.0, 0.0, 1.0]], "pose": [[0.8856795430183411, -0.19668899476528168, 0.4205772578716278, -1.1280956268310547], [-0.14566248655319214, -0.9778134822845459, -0.15054278075695038, 0.41228368878364563], [0.4408562481403351, 0.07207033038139343, -0.894679605960846, 2.5686564445495605], [0.0, 0.0, 0.0, 1.0]]}, "frame40.png": {"intrinsics": [[2985.29, 0.0, 512.0], [0.0, 2985.29, 512.0], [0.0, 0.0, 1.0]], "pose": [[0.8736754655838013, -0.3023785650730133, 0.3811277747154236, -1.008011817932129], [-0.2407330572605133, -0.949458122253418, -0.20143692195415497, 0.5349994897842407], [0.4227750599384308, 0.08424042165279388, -0.902310848236084, 2.5595903396606445], [0.0, 0.0, 0.0, 1.0]]}, "frame41.png": {"intrinsics": [[2985.29, 0.0, 512.0], [0.0, 2985.29, 512.0], [0.0, 0.0, 1.0]], "pose": [[0.8667346239089966, -0.30230095982551575, 0.3967181146144867, -1.029496669769287], [-0.24880936741828918, -0.951414942741394, -0.18139322102069855, 0.4739498496055603], [0.4322788715362549, 0.05851258337497711, -0.8998395800590515, 2.5107431411743164], [0.0, 0.0, 0.0, 1.0]]}, "frame42.png": {"intrinsics": [[2985.29, 0.0, 512.0], [0.0, 2985.29, 512.0], [0.0, 0.0, 1.0]], "pose": [[0.8570783734321594, -0.31676673889160156, 0.4062948524951935, -1.0533640384674072], [-0.26579749584198, -0.9474565982818604, -0.17798267304897308, 0.4637235999107361], [0.44132572412490845, 0.04455295205116272, -0.8962402939796448, 2.494229555130005], [0.0, 0.0, 0.0, 1.0]]}, "frame43.png": {"intrinsics": [[2985.29, 0.0, 512.0], [0.0, 2985.29, 512.0], [0.0, 0.0, 1.0]], "pose": [[0.8410194516181946, -0.33241724967956543, 0.42683145403862, -1.1081223487854004], [-0.2841571271419525, -0.9427918195724487, -0.17435121536254883, 0.46413877606391907], [0.4603705406188965, 0.025345563888549805, -0.8873649835586548, 2.472407579421997], [0.0, 0.0, 0.0, 1.0]]}, "frame44.png": {"intrinsics": [[2985.29, 0.0, 512.0], [0.0, 2985.29, 512.0], [0.0, 0.0, 1.0]], "pose": [[0.835223913192749, -0.3469003438949585, 0.4266863167285919, -1.1135234832763672], [-0.29593783617019653, -0.9375271201133728, -0.18293091654777527, 0.48461559414863586], [0.46348878741264343, 0.026515647768974304, -0.8857059478759766, 2.4811394214630127], [0.0, 0.0, 0.0, 1.0]]}, "frame45.png": {"intrinsics": [[2985.29, 0.0, 512.0], [0.0, 2985.29, 512.0], [0.0, 0.0, 1.0]], "pose": [[0.8203046321868896, -0.36579230427742004, 0.4396548271179199, -1.169224739074707], [-0.3065565824508667, -0.9301842451095581, -0.20194128155708313, 0.5400916337966919], [0.4828285872936249, 0.030874282121658325, -0.8751704692840576, 2.489821195602417], [0.0, 0.0, 0.0, 1.0]]}, "frame46.png": {"intrinsics": [[2985.29, 0.0, 512.0], [0.0, 2985.29, 512.0], [0.0, 0.0, 1.0]], "pose": [[0.8159933686256409, -0.3658548593521118, 0.4475545585155487, -1.1516331434249878], [-0.3085566759109497, -0.9303765892982483, -0.19797047972679138, 0.5175600647926331], [0.4888227581977844, 0.023446649312973022, -0.8720680475234985, 2.4094789028167725], [0.0, 0.0, 0.0, 1.0]]}, "frame47.png": {"intrinsics": [[2985.29, 0.0, 512.0], [0.0, 2985.29, 512.0], [0.0, 0.0, 1.0]], "pose": [[0.8100115656852722, -0.3696160316467285, 0.4552639126777649, -1.1878784894943237], [-0.3109845519065857, -0.9289442300796509, -0.20087605714797974, 0.5303227305412292], [0.4971618056297302, 0.021131902933120728, -0.8674004673957825, 2.4275269508361816], [0.0, 0.0, 0.0, 1.0]]}, "frame48.png": {"intrinsics": [[2985.29, 0.0, 512.0], [0.0, 2985.29, 512.0], [0.0, 0.0, 1.0]], "pose": [[0.812551736831665, -0.366839736700058, 0.4529770612716675, -1.201995611190796], [-0.31185048818588257, -0.9301418662071228, -0.19386932253837585, 0.5182569026947021], [0.49245190620422363, 0.016267746686935425, -0.8701875805854797, 2.4766759872436523], [0.0, 0.0, 0.0, 1.0]]}, "frame49.png": {"intrinsics": [[2985.29, 0.0, 512.0], [0.0, 2985.29, 512.0], [0.0, 0.0, 1.0]], "pose": [[0.8205738067626953, -0.36661890149116516, 0.43846240639686584, -1.1665693521499634], [-0.3101532757282257, -0.930013120174408, -0.1971816122531891, 0.5291315913200378], [0.4800662696361542, 0.025811493396759033, -0.8768523931503296, 2.503593683242798], [0.0, 0.0, 0.0, 1.0]]}, "frame5.png": {"intrinsics": [[2985.29, 0.0, 512.0], [0.0, 2985.29, 512.0], [0.0, 0.0, 1.0]], "pose": [[0.888340950012207, -0.19007782638072968, 0.41799622774124146, -1.1205198764801025], [-0.13801705837249756, -0.9787359237670898, -0.15174733102321625, 0.41358935832977295], [0.4379517138004303, 0.07711275666952133, -0.8956851363182068, 2.5684773921966553], [0.0, 0.0, 0.0, 1.0]]}, "frame6.png": {"intrinsics": [[2985.29, 0.0, 512.0], [0.0, 2985.29, 512.0], [0.0, 0.0, 1.0]], "pose": [[0.8924153447151184, -0.18243123590946198, 0.41269075870513916, -1.1047478914260864], [-0.132979154586792, -0.9803357720375061, -0.14580219984054565, 0.3982660174369812], [0.4311743974685669, 0.07523683458566666, -0.8991262912750244, 2.577565908432007], [0.0, 0.0, 0.0, 1.0]]}, "frame7.png": {"intrinsics": [[2985.29, 0.0, 512.0], [0.0, 2985.29, 512.0], [0.0, 0.0, 1.0]], "pose": [[0.896452009677887, -0.1772415190935135, 0.4061517119407654, -1.0881143808364868], [-0.12878993153572083, -0.9811738133430481, -0.14391353726387024, 0.39395952224731445], [0.4240128993988037, 0.07670331746339798, -0.9024021625518799, 2.588094472885132], [0.0, 0.0, 0.0, 1.0]]}, "frame8.png": {"intrinsics": [[2985.29, 0.0, 512.0], [0.0, 2985.29, 512.0], [0.0, 0.0, 1.0]], "pose": [[0.8972427845001221, -0.1722072958946228, 0.40657100081443787, -1.0863220691680908], [-0.12683914601802826, -0.9825222492218018, -0.1362418532371521, 0.3784780204296112], [0.4229268729686737, 0.070672906935215, -0.9034035801887512, 2.585028886795044], [0.0, 0.0, 0.0, 1.0]]}, "frame9.png": {"intrinsics": [[2985.29, 0.0, 512.0], [0.0, 2985.29, 512.0], [0.0, 0.0, 1.0]], "pose": [[0.8984829783439636, -0.17257805168628693, 0.40366464853286743, -1.0850706100463867], [-0.12739841639995575, -0.982421338558197, -0.13644756376743317, 0.3723044991493225], [0.4201166033744812, 0.07116956263780594, -0.9046750664710999, 2.6019513607025146], [0.0, 0.0, 0.0, 1.0]]}}