{"labels": [["frame0.png", [0.9915674924850464, 0.030008627101778984, -0.1260688155889511, 0.3063529677169848, 0.042944394052028656, -0.9939409494400024, 0.10117857158184052, -0.2500878102598386, -0.12226872891187668, -0.10573933273553848, -0.9868482947349548, 2.670880743562025, 0.0, 0.0, 0.0, 1.0, 4.2647, 0.0, 0.5, 0.0, 4.2647, 0.5, 0.0, 0.0, 1.0]], ["frame0_mirror.png", [0.9915674924850464, -0.030008627101778984, 0.1260688155889511, -0.3063529677169848, -0.042944394052028656, -0.9939409494400024, 0.10117857158184052, -0.2500878102598386, 0.12226872891187668, -0.10573933273553848, -0.9868482947349548, 2.670880743562025, 0.0, 0.0, 0.0, 1.0, 4.2647, 0.0, 0.5, 0.0, 4.2647, 0.5, 0.0, 0.0, 1.0]], ["frame1.png", [0.9453587532043457, -0.06983493268489838, -0.3184650242328644, 0.8136515813603459, -0.08673692494630814, -0.9954602122306824, -0.039186783134937286, 0.11422864591107097, -0.3142826557159424, 0.06466824561357498, -0.9471243023872375, 2.571949245339638, 0.0, 0.0, 0.0, 1.0, 4.2647, 0.0, 0.5, 0.0, 4.2647, 0.5, 0.0, 0.0, 1.0]], ["frame1_mirror.png", [0.9453587532043457, 0.06983493268489838, 0.3184650242328644, -0.8136515813603459, 0.08673692494630814, -0.9954602122306824, -0.039186783134937286, 0.11422864591107097, 0.3142826557159424, 0.06466824561357498, -0.9471243023872375, 2.571949245339638, 0.0, 0.0, 0.0, 1.0, 4.2647, 0.0, 0.5, 0.0, 4.2647, 0.5, 0.0, 0.0, 1.0]], ["frame2.png", [0.8631744384765625, -0.12480083853006363, -0.48923876881599426, 1.238658636119764, -0.10385547578334808, -0.9921364784240723, 0.06985151767730713, -0.1715882856782081, -0.4941091537475586, -0.009483925998210907, -0.8693481683731079, 2.3929651571604507, 0.0, 0.0, 0.0, 1.0, 4.2647, 0.0, 0.5, 0.0, 4.2647, 0.5, 0.0, 0.0, 1.0]], ["frame2_mirror.png", [0.8631744384765625, 0.12480083853006363, 0.48923876881599426, -1.238658636119764, 0.10385547578334808, -0.9921364784240723, 0.06985151767730713, -0.1715882856782081, 0.4941091537475586, -0.009483925998210907, -0.8693481683731079, 2.3929651571604507, 0.0, 0.0, 0.0, 1.0, 4.2647, 0.0, 0.5, 0.0, 4.2647, 0.5, 0.0, 0.0, 1.0]], ["frame3.png", [0.914951503276825, -0.06503026932477951, -0.39828982949256897, 1.012977239342499, -0.04506088048219681, -0.9972221851348877, 0.05930633097887039, -0.14880137485983605, -0.4010401666164398, -0.03631512075662613, -0.9153403639793396, 2.49834650587421, 0.0, 0.0, 0.0, 1.0, 4.2647, 0.0, 0.5, 0.0, 4.2647, 0.5, 0.0, 0.0, 1.0]], ["frame3_mirror.png", [0.914951503276825, 0.06503026932477951, 0.39828982949256897, -1.012977239342499, 0.04506088048219681, -0.9972221851348877, 0.05930633097887039, -0.14880137485983605, 0.4010401666164398, -0.03631512075662613, -0.9153403639793396, 2.49834650587421, 0.0, 0.0, 0.0, 1.0, 4.2647, 0.0, 0.5, 0.0, 4.2647, 0.5, 0.0, 0.0, 1.0]], ["frame4.png", [0.9725291132926941, -0.06307181715965271, -0.2240738868713379, 0.5716427634369193, -0.07908168435096741, -0.9948627352714539, -0.06319989264011383, 0.17460228598897037, -0.21893662214279175, 0.07918387651443481, -0.9725207686424255, 2.633009417517839, 0.0, 0.0, 0.0, 1.0, 4.2647, 0.0, 0.5, 0.0, 4.2647, 0.5, 0.0, 0.0, 1.0]], ["frame4_mirror.png", [0.9725291132926941, 0.06307181715965271, 0.2240738868713379, -0.5716427634369193, 0.07908168435096741, -0.9948627352714539, -0.06319989264011383, 0.17460228598897037, 0.21893662214279175, 0.07918387651443481, -0.9725207686424255, 2.633009417517839, 0.0, 0.0, 0.0, 1.0, 4.2647, 0.0, 0.5, 0.0, 4.2647, 0.5, 0.0, 0.0, 1.0]], ["frame5.png", [0.9713443517684937, -0.07012362033128738, -0.22709649801254272, 0.5752669512647348, -0.07710671424865723, -0.9967797994613647, -0.022014232352375984, 0.053375302783957614, -0.22482149302959442, 0.03889406472444534, -0.9736233949661255, 2.6374645043744755, 0.0, 0.0, 0.0, 1.0, 4.2647, 0.0, 0.5, 0.0, 4.2647, 0.5, 0.0, 0.0, 1.0]], ["frame5_mirror.png", [0.9713443517684937, 0.07012362033128738, 0.22709649801254272, -0.5752669512647348, 0.07710671424865723, -0.9967797994613647, -0.022014232352375984, 0.053375302783957614, 0.22482149302959442, 0.03889406472444534, -0.9736233949661255, 2.6374645043744755, 0.0, 0.0, 0.0, 1.0, 4.2647, 0.0, 0.5, 0.0, 4.2647, 0.5, 0.0, 0.0, 1.0]]]}