{"labels": [["frame0.png", [0.9445855021476746, -0.15036340057849884, 0.2918030619621277, -0.7486969746633412, -0.1251935213804245, -0.9867500066757202, -0.10320352762937546, 0.28169560144518574, 0.3034546971321106, 0.06095271185040474, -0.950894296169281, 2.5787788637757205, 0.0, 0.0, 0.0, 1.0, 4.2647, 0.0, 0.5, 0.0, 4.2647, 0.5, 0.0, 0.0, 1.0]], ["frame0_mirror.png", [0.9445855021476746, 0.15036340057849884, -0.2918030619621277, 0.7486969746633412, 0.1251935213804245, -0.9867500066757202, -0.10320352762937546, 0.28169560144518574, -0.3034546971321106, 0.06095271185040474, -0.950894296169281, 2.5787788637757205, 0.0, 0.0, 0.0, 1.0, 4.2647, 0.0, 0.5, 0.0, 4.2647, 0.5, 0.0, 0.0, 1.0]], ["frame1.png", [0.8239307999610901, -0.4795876443386078, 0.3018834590911865, -0.7642507872498406, -0.40546900033950806, -0.8710712790489197, -0.27718183398246765, 0.7274121425770992, 0.39589500427246094, 0.10597427189350128, -0.9121603965759277, 2.4853153339203047, 0.0, 0.0, 0.0, 1.0, 4.2647, 0.0, 0.5, 0.0, 4.2647, 0.5, 0.0, 0.0, 1.0]], ["frame1_mirror.png", [0.8239307999610901, 0.4795876443386078, -0.3018834590911865, 0.7642507872498406, 0.40546900033950806, -0.8710712790489197, -0.27718183398246765, 0.7274121425770992, -0.39589500427246094, 0.10597427189350128, -0.9121603965759277, 2.4853153339203047, 0.0, 0.0, 0.0, 1.0, 4.2647, 0.0, 0.5, 0.0, 4.2647, 0.5, 0.0, 0.0, 1.0]], ["frame2.png", [0.8321110010147095, -0.4841969311237335, 0.2704525887966156, -0.6861987684147611, -0.41085952520370483, -0.8657329082489014, -0.2858337461948395, 0.7440906652099942, 0.3725395202636719, 0.1267273724079132, -0.9193228483200073, 2.503090156621094, 0.0, 0.0, 0.0, 1.0, 4.2647, 0.0, 0.5, 0.0, 4.2647, 0.5, 0.0, 0.0, 1.0]], ["frame2_mirror.png", [0.8321110010147095, 0.4841969311237335, -0.2704525887966156, 0.6861987684147611, 0.41085952520370483, -0.8657329082489014, -0.2858337461948395, 0.7440906652099942, -0.3725395202636719, 0.1267273724079132, -0.9193228483200073, 2.503090156621094, 0.0, 0.0, 0.0, 1.0, 4.2647, 0.0, 0.5, 0.0, 4.2647, 0.5, 0.0, 0.0, 1.0]], ["frame3.png", [0.8801971673965454, -0.3735162913799286, 0.29281145334243774, -0.7479778988485078, -0.3261658847332001, -0.9242343902587891, -0.1985110640525818, 0.5275434823698941, 0.344773530960083, 0.07922376692295074, -0.9353367686271667, 2.5401234098057555, 0.0, 0.0, 0.0, 1.0, 4.2647, 0.0, 0.5, 0.0, 4.2647, 0.5, 0.0, 0.0, 1.0]], ["frame3_mirror.png", [0.8801971673965454, 0.3735162913799286, -0.29281145334243774, 0.7479778988485078, 0.3261658847332001, -0.9242343902587891, -0.1985110640525818, 0.5275434823698941, -0.344773530960083, 0.07922376692295074, -0.9353367686271667, 2.5401234098057555, 0.0, 0.0, 0.0, 1.0, 4.2647, 0.0, 0.5, 0.0, 4.2647, 0.5, 0.0, 0.0, 1.0]], ["frame4.png", [0.8729398250579834, -0.40353190898895264, 0.2741130590438843, -0.6972921831650728, -0.3503473997116089, -0.9096015095710754, -0.22334221005439758, 0.586707297537995, 0.3394593596458435, 0.0989295244216919, -0.9354038238525391, 2.541566083798049, 0.0, 0.0, 0.0, 1.0, 4.2647, 0.0, 0.5, 0.0, 4.2647, 0.5, 0.0, 0.0, 1.0]], ["frame4_mirror.png", [0.8729398250579834, 0.40353190898895264, -0.2741130590438843, 0.6972921831650728, 0.3503473997116089, -0.9096015095710754, -0.22334221005439758, 0.586707297537995, -0.3394593596458435, 0.0989295244216919, -0.9354038238525391, 2.541566083798049, 0.0, 0.0, 0.0, 1.0, 4.2647, 0.0, 0.5, 0.0, 4.2647, 0.5, 0.0, 0.0, 1.0]]]}