{"labels": [["frame0.png", [0.9878685474395752, 0.1552497297525406, 0.0036441239062696695, -0.013661110976967454, 0.15520519018173218, -0.9862545728683472, -0.0566861629486084, 0.14374258219614036, -0.005206477828323841, 0.05656406283378601, -0.9983854293823242, 2.6961363919710113, 0.0, 0.0, 0.0, 1.0, 4.2647, 0.0, 0.5, 0.0, 4.2647, 0.5, 0.0, 0.0, 1.0]], ["frame0_mirror.png", [0.9878685474395752, -0.1552497297525406, -0.0036441239062696695, 0.013661110976967454, -0.15520519018173218, -0.9862545728683472, -0.0566861629486084, 0.14374258219614036, 0.005206477828323841, 0.05656406283378601, -0.9983854293823242, 2.6961363919710113, 0.0, 0.0, 0.0, 1.0, 4.2647, 0.0, 0.5, 0.0, 4.2647, 0.5, 0.0, 0.0, 1.0]], ["frame1.png", [0.9758405685424805, 0.21258698403835297, -0.05041775852441788, 0.12179566408184268, 0.21339400112628937, -0.9769026637077332, 0.011141454800963402, -0.02992383481623464, -0.04688471555709839, -0.021631130948662758, -0.9986660480499268, 2.697085534483613, 0.0, 0.0, 0.0, 1.0, 4.2647, 0.0, 0.5, 0.0, 4.2647, 0.5, 0.0, 0.0, 1.0]], ["frame1_mirror.png", [0.9758405685424805, -0.21258698403835297, 0.05041775852441788, -0.12179566408184268, -0.21339400112628937, -0.9769026637077332, 0.011141454800963402, -0.02992383481623464, 0.04688471555709839, -0.021631130948662758, -0.9986660480499268, 2.697085534483613, 0.0, 0.0, 0.0, 1.0, 4.2647, 0.0, 0.5, 0.0, 4.2647, 0.5, 0.0, 0.0, 1.0]], ["frame2.png", [0.9788047075271606, 0.19762976467609406, -0.05370153486728668, 0.13219458946675164, 0.19758279621601105, -0.9802663326263428, -0.006235064938664436, 0.014566795017586835, -0.053874045610427856, -0.004507589153945446, -0.998537540435791, 2.6967225291079973, 0.0, 0.0, 0.0, 1.0, 4.2647, 0.0, 0.5, 0.0, 4.2647, 0.5, 0.0, 0.0, 1.0]], ["frame2_mirror.png", [0.9788047075271606, -0.19762976467609406, 0.05370153486728668, -0.13219458946675164, -0.19758279621601105, -0.9802663326263428, -0.006235064938664436, 0.014566795017586835, 0.053874045610427856, -0.004507589153945446, -0.998537540435791, 2.6967225291079973, 0.0, 0.0, 0.0, 1.0, 4.2647, 0.0, 0.5, 0.0, 4.2647, 0.5, 0.0, 0.0, 1.0]], ["frame3.png", [0.9259170889854431, 0.3755556344985962, -0.04044158011674881, 0.10172615795228096, 0.37652990221977234, -0.9261943101882935, 0.01973257213830948, -0.046135016263126834, -0.03004608117043972, -0.033498190343379974, -0.998987078666687, 2.6976885196520874, 0.0, 0.0, 0.0, 1.0, 4.2647, 0.0, 0.5, 0.0, 4.2647, 0.5, 0.0, 0.0, 1.0]], ["frame3_mirror.png", [0.9259170889854431, -0.3755556344985962, 0.04044158011674881, -0.10172615795228096, -0.37652990221977234, -0.9261943101882935, 0.01973257213830948, -0.046135016263126834, 0.03004608117043972, -0.033498190343379974, -0.998987078666687, 2.6976885196520874, 0.0, 0.0, 0.0, 1.0, 4.2647, 0.0, 0.5, 0.0, 4.2647, 0.5, 0.0, 0.0, 1.0]]]}