{"frame0.png": {"intrinsics": [[2985.29, 0.0, 512.0], [0.0, 2985.29, 512.0], [0.0, 0.0, 1.0]], "pose": [[0.9376365542411804, -0.0412503257393837, -0.3451610505580902, 0.936859130859375], [-0.052577488124370575, -0.9983399510383606, -0.023515770211815834, 0.0656939297914505], [-0.3436180353164673, 0.04019694775342941, -0.938248872756958, 2.7121686935424805], [0.0, 0.0, 0.0, 1.0]]}, "frame1.png": {"intrinsics": [[2985.29, 0.0, 512.0], [0.0, 2985.29, 512.0], [0.0, 0.0, 1.0]], "pose": [[0.9515803456306458, -0.09167318046092987, -0.293412446975708, 0.7820594310760498], [-0.09263981133699417, -0.995642900466919, 0.01063188910484314, -0.02466720901429653], [-0.29310867190361023, 0.017064576968550682, -0.9559268355369568, 2.715519666671753], [0.0, 0.0, 0.0, 1.0]]}, "frame10.png": {"intrinsics": [[2985.29, 0.0, 512.0], [0.0, 2985.29, 512.0], [0.0, 0.0, 1.0]], "pose": [[0.9721289277076721, -0.07973382622003555, -0.22047215700149536, 0.5786377787590027], [-0.05843249708414078, -0.993116557598114, 0.10151422768831253, -0.2746064364910126], [-0.22704866528511047, -0.08580216765403748, -0.9700963497161865, 2.7275710105895996], [0.0, 0.0, 0.0, 1.0]]}, "frame11.png": {"intrinsics": [[2985.29, 0.0, 512.0], [0.0, 2985.29, 512.0], [0.0, 0.0, 1.0]], "pose": [[0.9675737619400024, -0.08301237970590591, -0.23855815827846527, 0.6273985505104065], [-0.06380206346511841, -0.994148850440979, 0.0871630609035492, -0.2297334522008896], [-0.24439792335033417, -0.06911619007587433, -0.9672086834907532, 2.732976198196411], [0.0, 0.0, 0.0, 1.0]]}, "frame12.png": {"intrinsics": [[2985.29, 0.0, 512.0], [0.0, 2985.29, 512.0], [0.0, 0.0, 1.0]], "pose": [[0.9621028900146484, -0.08913145959377289, -0.25770822167396545, 0.6745677590370178], [-0.07762854546308517, -0.9954920411109924, 0.054491907358169556, -0.14081083238124847], [-0.2614034414291382, -0.03242131322622299, -0.9646849632263184, 2.712197780609131], [0.0, 0.0, 0.0, 1.0]]}, "frame13.png": {"intrinsics": [[2985.29, 0.0, 512.0], [0.0, 2985.29, 512.0], [0.0, 0.0, 1.0]], "pose": [[0.9558008909225464, -0.08519993722438812, -0.2813994288444519, 0.7531344890594482], [-0.07173094153404236, -0.9957453012466431, 0.05784285441040993, -0.1574980914592743], [-0.2851303815841675, -0.03510120511054993, -0.9578458070755005, 2.7525482177734375], [0.0, 0.0, 0.0, 1.0]]}, "frame14.png": {"intrinsics": [[2985.29, 0.0, 512.0], [0.0, 2985.29, 512.0], [0.0, 0.0, 1.0]], "pose": [[0.9535660147666931, -0.07070059329271317, -0.29276829957962036, 0.7737882733345032], [-0.0530436709523201, -0.9962860941886902, 0.06782624870538712, -0.18438570201396942], [-0.2964763343334198, -0.04914730042219162, -0.9537748098373413, 2.7113115787506104], [0.0, 0.0, 0.0, 1.0]]}, "frame15.png": {"intrinsics": [[2985.29, 0.0, 512.0], [0.0, 2985.29, 512.0], [0.0, 0.0, 1.0]], "pose": [[0.9534186124801636, -0.07087254524230957, -0.2932065725326538, 0.7842254638671875], [-0.051100436598062515, -0.9959061741828918, 0.07456276565790176, -0.20065705478191376], [-0.29729071259498596, -0.05610653758049011, -0.9531370997428894, 2.7333550453186035], [0.0, 0.0, 0.0, 1.0]]}, "frame16.png": {"intrinsics": [[2985.29, 0.0, 512.0], [0.0, 2985.29, 512.0], [0.0, 0.0, 1.0]], "pose": [[0.9505482316017151, -0.06731459498405457, -0.30319446325302124, 0.8145219683647156], [-0.048838935792446136, -0.9964809417724609, 0.06812109798192978, -0.18711163103580475], [-0.3067130744457245, -0.04994469881057739, -0.9504907131195068, 2.733767032623291], [0.0, 0.0, 0.0, 1.0]]}, "frame17.png": {"intrinsics": [[2985.29, 0.0, 512.0], [0.0, 2985.29, 512.0], [0.0, 0.0, 1.0]], "pose": [[0.9448487162590027, -0.0701255053281784, -0.3199114501476288, 0.8629896640777588], [-0.05111125856637955, -0.996411919593811, 0.0674608051776886, -0.18494448065757751], [-0.3234943151473999, -0.04738917574286461, -0.9450427293777466, 2.728797197341919], [0.0, 0.0, 0.0, 1.0]]}, "frame18.png": {"intrinsics": [[2985.29, 0.0, 512.0], [0.0, 2985.29, 512.0], [0.0, 0.0, 1.0]], "pose": [[0.9309899210929871, -0.06922073662281036, -0.3584219515323639, 0.9688266515731812], [-0.04120808094739914, -0.9955094456672668, 0.08522243052721024, -0.23318378627300262], [-0.3627116084098816, -0.0645713359117508, -0.9296616911888123, 2.693434238433838], [0.0, 0.0, 0.0, 1.0]]}, "frame19.png": {"intrinsics": [[2985.29, 0.0, 512.0], [0.0, 2985.29, 512.0], [0.0, 0.0, 1.0]], "pose": [[0.9216147661209106, -0.06376976519823074, -0.3828311562538147, 1.0440120697021484], [-0.02888418361544609, -0.9949431419372559, 0.0961969792842865, -0.26801273226737976], [-0.3870296776294708, -0.07759878784418106, -0.918796181678772, 2.6816489696502686], [0.0, 0.0, 0.0, 1.0]]}, "frame2.png": {"intrinsics": [[2985.29, 0.0, 512.0], [0.0, 2985.29, 512.0], [0.0, 0.0, 1.0]], "pose": [[0.9655713438987732, -0.1241825595498085, -0.22858425974845886, 0.6180533766746521], [-0.11905151605606079, -0.9922295808792114, 0.036156781017780304, -0.0970064029097557], [-0.23129810392856598, -0.007698645815253258, -0.9728524684906006, 2.7921133041381836], [0.0, 0.0, 0.0, 1.0]]}, "frame20.png": {"intrinsics": [[2985.29, 0.0, 512.0], [0.0, 2985.29, 512.0], [0.0, 0.0, 1.0]], "pose": [[0.9243150353431702, -0.0650559514760971, -0.37604448199272156, 1.00150465965271], [-0.010164078325033188, -0.9892101287841797, 0.14615078270435333, -0.3975304663181305], [-0.38149502873420715, -0.1312672346830368, -0.9150030016899109, 2.6190104484558105], [0.0, 0.0, 0.0, 1.0]]}, "frame21.png": {"intrinsics": [[2985.29, 0.0, 512.0], [0.0, 2985.29, 512.0], [0.0, 0.0, 1.0]], "pose": [[0.9290019273757935, -0.06366730481386185, -0.3645572066307068, 0.9637004733085632], [-0.006807904690504074, -0.9878635406494141, 0.15517470240592957, -0.4146095812320709], [-0.3700123429298401, -0.14167572557926178, -0.9181605577468872, 2.6114020347595215], [0.0, 0.0, 0.0, 1.0]]}, "frame22.png": {"intrinsics": [[2985.29, 0.0, 512.0], [0.0, 2985.29, 512.0], [0.0, 0.0, 1.0]], "pose": [[0.9328646659851074, -0.05724845081567764, -0.355648934841156, 0.932892918586731], [-0.014804955571889877, -0.9925498962402344, 0.12093644589185715, -0.3217921853065491], [-0.35992273688316345, -0.10755196213722229, -0.9267622232437134, 2.6211650371551514], [0.0, 0.0, 0.0, 1.0]]}, "frame23.png": {"intrinsics": [[2985.29, 0.0, 512.0], [0.0, 2985.29, 512.0], [0.0, 0.0, 1.0]], "pose": [[0.9372816681861877, -0.05584655702114105, -0.3440700173377991, 0.9038006663322449], [-0.024763818830251694, -0.9952563643455505, 0.09408249706029892, -0.2511807680130005], [-0.34769207239151, -0.07966132462024689, -0.9342185258865356, 2.6428353786468506], [0.0, 0.0, 0.0, 1.0]]}, "frame24.png": {"intrinsics": [[2985.29, 0.0, 512.0], [0.0, 2985.29, 512.0], [0.0, 0.0, 1.0]], "pose": [[0.9378224015235901, -0.05366161838173866, -0.342942476272583, 0.89805006980896], [-0.026051970198750496, -0.9960728883743286, 0.0846169963479042, -0.22695352137088776], [-0.3461363613605499, -0.07042139023542404, -0.9355374574661255, 2.641118049621582], [0.0, 0.0, 0.0, 1.0]]}, "frame25.png": {"intrinsics": [[2985.29, 0.0, 512.0], [0.0, 2985.29, 512.0], [0.0, 0.0, 1.0]], "pose": [[0.9313633441925049, -0.060820162296295166, -0.3589753210544586, 0.9601207971572876], [-0.04015018045902252, -0.9970925450325012, 0.06476469337940216, -0.17889313399791718], [-0.3618706166744232, -0.045906540006399155, -0.9310973286628723, 2.670869827270508], [0.0, 0.0, 0.0, 1.0]]}, "frame26.png": {"intrinsics": [[2985.29, 0.0, 512.0], [0.0, 2985.29, 512.0], [0.0, 0.0, 1.0]], "pose": [[0.9234058856964111, -0.07636605203151703, -0.37615129351615906, 1.0023226737976074], [-0.06809133291244507, -0.9970555901527405, 0.03526574745774269, -0.09362968057394028], [-0.3777368664741516, -0.006951956078410149, -0.925886869430542, 2.6479077339172363], [0.0, 0.0, 0.0, 1.0]]}, "frame27.png": {"intrinsics": [[2985.29, 0.0, 512.0], [0.0, 2985.29, 512.0], [0.0, 0.0, 1.0]], "pose": [[0.9208042621612549, -0.050991520285606384, -0.38667720556259155, 1.0321401357650757], [-0.05117172747850418, -0.9986414313316345, 0.009835333563387394, -0.027008751407265663], [-0.3866533935070038, 0.010730522684752941, -0.922162652015686, 2.6540629863739014], [0.0, 0.0, 0.0, 1.0]]}, "frame28.png": {"intrinsics": [[2985.29, 0.0, 512.0], [0.0, 2985.29, 512.0], [0.0, 0.0, 1.0]], "pose": [[0.9267063736915588, -0.03091786801815033, -0.3745121657848358, 1.0012497901916504], [-0.025165125727653503, -0.999478280544281, 0.0202424768358469, -0.05527219921350479], [-0.3749426305294037, -0.009334186092019081, -0.9270009994506836, 2.6570796966552734], [0.0, 0.0, 0.0, 1.0]]}, "frame29.png": {"intrinsics": [[2985.29, 0.0, 512.0], [0.0, 2985.29, 512.0], [0.0, 0.0, 1.0]], "pose": [[0.9184385538101196, -0.03175416588783264, -0.3942871391773224, 1.0522785186767578], [-0.030359119176864624, -0.9994912147521973, 0.009777197614312172, -0.02346942387521267], [-0.39439696073532104, 0.00299045629799366, -0.9189352989196777, 2.6335244178771973], [0.0, 0.0, 0.0, 1.0]]}, "frame3.png": {"intrinsics": [[2985.29, 0.0, 512.0], [0.0, 2985.29, 512.0], [0.0, 0.0, 1.0]], "pose": [[0.9736976027488708, -0.14663077890872955, -0.17439129948616028, 0.4775468111038208], [-0.14534547924995422, -0.9891749024391174, 0.020189903676509857, -0.05514029040932655], [-0.1754639595746994, 0.005688125267624855, -0.9844694137573242, 2.842162609100342], [0.0, 0.0, 0.0, 1.0]]}, "frame30.png": {"intrinsics": [[2985.29, 0.0, 512.0], [0.0, 2985.29, 512.0], [0.0, 0.0, 1.0]], "pose": [[0.913899302482605, -0.04044060781598091, -0.40392157435417175, 1.079049825668335], [-0.05080704763531685, -0.99859619140625, -0.014974902383983135, 0.04603930935263634], [-0.4027489721775055, 0.03420761227607727, -0.9146710634231567, 2.6212711334228516], [0.0, 0.0, 0.0, 1.0]]}, "frame31.png": {"intrinsics": [[2985.29, 0.0, 512.0], [0.0, 2985.29, 512.0], [0.0, 0.0, 1.0]], "pose": [[0.9207352995872498, -0.04665091633796692, -0.38738882541656494, 1.0296168327331543], [-0.06371455639600754, -0.9974766969680786, -0.03131488338112831, 0.08848347514867783], [-0.3849504590034485, 0.05351502448320389, -0.9213844537734985, 2.6451869010925293], [0.0, 0.0, 0.0, 1.0]]}, "frame32.png": {"intrinsics": [[2985.29, 0.0, 512.0], [0.0, 2985.29, 512.0], [0.0, 0.0, 1.0]], "pose": [[0.9275079965591431, -0.055555179715156555, -0.36965200304985046, 0.9872007966041565], [-0.07164344191551208, -0.9969812631607056, -0.029926512390375137, 0.08522886782884598], [-0.366873562335968, 0.05424021929502487, -0.9286882877349854, 2.6673173904418945], [0.0, 0.0, 0.0, 1.0]]}, "frame33.png": {"intrinsics": [[2985.29, 0.0, 512.0], [0.0, 2985.29, 512.0], [0.0, 0.0, 1.0]], "pose": [[0.917418360710144, -0.06701626628637314, -0.3922402858734131, 1.0510574579238892], [-0.0850372165441513, -0.9959635138511658, -0.028729718178510666, 0.08205708861351013], [-0.3887316584587097, 0.05971219390630722, -0.9194140434265137, 2.6451473236083984], [0.0, 0.0, 0.0, 1.0]]}, "frame34.png": {"intrinsics": [[2985.29, 0.0, 512.0], [0.0, 2985.29, 512.0], [0.0, 0.0, 1.0]], "pose": [[0.9161224961280823, -0.06893116235733032, -0.39492785930633545, 1.076786756515503], [-0.0874338448047638, -0.995747447013855, -0.02902323566377163, 0.08094131946563721], [-0.39124777913093567, 0.061118900775909424, -0.9182536005973816, 2.6830530166625977], [0.0, 0.0, 0.0, 1.0]]}, "frame35.png": {"intrinsics": [[2985.29, 0.0, 512.0], [0.0, 2985.29, 512.0], [0.0, 0.0, 1.0]], "pose": [[0.9175600409507751, -0.07571747153997421, -0.3903209865093231, 1.0389870405197144], [-0.08536941558122635, -0.9963218569755554, -0.007410798687487841, 0.026081906631588936], [-0.38832423090934753, 0.040121328085660934, -0.9206490516662598, 2.630082368850708], [0.0, 0.0, 0.0, 1.0]]}, "frame36.png": {"intrinsics": [[2985.29, 0.0, 512.0], [0.0, 2985.29, 512.0], [0.0, 0.0, 1.0]], "pose": [[0.9207372665405273, -0.07187754660844803, -0.38350558280944824, 1.0249805450439453], [-0.0741657167673111, -0.9972067475318909, 0.00883856788277626, -0.02127574384212494], [-0.3830696940422058, 0.02030496671795845, -0.9234963059425354, 2.659038543701172], [0.0, 0.0, 0.0, 1.0]]}, "frame37.png": {"intrinsics": [[2985.29, 0.0, 512.0], [0.0, 2985.29, 512.0], [0.0, 0.0, 1.0]], "pose": [[0.924338698387146, -0.07268320769071579, -0.37458670139312744, 0.997732400894165], [-0.08049961924552917, -0.9967408776283264, -0.00523936003446579, 0.01484933216124773], [-0.3729850649833679, 0.03499703109264374, -0.9271771311759949, 2.6577446460723877], [0.0, 0.0, 0.0, 1.0]]}, "frame38.png": {"intrinsics": [[2985.29, 0.0, 512.0], [0.0, 2985.29, 512.0], [0.0, 0.0, 1.0]], "pose": [[0.9350327253341675, -0.07990198582410812, -0.34544095396995544, 0.9396266341209412], [-0.09574566781520844, -0.9949827194213867, -0.029018668457865715, 0.08027156442403793], [-0.34138911962509155, 0.06020788103342056, -0.937991738319397, 2.724046468734741], [0.0, 0.0, 0.0, 1.0]]}, "frame39.png": {"intrinsics": [[2985.29, 0.0, 512.0], [0.0, 2985.29, 512.0], [0.0, 0.0, 1.0]], "pose": [[0.9395353198051453, -0.07896045595407486, -0.3332245945930481, 0.9140708446502686], [-0.10000791400671005, -0.9939013719558716, -0.04646134749054909, 0.12915970385074615], [-0.32752373814582825, 0.07697717100381851, -0.9417020678520203, 2.7558979988098145], [0.0, 0.0, 0.0, 1.0]]}, "frame4.png": {"intrinsics": [[2985.29, 0.0, 512.0], [0.0, 2985.29, 512.0], [0.0, 0.0, 1.0]], "pose": [[0.9753677248954773, -0.1615242063999176, -0.1502254158258438, 0.4066963493824005], [-0.16694627702236176, -0.985670804977417, -0.024125821888446808, 0.06576637178659439], [-0.14417590200901031, 0.048611123114824295, -0.9883573651313782, 2.844874858856201], [0.0, 0.0, 0.0, 1.0]]}, "frame40.png": {"intrinsics": [[2985.29, 0.0, 512.0], [0.0, 2985.29, 512.0], [0.0, 0.0, 1.0]], "pose": [[0.9373237490653992, -0.07297515869140625, -0.34073275327682495, 0.924203097820282], [-0.09609033912420273, -0.9940425157546997, -0.051440153270959854, 0.1410549134016037], [-0.33494898676872253, 0.08095719665288925, -0.9387519359588623, 2.725459337234497], [0.0, 0.0, 0.0, 1.0]]}, "frame41.png": {"intrinsics": [[2985.29, 0.0, 512.0], [0.0, 2985.29, 512.0], [0.0, 0.0, 1.0]], "pose": [[0.9369742274284363, -0.06507208198308945, -0.34328559041023254, 0.9470122456550598], [-0.08564970642328262, -0.9953036904335022, -0.04510843753814697, 0.12787899374961853], [-0.3387381136417389, 0.07166774570941925, -0.938147246837616, 2.7704622745513916], [0.0, 0.0, 0.0, 1.0]]}, "frame42.png": {"intrinsics": [[2985.29, 0.0, 512.0], [0.0, 2985.29, 512.0], [0.0, 0.0, 1.0]], "pose": [[0.9426614046096802, -0.06955907493829727, -0.3264215588569641, 0.9355145692825317], [-0.09447227418422699, -0.9936519861221313, -0.061080072075128555, 0.1751990020275116], [-0.3201007544994354, 0.08841561526060104, -0.9432487487792969, 2.871626377105713], [0.0, 0.0, 0.0, 1.0]]}, "frame43.png": {"intrinsics": [[2985.29, 0.0, 512.0], [0.0, 2985.29, 512.0], [0.0, 0.0, 1.0]], "pose": [[0.9539716839790344, -0.10105939954519272, -0.28235629200935364, 0.7963351607322693], [-0.13160938024520874, -0.9870821833610535, -0.09136572480201721, 0.2575528919696808], [-0.2694754898548126, 0.12432104349136353, -0.9549488425254822, 2.852623701095581], [0.0, 0.0, 0.0, 1.0]]}, "frame44.png": {"intrinsics": [[2985.29, 0.0, 512.0], [0.0, 2985.29, 512.0], [0.0, 0.0, 1.0]], "pose": [[0.9509521126747131, -0.10403761267662048, -0.29131805896759033, 0.8163490295410156], [-0.13769297301769257, -0.9856680631637573, -0.0974634438753128, 0.2713484466075897], [-0.27700304985046387, 0.1327955275774002, -0.9516484141349792, 2.823472738265991], [0.0, 0.0, 0.0, 1.0]]}, "frame45.png": {"intrinsics": [[2985.29, 0.0, 512.0], [0.0, 2985.29, 512.0], [0.0, 0.0, 1.0]], "pose": [[0.9449366927146912, -0.08412207663059235, -0.31625625491142273, 0.8581757545471191], [-0.12224522233009338, -0.987174928188324, -0.10267241299152374, 0.2863673269748688], [-0.3035632073879242, 0.13567975163459778, -0.9431014060974121, 2.7353017330169678], [0.0, 0.0, 0.0, 1.0]]}, "frame46.png": {"intrinsics": [[2985.29, 0.0, 512.0], [0.0, 2985.29, 512.0], [0.0, 0.0, 1.0]], "pose": [[0.9438697099685669, -0.07063627243041992, -0.32267704606056213, 0.8849114775657654], [-0.1025148332118988, -0.9912734031677246, -0.08287166804075241, 0.23433618247509003], [-0.314007431268692, 0.11129923909902573, -0.9428741931915283, 2.7613704204559326], [0.0, 0.0, 0.0, 1.0]]}, "frame47.png": {"intrinsics": [[2985.29, 0.0, 512.0], [0.0, 2985.29, 512.0], [0.0, 0.0, 1.0]], "pose": [[0.940822958946228, -0.07374196499586105, -0.3307783603668213, 0.8995681405067444], [-0.107450470328331, -0.990588903427124, -0.08478152751922607, 0.23639199137687683], [-0.32141342759132385, 0.11530669033527374, -0.9398924112319946, 2.7408783435821533], [0.0, 0.0, 0.0, 1.0]]}, "frame48.png": {"intrinsics": [[2985.29, 0.0, 512.0], [0.0, 2985.29, 512.0], [0.0, 0.0, 1.0]], "pose": [[0.9401423335075378, -0.07626131922006607, -0.33213940262794495, 0.9082232117652893], [-0.11245870590209961, -0.9894683957099915, -0.0911334753036499, 0.2565189003944397], [-0.32169148325920105, 0.1230304017663002, -0.9388174414634705, 2.7491660118103027], [0.0, 0.0, 0.0, 1.0]]}, "frame49.png": {"intrinsics": [[2985.29, 0.0, 512.0], [0.0, 2985.29, 512.0], [0.0, 0.0, 1.0]], "pose": [[0.9397669434547424, -0.07529737800359726, -0.3334193825721741, 0.8981024622917175], [-0.11119809746742249, -0.9897230267524719, -0.08990701287984848, 0.24813055992126465], [-0.3232230842113495, 0.12156723439693451, -0.938481867313385, 2.699603796005249], [0.0, 0.0, 0.0, 1.0]]}, "frame5.png": {"intrinsics": [[2985.29, 0.0, 512.0], [0.0, 2985.29, 512.0], [0.0, 0.0, 1.0]], "pose": [[0.9771093726158142, -0.1664285659790039, -0.13250961899757385, 0.35416528582572937], [-0.17095281183719635, -0.9850001335144043, -0.023450620472431183, 0.06531845033168793], [-0.1266191303730011, 0.04556671157479286, -0.9909042716026306, 2.804990530014038], [0.0, 0.0, 0.0, 1.0]]}, "frame6.png": {"intrinsics": [[2985.29, 0.0, 512.0], [0.0, 2985.29, 512.0], [0.0, 0.0, 1.0]], "pose": [[0.9830464720726013, -0.14576394855976105, -0.1112317219376564, 0.29769110679626465], [-0.1469528079032898, -0.9891403317451477, -0.0025212718173861504, 0.007054135203361511], [-0.10965626686811447, 0.018824342638254166, -0.9937912821769714, 2.8059544563293457], [0.0, 0.0, 0.0, 1.0]]}, "frame7.png": {"intrinsics": [[2985.29, 0.0, 512.0], [0.0, 2985.29, 512.0], [0.0, 0.0, 1.0]], "pose": [[0.9871408939361572, -0.12229728698730469, -0.1029379665851593, 0.27740445733070374], [-0.12027455866336823, -0.9924090504646301, 0.025656314566731453, -0.06721802800893784], [-0.10529427230358124, -0.01294557936489582, -0.9943568706512451, 2.8153164386749268], [0.0, 0.0, 0.0, 1.0]]}, "frame8.png": {"intrinsics": [[2985.29, 0.0, 512.0], [0.0, 2985.29, 512.0], [0.0, 0.0, 1.0]], "pose": [[0.984336793422699, -0.1115824282169342, -0.13649310171604156, 0.3596867620944977], [-0.10607052594423294, -0.9932456612586975, 0.047032710164785385, -0.12449654936790466], [-0.14081920683383942, -0.03181813284754753, -0.9895238876342773, 2.7777388095855713], [0.0, 0.0, 0.0, 1.0]]}, "frame9.png": {"intrinsics": [[2985.29, 0.0, 512.0], [0.0, 2985.29, 512.0], [0.0, 0.0, 1.0]], "pose": [[0.978059709072113, -0.09004329144954681, -0.18786025047302246, 0.5001301169395447], [-0.07595504075288773, -0.9938236474990845, 0.08090367168188095, -0.2192903459072113], [-0.19398479163646698, -0.06485968083143234, -0.9788581132888794, 2.7828385829925537], [0.0, 0.0, 0.0, 1.0]]}}