{"labels": [["frame0.png", [0.9971845149993896, 0.04858177900314331, 0.05712087079882622, -0.1463589915043849, 0.04659293591976166, -0.9982776045799255, 0.03564979135990143, -0.08852680711311914, 0.058754414319992065, -0.03288799151778221, -0.9977304935455322, 2.6945764138409913, 0.0, 0.0, 0.0, 1.0, 4.2647, 0.0, 0.5, 0.0, 4.2647, 0.5, 0.0, 0.0, 1.0]], ["frame0_mirror.png", [0.9971845149993896, -0.04858177900314331, -0.05712087079882622, 0.1463589915043849, -0.04659293591976166, -0.9982776045799255, 0.03564979135990143, -0.08852680711311914, -0.058754414319992065, -0.03288799151778221, -0.9977304935455322, 2.6945764138409913, 0.0, 0.0, 0.0, 1.0, 4.2647, 0.0, 0.5, 0.0, 4.2647, 0.5, 0.0, 0.0, 1.0]], ["frame1.png", [0.9966240525245667, -0.0020839092321693897, 0.08207371085882187, -0.2127952195613264, -0.0038734041154384613, -0.9997580647468567, 0.02165032923221588, -0.05550236933989429, 0.0820087417960167, -0.021895142272114754, -0.9963910579681396, 2.691029111981048, 0.0, 0.0, 0.0, 1.0, 4.2647, 0.0, 0.5, 0.0, 4.2647, 0.5, 0.0, 0.0, 1.0]], ["frame1_mirror.png", [0.9966240525245667, 0.0020839092321693897, -0.08207371085882187, 0.2127952195613264, 0.0038734041154384613, -0.9997580647468567, 0.02165032923221588, -0.05550236933989429, -0.0820087417960167, -0.021895142272114754, -0.9963910579681396, 2.691029111981048, 0.0, 0.0, 0.0, 1.0, 4.2647, 0.0, 0.5, 0.0, 4.2647, 0.5, 0.0, 0.0, 1.0]], ["frame2.png", [0.9939762353897095, -0.03604322671890259, 0.10349932312965393, -0.2649961824333164, -0.030825693160295486, -0.9981932640075684, -0.05157618597149849, 0.12818832415064854, 0.10517130047082901, 0.04807506874203682, -0.9932913780212402, 2.6839047629987203, 0.0, 0.0, 0.0, 1.0, 4.2647, 0.0, 0.5, 0.0, 4.2647, 0.5, 0.0, 0.0, 1.0]], ["frame2_mirror.png", [0.9939762353897095, 0.03604322671890259, -0.10349932312965393, 0.2649961824333164, 0.030825693160295486, -0.9981932640075684, -0.05157618597149849, 0.12818832415064854, -0.10517130047082901, 0.04807506874203682, -0.9932913780212402, 2.6839047629987203, 0.0, 0.0, 0.0, 1.0, 4.2647, 0.0, 0.5, 0.0, 4.2647, 0.5, 0.0, 0.0, 1.0]], ["frame3.png", [0.9684360027313232, -0.12303707748651505, 0.21677996218204498, -0.5560412939278776, -0.0702371597290039, -0.9691436290740967, -0.23627831041812897, 0.6038992842732717, 0.2391619086265564, 0.21359440684318542, -0.9471953511238098, 2.5721826789521076, 0.0, 0.0, 0.0, 1.0, 4.2647, 0.0, 0.5, 0.0, 4.2647, 0.5, 0.0, 0.0, 1.0]], ["frame3_mirror.png", [0.9684360027313232, 0.12303707748651505, -0.21677996218204498, 0.5560412939278776, 0.0702371597290039, -0.9691436290740967, -0.23627831041812897, 0.6038992842732717, -0.2391619086265564, 0.21359440684318542, -0.9471953511238098, 2.5721826789521076, 0.0, 0.0, 0.0, 1.0, 4.2647, 0.0, 0.5, 0.0, 4.2647, 0.5, 0.0, 0.0, 1.0]]]}