{"labels": [["frame0.png", [0.990787923336029, 0.06093679368495941, -0.12093755602836609, 0.3107038678471453, 0.07404132187366486, -0.9914980530738831, 0.10700181871652603, -0.27053357896424923, -0.11338900029659271, -0.11497049778699875, -0.9868762493133545, 2.668384284385894, 0.0, 0.0, 0.0, 1.0, 4.2647, 0.0, 0.5, 0.0, 4.2647, 0.5, 0.0, 0.0, 1.0]], ["frame0_mirror.png", [0.990787923336029, -0.06093679368495941, 0.12093755602836609, -0.3107038678471453, -0.07404132187366486, -0.9914980530738831, 0.10700181871652603, -0.27053357896424923, 0.11338900029659271, -0.11497049778699875, -0.9868762493133545, 2.668384284385894, 0.0, 0.0, 0.0, 1.0, 4.2647, 0.0, 0.5, 0.0, 4.2647, 0.5, 0.0, 0.0, 1.0]], ["frame1.png", [0.9969960451126099, -0.062327463179826736, 0.045980896800756454, -0.11638773648447875, -0.06089639663696289, -0.9976344108581543, -0.031894899904727936, 0.07317729874934369, 0.047860052436590195, 0.02899901568889618, -0.998432993888855, 2.696497538983444, 0.0, 0.0, 0.0, 1.0, 4.2647, 0.0, 0.5, 0.0, 4.2647, 0.5, 0.0, 0.0, 1.0]], ["frame1_mirror.png", [0.9969960451126099, 0.062327463179826736, -0.045980896800756454, 0.11638773648447875, 0.06089639663696289, -0.9976344108581543, -0.031894899904727936, 0.07317729874934369, -0.047860052436590195, 0.02899901568889618, -0.998432993888855, 2.696497538983444, 0.0, 0.0, 0.0, 1.0, 4.2647, 0.0, 0.5, 0.0, 4.2647, 0.5, 0.0, 0.0, 1.0]], ["frame2.png", [0.7953233122825623, -0.006656143348664045, -0.6061489582061768, 1.5609395893953564, -0.0706619992852211, -0.9941408038139343, -0.08179835230112076, 0.20927742914773795, -0.6020529270172119, 0.10788783431053162, -0.7911336421966553, 2.193096111871883, 0.0, 0.0, 0.0, 1.0, 4.2647, 0.0, 0.5, 0.0, 4.2647, 0.5, 0.0, 0.0, 1.0]], ["frame2_mirror.png", [0.7953233122825623, 0.006656143348664045, 0.6061489582061768, -1.5609395893953564, 0.0706619992852211, -0.9941408038139343, -0.08179835230112076, 0.20927742914773795, 0.6020529270172119, 0.10788783431053162, -0.7911336421966553, 2.193096111871883, 0.0, 0.0, 0.0, 1.0, 4.2647, 0.0, 0.5, 0.0, 4.2647, 0.5, 0.0, 0.0, 1.0]], ["frame3.png", [0.8593097925186157, 0.015039901249110699, -0.5112342834472656, 1.306407119423711, -0.03336106985807419, -0.9957906603813171, -0.0853700339794159, 0.22878384609834787, -0.5103662610054016, 0.0904146283864975, -0.8551909327507019, 2.3517989688924286, 0.0, 0.0, 0.0, 1.0, 4.2647, 0.0, 0.5, 0.0, 4.2647, 0.5, 0.0, 0.0, 1.0]], ["frame3_mirror.png", [0.8593097925186157, -0.015039901249110699, 0.5112342834472656, -1.306407119423711, 0.03336106985807419, -0.9957906603813171, -0.0853700339794159, 0.22878384609834787, 0.5103662610054016, 0.0904146283864975, -0.8551909327507019, 2.3517989688924286, 0.0, 0.0, 0.0, 1.0, 4.2647, 0.0, 0.5, 0.0, 4.2647, 0.5, 0.0, 0.0, 1.0]]]}