{"labels": [["frame0.png", [0.8874800801277161, -0.03226027637720108, -0.4597155451774597, 1.1726923170644903, -0.03359558433294296, -0.9994215965270996, 0.005277622025460005, -0.01373306378891659, -0.4596199095249176, 0.010760627686977386, -0.8880505561828613, 2.4319959153865547, 0.0, 0.0, 0.0, 1.0, 4.2647, 0.0, 0.5, 0.0, 4.2647, 0.5, 0.0, 0.0, 1.0]], ["frame0_mirror.png", [0.8874800801277161, 0.03226027637720108, 0.4597155451774597, -1.1726923170644903, 0.03359558433294296, -0.9994215965270996, 0.005277622025460005, -0.01373306378891659, 0.4596199095249176, 0.010760627686977386, -0.8880505561828613, 2.4319959153865547, 0.0, 0.0, 0.0, 1.0, 4.2647, 0.0, 0.5, 0.0, 4.2647, 0.5, 0.0, 0.0, 1.0]], ["frame1.png", [0.9327424168586731, 0.05756900832056999, -0.3559178113937378, 0.9062697455540762, 0.038971997797489166, -0.9974846243858337, -0.059208519756793976, 0.15124520226966337, -0.3584311306476593, 0.04135546460747719, -0.9326397180557251, 2.538858018299519, 0.0, 0.0, 0.0, 1.0, 4.2647, 0.0, 0.5, 0.0, 4.2647, 0.5, 0.0, 0.0, 1.0]], ["frame1_mirror.png", [0.9327424168586731, -0.05756900832056999, 0.3559178113937378, -0.9062697455540762, -0.038971997797489166, -0.9974846243858337, -0.059208519756793976, 0.15124520226966337, 0.3584311306476593, 0.04135546460747719, -0.9326397180557251, 2.538858018299519, 0.0, 0.0, 0.0, 1.0, 4.2647, 0.0, 0.5, 0.0, 4.2647, 0.5, 0.0, 0.0, 1.0]]]}