{"labels": [["frame0.png", [0.9947452545166016, 0.09537628293037415, 0.037218738347291946, -0.09363168446631154, 0.09871324151754379, -0.9899208545684814, -0.10154986381530762, 0.25639570042439835, 0.027158156037330627, 0.10469022393226624, -0.9941340088844299, 2.686167223474347, 0.0, 0.0, 0.0, 1.0, 4.2647, 0.0, 0.5, 0.0, 4.2647, 0.5, 0.0, 0.0, 1.0]], ["frame0_mirror.png", [0.9947452545166016, -0.09537628293037415, -0.037218738347291946, 0.09363168446631154, -0.09871324151754379, -0.9899208545684814, -0.10154986381530762, 0.25639570042439835, -0.027158156037330627, 0.10469022393226624, -0.9941340088844299, 2.686167223474347, 0.0, 0.0, 0.0, 1.0, 4.2647, 0.0, 0.5, 0.0, 4.2647, 0.5, 0.0, 0.0, 1.0]], ["frame1.png", [0.9965618848800659, 0.08041761070489883, 0.019934656098484993, -0.05384110823872777, 0.08209341764450073, -0.9909096360206604, -0.10657746344804764, 0.2729562353726187, 0.011182737536728382, 0.10784754157066345, -0.9941045641899109, 2.685627678706569, 0.0, 0.0, 0.0, 1.0, 4.2647, 0.0, 0.5, 0.0, 4.2647, 0.5, 0.0, 0.0, 1.0]], ["frame1_mirror.png", [0.9965618848800659, -0.08041761070489883, -0.019934656098484993, 0.05384110823872777, -0.08209341764450073, -0.9909096360206604, -0.10657746344804764, 0.2729562353726187, -0.011182737536728382, 0.10784754157066345, -0.9941045641899109, 2.685627678706569, 0.0, 0.0, 0.0, 1.0, 4.2647, 0.0, 0.5, 0.0, 4.2647, 0.5, 0.0, 0.0, 1.0]], ["frame2.png", [0.998202919960022, 0.030484462156891823, 0.05159057304263115, -0.12818862541192125, 0.0346660315990448, -0.9960126280784607, -0.0822015330195427, 0.21301228409726308, 0.0488789938390255, 0.08384225517511368, -0.9952794909477234, 2.6885299780993086, 0.0, 0.0, 0.0, 1.0, 4.2647, 0.0, 0.5, 0.0, 4.2647, 0.5, 0.0, 0.0, 1.0]], ["frame2_mirror.png", [0.998202919960022, -0.030484462156891823, -0.05159057304263115, 0.12818862541192125, -0.0346660315990448, -0.9960126280784607, -0.0822015330195427, 0.21301228409726308, -0.0488789938390255, 0.08384225517511368, -0.9952794909477234, 2.6885299780993086, 0.0, 0.0, 0.0, 1.0, 4.2647, 0.0, 0.5, 0.0, 4.2647, 0.5, 0.0, 0.0, 1.0]]]}