{"labels": [["frame0.png", [0.976747453212738, -0.1974020153284073, -0.0836469754576683, 0.21579393736525843, -0.18095827102661133, -0.9683139324188232, 0.17211131751537323, -0.43888752672020326, -0.11497165262699127, -0.15297269821166992, -0.9815196990966797, 2.6553362716397753, 0.0, 0.0, 0.0, 1.0, 4.2647, 0.0, 0.5, 0.0, 4.2647, 0.5, 0.0, 0.0, 1.0]], ["frame0_mirror.png", [0.976747453212738, 0.1974020153284073, 0.0836469754576683, -0.21579393736525843, 0.18095827102661133, -0.9683139324188232, 0.17211131751537323, -0.43888752672020326, 0.11497165262699127, -0.15297269821166992, -0.9815196990966797, 2.6553362716397753, 0.0, 0.0, 0.0, 1.0, 4.2647, 0.0, 0.5, 0.0, 4.2647, 0.5, 0.0, 0.0, 1.0]], ["frame1.png", [0.9570174813270569, -0.24981294572353363, -0.14734654128551483, 0.37405317203493094, -0.24068936705589294, -0.9675359129905701, 0.07709075510501862, -0.19379641868555775, -0.16182135045528412, -0.038312461227178574, -0.9860760569572449, 2.6669321649781903, 0.0, 0.0, 0.0, 1.0, 4.2647, 0.0, 0.5, 0.0, 4.2647, 0.5, 0.0, 0.0, 1.0]], ["frame1_mirror.png", [0.9570174813270569, 0.24981294572353363, 0.14734654128551483, -0.37405317203493094, 0.24068936705589294, -0.9675359129905701, 0.07709075510501862, -0.19379641868555775, 0.16182135045528412, -0.038312461227178574, -0.9860760569572449, 2.6669321649781903, 0.0, 0.0, 0.0, 1.0, 4.2647, 0.0, 0.5, 0.0, 4.2647, 0.5, 0.0, 0.0, 1.0]], ["frame2.png", [0.9283096790313721, -0.18999049067497253, -0.31960082054138184, 0.8161180770717218, -0.2052348256111145, -0.9786071181297302, -0.014378678984940052, 0.033586652607471464, -0.31003180146217346, 0.07894109189510345, -0.9474431276321411, 2.5734846455814306, 0.0, 0.0, 0.0, 1.0, 4.2647, 0.0, 0.5, 0.0, 4.2647, 0.5, 0.0, 0.0, 1.0]], ["frame2_mirror.png", [0.9283096790313721, 0.18999049067497253, 0.31960082054138184, -0.8161180770717218, 0.2052348256111145, -0.9786071181297302, -0.014378678984940052, 0.033586652607471464, 0.31003180146217346, 0.07894109189510345, -0.9474431276321411, 2.5734846455814306, 0.0, 0.0, 0.0, 1.0, 4.2647, 0.0, 0.5, 0.0, 4.2647, 0.5, 0.0, 0.0, 1.0]]]}