{"labels": [["frame0.png", [0.9870728850364685, 0.12843497097492218, -0.09587210416793823, 0.2419774210081204, 0.11002445966005325, -0.9779759049415588, -0.17736294865608215, 0.45602190391357056, -0.11654021590948105, 0.16452188789844513, -0.979464590549469, 2.6501869652674133, 0.0, 0.0, 0.0, 1.0, 4.2647, 0.0, 0.5, 0.0, 4.2647, 0.5, 0.0, 0.0, 1.0]], ["frame0_mirror.png", [0.9870728850364685, -0.12843497097492218, 0.09587210416793823, -0.2419774210081204, -0.11002445966005325, -0.9779759049415588, -0.17736294865608215, 0.45602190391357056, 0.11654021590948105, 0.16452188789844513, -0.979464590549469, 2.6501869652674133, 0.0, 0.0, 0.0, 1.0, 4.2647, 0.0, 0.5, 0.0, 4.2647, 0.5, 0.0, 0.0, 1.0]], ["frame1.png", [0.9868869185447693, 0.12764306366443634, -0.09880026429891586, 0.2489190820033465, 0.10524897277355194, -0.9729442596435547, -0.20567506551742554, 0.5293168257682216, -0.12238014489412308, 0.19257940351963043, -0.9736201763153076, 2.6358799268125375, 0.0, 0.0, 0.0, 1.0, 4.2647, 0.0, 0.5, 0.0, 4.2647, 0.5, 0.0, 0.0, 1.0]], ["frame1_mirror.png", [0.9868869185447693, -0.12764306366443634, 0.09880026429891586, -0.2489190820033465, -0.10524897277355194, -0.9729442596435547, -0.20567506551742554, 0.5293168257682216, 0.12238014489412308, 0.19257940351963043, -0.9736201763153076, 2.6358799268125375, 0.0, 0.0, 0.0, 1.0, 4.2647, 0.0, 0.5, 0.0, 4.2647, 0.5, 0.0, 0.0, 1.0]], ["frame10.png", [0.9903368949890137, 0.08829598128795624, -0.10694196075201035, 0.27075861958160835, 0.07250647991895676, -0.9869963526725769, -0.14346066117286682, 0.369830626184256, -0.1182183250784874, 0.13432040810585022, -0.983860969543457, 2.6608109812345604, 0.0, 0.0, 0.0, 1.0, 4.2647, 0.0, 0.5, 0.0, 4.2647, 0.5, 0.0, 0.0, 1.0]], ["frame10_mirror.png", [0.9903368949890137, -0.08829598128795624, 0.10694196075201035, -0.27075861958160835, -0.07250647991895676, -0.9869963526725769, -0.14346066117286682, 0.369830626184256, 0.1182183250784874, 0.13432040810585022, -0.983860969543457, 2.6608109812345604, 0.0, 0.0, 0.0, 1.0, 4.2647, 0.0, 0.5, 0.0, 4.2647, 0.5, 0.0, 0.0, 1.0]], ["frame11.png", [0.9904444813728333, 0.08709316700696945, -0.10693280398845673, 0.27111937789862334, 0.06857161223888397, -0.9837253093719482, -0.1660798192024231, 0.43534792225032937, -0.11965692043304443, 0.15716028213500977, -0.9802973866462708, 2.650842596141873, 0.0, 0.0, 0.0, 1.0, 4.2647, 0.0, 0.5, 0.0, 4.2647, 0.5, 0.0, 0.0, 1.0]], ["frame11_mirror.png", [0.9904444813728333, -0.08709316700696945, 0.10693280398845673, -0.27111937789862334, -0.06857161223888397, -0.9837253093719482, -0.1660798192024231, 0.43534792225032937, 0.11965692043304443, 0.15716028213500977, -0.9802973866462708, 2.650842596141873, 0.0, 0.0, 0.0, 1.0, 4.2647, 0.0, 0.5, 0.0, 4.2647, 0.5, 0.0, 0.0, 1.0]], ["frame12.png", [0.9874826073646545, 0.08746694773435593, -0.1312541663646698, 0.3295877012471031, 0.06725945323705673, -0.9862146377563477, -0.15118485689163208, 0.3865590435259883, -0.1426684558391571, 0.14046432077884674, -0.979752779006958, 2.651781298119233, 0.0, 0.0, 0.0, 1.0, 4.2647, 0.0, 0.5, 0.0, 4.2647, 0.5, 0.0, 0.0, 1.0]], ["frame12_mirror.png", [0.9874826073646545, -0.08746694773435593, 0.1312541663646698, -0.3295877012471031, -0.06725945323705673, -0.9862146377563477, -0.15118485689163208, 0.3865590435259883, 0.1426684558391571, 0.14046432077884674, -0.979752779006958, 2.651781298119233, 0.0, 0.0, 0.0, 1.0, 4.2647, 0.0, 0.5, 0.0, 4.2647, 0.5, 0.0, 0.0, 1.0]], ["frame13.png", [0.9884143471717834, 0.07130084931850433, -0.13398979604244232, 0.3362741320606754, 0.05325152724981308, -0.9895810484886169, -0.13376691937446594, 0.3410675574662769, -0.14213144779205322, 0.12508197128772736, -0.9819130301475525, 2.657177568276315, 0.0, 0.0, 0.0, 1.0, 4.2647, 0.0, 0.5, 0.0, 4.2647, 0.5, 0.0, 0.0, 1.0]], ["frame13_mirror.png", [0.9884143471717834, -0.07130084931850433, 0.13398979604244232, -0.3362741320606754, -0.05325152724981308, -0.9895810484886169, -0.13376691937446594, 0.3410675574662769, 0.14213144779205322, 0.12508197128772736, -0.9819130301475525, 2.657177568276315, 0.0, 0.0, 0.0, 1.0, 4.2647, 0.0, 0.5, 0.0, 4.2647, 0.5, 0.0, 0.0, 1.0]], ["frame14.png", [0.9928147792816162, 0.07504776120185852, -0.09320217370986938, 0.23451561961416592, 0.05715712159872055, -0.9817044734954834, -0.1816297173500061, 0.4669670944851799, -0.10512788593769073, 0.1749974936246872, -0.9789401888847351, 2.6489515202859137, 0.0, 0.0, 0.0, 1.0, 4.2647, 0.0, 0.5, 0.0, 4.2647, 0.5, 0.0, 0.0, 1.0]], ["frame14_mirror.png", [0.9928147792816162, -0.07504776120185852, 0.09320217370986938, -0.23451561961416592, -0.05715712159872055, -0.9817044734954834, -0.1816297173500061, 0.4669670944851799, 0.10512788593769073, 0.1749974936246872, -0.9789401888847351, 2.6489515202859137, 0.0, 0.0, 0.0, 1.0, 4.2647, 0.0, 0.5, 0.0, 4.2647, 0.5, 0.0, 0.0, 1.0]], ["frame15.png", [0.9915441274642944, 0.10119380056858063, -0.0812409371137619, 0.2022793995788189, 0.08214180916547775, -0.9740777015686035, -0.2107730209827423, 0.5367900693238046, -0.10046390444040298, 0.20231746137142181, -0.9741532802581787, 2.6383592374772205, 0.0, 0.0, 0.0, 1.0, 4.2647, 0.0, 0.5, 0.0, 4.2647, 0.5, 0.0, 0.0, 1.0]], ["frame15_mirror.png", [0.9915441274642944, -0.10119380056858063, 0.0812409371137619, -0.2022793995788189, -0.08214180916547775, -0.9740777015686035, -0.2107730209827423, 0.5367900693238046, 0.10046390444040298, 0.20231746137142181, -0.9741532802581787, 2.6383592374772205, 0.0, 0.0, 0.0, 1.0, 4.2647, 0.0, 0.5, 0.0, 4.2647, 0.5, 0.0, 0.0, 1.0]], ["frame16.png", [0.9903156757354736, 0.1114499568939209, -0.08278734236955643, 0.20653107991903152, 0.09215357899665833, -0.973684549331665, -0.20843729376792908, 0.5307578748534733, -0.10383908450603485, 0.198789581656456, -0.9745256304740906, 2.639250081236809, 0.0, 0.0, 0.0, 1.0, 4.2647, 0.0, 0.5, 0.0, 4.2647, 0.5, 0.0, 0.0, 1.0]], ["frame16_mirror.png", [0.9903156757354736, -0.1114499568939209, 0.08278734236955643, -0.20653107991903152, -0.09215357899665833, -0.973684549331665, -0.20843729376792908, 0.5307578748534733, 0.10383908450603485, 0.198789581656456, -0.9745256304740906, 2.639250081236809, 0.0, 0.0, 0.0, 1.0, 4.2647, 0.0, 0.5, 0.0, 4.2647, 0.5, 0.0, 0.0, 1.0]], ["frame17.png", [0.991333544254303, 0.10271687805652618, -0.08189640939235687, 0.20339129535433945, 0.0818549394607544, -0.9705690741539001, -0.22648468613624573, 0.5806558981190314, -0.10274992883205414, 0.2178182303905487, -0.9705656170845032, 2.6289676127624064, 0.0, 0.0, 0.0, 1.0, 4.2647, 0.0, 0.5, 0.0, 4.2647, 0.5, 0.0, 0.0, 1.0]], ["frame17_mirror.png", [0.991333544254303, -0.10271687805652618, 0.08189640939235687, -0.20339129535433945, -0.0818549394607544, -0.9705690741539001, -0.22648468613624573, 0.5806558981190314, 0.10274992883205414, 0.2178182303905487, -0.9705656170845032, 2.6289676127624064, 0.0, 0.0, 0.0, 1.0, 4.2647, 0.0, 0.5, 0.0, 4.2647, 0.5, 0.0, 0.0, 1.0]], ["frame18.png", [0.9919705986976624, 0.09745687991380692, -0.08060126006603241, 0.20126215297444172, 0.07597069442272186, -0.9687051177024841, -0.23630256950855255, 0.6041080702303958, -0.10110817104578018, 0.22828185558319092, -0.9683308005332947, 2.623842027497578, 0.0, 0.0, 0.0, 1.0, 4.2647, 0.0, 0.5, 0.0, 4.2647, 0.5, 0.0, 0.0, 1.0]], ["frame18_mirror.png", [0.9919705986976624, -0.09745687991380692, 0.08060126006603241, -0.20126215297444172, -0.07597069442272186, -0.9687051177024841, -0.23630256950855255, 0.6041080702303958, 0.10110817104578018, 0.22828185558319092, -0.9683308005332947, 2.623842027497578, 0.0, 0.0, 0.0, 1.0, 4.2647, 0.0, 0.5, 0.0, 4.2647, 0.5, 0.0, 0.0, 1.0]], ["frame19.png", [0.9923169016838074, 0.08633740991353989, -0.08861639350652695, 0.2193968426661932, 0.06457890570163727, -0.9723924994468689, -0.2242373824119568, 0.5768992038051434, -0.10552999377250671, 0.2167918086051941, -0.9704971313476562, 2.6285076248847177, 0.0, 0.0, 0.0, 1.0, 4.2647, 0.0, 0.5, 0.0, 4.2647, 0.5, 0.0, 0.0, 1.0]], ["frame19_mirror.png", [0.9923169016838074, -0.08633740991353989, 0.08861639350652695, -0.2193968426661932, -0.06457890570163727, -0.9723924994468689, -0.2242373824119568, 0.5768992038051434, 0.10552999377250671, 0.2167918086051941, -0.9704971313476562, 2.6285076248847177, 0.0, 0.0, 0.0, 1.0, 4.2647, 0.0, 0.5, 0.0, 4.2647, 0.5, 0.0, 0.0, 1.0]], ["frame2.png", [0.9846057295799255, 0.10917596518993378, -0.13649959862232208, 0.3412324895067849, 0.08518625795841217, -0.9816388487815857, -0.170670747756958, 0.4401366940854884, -0.15262645483016968, 0.15641552209854126, -0.9758275151252747, 2.641938696984565, 0.0, 0.0, 0.0, 1.0, 4.2647, 0.0, 0.5, 0.0, 4.2647, 0.5, 0.0, 0.0, 1.0]], ["frame2_mirror.png", [0.9846057295799255, -0.10917596518993378, 0.13649959862232208, -0.3412324895067849, -0.08518625795841217, -0.9816388487815857, -0.170670747756958, 0.4401366940854884, 0.15262645483016968, 0.15641552209854126, -0.9758275151252747, 2.641938696984565, 0.0, 0.0, 0.0, 1.0, 4.2647, 0.0, 0.5, 0.0, 4.2647, 0.5, 0.0, 0.0, 1.0]], ["frame20.png", [0.9926575422286987, 0.07638165354728699, -0.093791164457798, 0.23539123478605808, 0.054514992982149124, -0.9746927618980408, -0.21679998934268951, 0.5614196914250613, -0.10797710716724396, 0.2100951373577118, -0.9717000722885132, 2.6304750325114448, 0.0, 0.0, 0.0, 1.0, 4.2647, 0.0, 0.5, 0.0, 4.2647, 0.5, 0.0, 0.0, 1.0]], ["frame20_mirror.png", [0.9926575422286987, -0.07638165354728699, 0.093791164457798, -0.23539123478605808, -0.054514992982149124, -0.9746927618980408, -0.21679998934268951, 0.5614196914250613, 0.10797710716724396, 0.2100951373577118, -0.9717000722885132, 2.6304750325114448, 0.0, 0.0, 0.0, 1.0, 4.2647, 0.0, 0.5, 0.0, 4.2647, 0.5, 0.0, 0.0, 1.0]], ["frame21.png", [0.9922350645065308, 0.0701478123664856, -0.10270749032497406, 0.26107611496641897, 0.046671777963638306, -0.97542804479599, -0.21531802415847778, 0.5595860774070739, -0.11528786271810532, 0.20885255932807922, -0.9711278676986694, 2.6284411129348526, 0.0, 0.0, 0.0, 1.0, 4.2647, 0.0, 0.5, 0.0, 4.2647, 0.5, 0.0, 0.0, 1.0]], ["frame21_mirror.png", [0.9922350645065308, -0.0701478123664856, 0.10270749032497406, -0.26107611496641897, -0.046671777963638306, -0.97542804479599, -0.21531802415847778, 0.5595860774070739, 0.11528786271810532, 0.20885255932807922, -0.9711278676986694, 2.6284411129348526, 0.0, 0.0, 0.0, 1.0, 4.2647, 0.0, 0.5, 0.0, 4.2647, 0.5, 0.0, 0.0, 1.0]], ["frame22.png", [0.9915134906768799, 0.07032085955142975, -0.10934290289878845, 0.2767538139671418, 0.04580885171890259, -0.9761150479316711, -0.21237000823020935, 0.5579848526450012, -0.12166529148817062, 0.2055588662624359, -0.9710525870323181, 2.627177236250607, 0.0, 0.0, 0.0, 1.0, 4.2647, 0.0, 0.5, 0.0, 4.2647, 0.5, 0.0, 0.0, 1.0]], ["frame22_mirror.png", [0.9915134906768799, -0.07032085955142975, 0.10934290289878845, -0.2767538139671418, -0.04580885171890259, -0.9761150479316711, -0.21237000823020935, 0.5579848526450012, 0.12166529148817062, 0.2055588662624359, -0.9710525870323181, 2.627177236250607, 0.0, 0.0, 0.0, 1.0, 4.2647, 0.0, 0.5, 0.0, 4.2647, 0.5, 0.0, 0.0, 1.0]], ["frame23.png", [0.9898615479469299, 0.08486670255661011, -0.11389350146055222, 0.2881304665111171, 0.057860635221004486, -0.9732516407966614, -0.22233614325523376, 0.583964887798938, -0.12971597909927368, 0.21349206566810608, -0.9682948589324951, 2.620298808167889, 0.0, 0.0, 0.0, 1.0, 4.2647, 0.0, 0.5, 0.0, 4.2647, 0.5, 0.0, 0.0, 1.0]], ["frame23_mirror.png", [0.9898615479469299, -0.08486670255661011, 0.11389350146055222, -0.2881304665111171, -0.057860635221004486, -0.9732516407966614, -0.22233614325523376, 0.583964887798938, 0.12971597909927368, 0.21349206566810608, -0.9682948589324951, 2.620298808167889, 0.0, 0.0, 0.0, 1.0, 4.2647, 0.0, 0.5, 0.0, 4.2647, 0.5, 0.0, 0.0, 1.0]], ["frame24.png", [0.9897285103797913, 0.08533883094787598, -0.11469369381666183, 0.2887649485344942, 0.058497004210948944, -0.9737958908081055, -0.21977189183235168, 0.5777720235647981, -0.13044333457946777, 0.21080529689788818, -0.9687856435775757, 2.6216014749163743, 0.0, 0.0, 0.0, 1.0, 4.2647, 0.0, 0.5, 0.0, 4.2647, 0.5, 0.0, 0.0, 1.0]], ["frame24_mirror.png", [0.9897285103797913, -0.08533883094787598, 0.11469369381666183, -0.2887649485344942, -0.058497004210948944, -0.9737958908081055, -0.21977189183235168, 0.5777720235647981, 0.13044333457946777, 0.21080529689788818, -0.9687856435775757, 2.6216014749163743, 0.0, 0.0, 0.0, 1.0, 4.2647, 0.0, 0.5, 0.0, 4.2647, 0.5, 0.0, 0.0, 1.0]], ["frame25.png", [0.9895623922348022, 0.07306455075740814, -0.12420884519815445, 0.3153125043542265, 0.0467059463262558, -0.978020966053009, -0.20320791006088257, 0.529391060620576, -0.1363261491060257, 0.1952856034040451, -0.971225380897522, 2.6287493470342294, 0.0, 0.0, 0.0, 1.0, 4.2647, 0.0, 0.5, 0.0, 4.2647, 0.5, 0.0, 0.0, 1.0]], ["frame25_mirror.png", [0.9895623922348022, -0.07306455075740814, 0.12420884519815445, -0.3153125043542265, -0.0467059463262558, -0.978020966053009, -0.20320791006088257, 0.529391060620576, 0.1363261491060257, 0.1952856034040451, -0.971225380897522, 2.6287493470342294, 0.0, 0.0, 0.0, 1.0, 4.2647, 0.0, 0.5, 0.0, 4.2647, 0.5, 0.0, 0.0, 1.0]], ["frame26.png", [0.9877218008041382, 0.06818417459726334, -0.14055782556533813, 0.35703346354539583, 0.03863418847322464, -0.9783901572227478, -0.20312559604644775, 0.5118256285018482, -0.1513703465461731, 0.19520123302936554, -0.9690116047859192, 2.626892009945873, 0.0, 0.0, 0.0, 1.0, 4.2647, 0.0, 0.5, 0.0, 4.2647, 0.5, 0.0, 0.0, 1.0]], ["frame26_mirror.png", [0.9877218008041382, -0.06818417459726334, 0.14055782556533813, -0.35703346354539583, -0.03863418847322464, -0.9783901572227478, -0.20312559604644775, 0.5118256285018482, 0.1513703465461731, 0.19520123302936554, -0.9690116047859192, 2.626892009945873, 0.0, 0.0, 0.0, 1.0, 4.2647, 0.0, 0.5, 0.0, 4.2647, 0.5, 0.0, 0.0, 1.0]], ["frame27.png", [0.9900361895561218, 0.05283942446112633, -0.13052348792552948, 0.32842304712201864, 0.02510208450257778, -0.9783053398132324, -0.20564202964305878, 0.5315887038002517, -0.13855783641338348, 0.2003166228532791, -0.9698840379714966, 2.6266997833995145, 0.0, 0.0, 0.0, 1.0, 4.2647, 0.0, 0.5, 0.0, 4.2647, 0.5, 0.0, 0.0, 1.0]], ["frame27_mirror.png", [0.9900361895561218, -0.05283942446112633, 0.13052348792552948, -0.32842304712201864, -0.02510208450257778, -0.9783053398132324, -0.20564202964305878, 0.5315887038002517, 0.13855783641338348, 0.2003166228532791, -0.9698840379714966, 2.6266997833995145, 0.0, 0.0, 0.0, 1.0, 4.2647, 0.0, 0.5, 0.0, 4.2647, 0.5, 0.0, 0.0, 1.0]], ["frame28.png", [0.9889996647834778, 0.061113808304071426, -0.13470254838466644, 0.33730530052804275, 0.030413391068577766, -0.9752165675163269, -0.21915224194526672, 0.5638757706325636, -0.14475737512111664, 0.21264474093914032, -0.9663475751876831, 2.6188297480991816, 0.0, 0.0, 0.0, 1.0, 4.2647, 0.0, 0.5, 0.0, 4.2647, 0.5, 0.0, 0.0, 1.0]], ["frame28_mirror.png", [0.9889996647834778, -0.061113808304071426, 0.13470254838466644, -0.33730530052804275, -0.030413391068577766, -0.9752165675163269, -0.21915224194526672, 0.5638757706325636, 0.14475737512111664, 0.21264474093914032, -0.9663475751876831, 2.6188297480991816, 0.0, 0.0, 0.0, 1.0, 4.2647, 0.0, 0.5, 0.0, 4.2647, 0.5, 0.0, 0.0, 1.0]], ["frame29.png", [0.988843560218811, 0.07768450677394867, -0.12709635496139526, 0.3210109012481933, 0.05018381029367447, -0.9770987033843994, -0.2067839652299881, 0.5323145308628041, -0.1402495950460434, 0.198098823428154, -0.9700962901115417, 2.6274689801236732, 0.0, 0.0, 0.0, 1.0, 4.2647, 0.0, 0.5, 0.0, 4.2647, 0.5, 0.0, 0.0, 1.0]], ["frame29_mirror.png", [0.988843560218811, -0.07768450677394867, 0.12709635496139526, -0.3210109012481933, -0.05018381029367447, -0.9770987033843994, -0.2067839652299881, 0.5323145308628041, 0.1402495950460434, 0.198098823428154, -0.9700962901115417, 2.6274689801236732, 0.0, 0.0, 0.0, 1.0, 4.2647, 0.0, 0.5, 0.0, 4.2647, 0.5, 0.0, 0.0, 1.0]], ["frame3.png", [0.9874735474586487, 0.09492472559213638, -0.12603667378425598, 0.31946232565605476, 0.07866207510232925, -0.9886142015457153, -0.1282738894224167, 0.3349979642463888, -0.13677802681922913, 0.1167527586221695, -0.9836973547935486, 2.6600225913396303, 0.0, 0.0, 0.0, 1.0, 4.2647, 0.0, 0.5, 0.0, 4.2647, 0.5, 0.0, 0.0, 1.0]], ["frame3_mirror.png", [0.9874735474586487, -0.09492472559213638, 0.12603667378425598, -0.31946232565605476, -0.07866207510232925, -0.9886142015457153, -0.1282738894224167, 0.3349979642463888, 0.13677802681922913, 0.1167527586221695, -0.9836973547935486, 2.6600225913396303, 0.0, 0.0, 0.0, 1.0, 4.2647, 0.0, 0.5, 0.0, 4.2647, 0.5, 0.0, 0.0, 1.0]], ["frame30.png", [0.9887281060218811, 0.09443192929029465, -0.1161869615316391, 0.2930971192182561, 0.07013896107673645, -0.9777317047119141, -0.1977909654378891, 0.5079591397849345, -0.1322774589061737, 0.18741226196289062, -0.9733341336250305, 2.6355400947462195, 0.0, 0.0, 0.0, 1.0, 4.2647, 0.0, 0.5, 0.0, 4.2647, 0.5, 0.0, 0.0, 1.0]], ["frame30_mirror.png", [0.9887281060218811, -0.09443192929029465, 0.1161869615316391, -0.2930971192182561, -0.07013896107673645, -0.9777317047119141, -0.1977909654378891, 0.5079591397849345, 0.1322774589061737, 0.18741226196289062, -0.9733341336250305, 2.6355400947462195, 0.0, 0.0, 0.0, 1.0, 4.2647, 0.0, 0.5, 0.0, 4.2647, 0.5, 0.0, 0.0, 1.0]], ["frame31.png", [0.990561842918396, 0.09144823253154755, -0.10209968686103821, 0.25745271481078985, 0.06834586709737778, -0.9752235412597656, -0.21039894223213196, 0.5364357432515285, -0.11881063133478165, 0.20143508911132812, -0.9722694158554077, 2.633620092761812, 0.0, 0.0, 0.0, 1.0, 4.2647, 0.0, 0.5, 0.0, 4.2647, 0.5, 0.0, 0.0, 1.0]], ["frame31_mirror.png", [0.990561842918396, -0.09144823253154755, 0.10209968686103821, -0.25745271481078985, -0.06834586709737778, -0.9752235412597656, -0.21039894223213196, 0.5364357432515285, 0.11881063133478165, 0.20143508911132812, -0.9722694158554077, 2.633620092761812, 0.0, 0.0, 0.0, 1.0, 4.2647, 0.0, 0.5, 0.0, 4.2647, 0.5, 0.0, 0.0, 1.0]], ["frame32.png", [0.9896830320358276, 0.09098215401172638, -0.11067842692136765, 0.28117209245119096, 0.06829408556222916, -0.9786584377288818, -0.19381338357925415, 0.4913723491740198, -0.1259499341249466, 0.18425513803958893, -0.9747751951217651, 2.63998020236778, 0.0, 0.0, 0.0, 1.0, 4.2647, 0.0, 0.5, 0.0, 4.2647, 0.5, 0.0, 0.0, 1.0]], ["frame32_mirror.png", [0.9896830320358276, -0.09098215401172638, 0.11067842692136765, -0.28117209245119096, -0.06829408556222916, -0.9786584377288818, -0.19381338357925415, 0.4913723491740198, 0.1259499341249466, 0.18425513803958893, -0.9747751951217651, 2.63998020236778, 0.0, 0.0, 0.0, 1.0, 4.2647, 0.0, 0.5, 0.0, 4.2647, 0.5, 0.0, 0.0, 1.0]], ["frame33.png", [0.9908611178398132, 0.08472524583339691, -0.10495640337467194, 0.2683278747473935, 0.060831211507320404, -0.9751754403114319, -0.2129141390323639, 0.5472492525866622, -0.12039011716842651, 0.20458371937274933, -0.9714173674583435, 2.6303076639771414, 0.0, 0.0, 0.0, 1.0, 4.2647, 0.0, 0.5, 0.0, 4.2647, 0.5, 0.0, 0.0, 1.0]], ["frame33_mirror.png", [0.9908611178398132, -0.08472524583339691, 0.10495640337467194, -0.2683278747473935, -0.060831211507320404, -0.9751754403114319, -0.2129141390323639, 0.5472492525866622, 0.12039011716842651, 0.20458371937274933, -0.9714173674583435, 2.6303076639771414, 0.0, 0.0, 0.0, 1.0, 4.2647, 0.0, 0.5, 0.0, 4.2647, 0.5, 0.0, 0.0, 1.0]], ["frame34.png", [0.989327073097229, 0.08938378095626831, -0.11507590115070343, 0.29391474884802915, 0.0634499043226242, -0.9752094149589539, -0.21199223399162292, 0.5411385122947698, -0.13117176294326782, 0.20242810249328613, -0.970472514629364, 2.6288368589399007, 0.0, 0.0, 0.0, 1.0, 4.2647, 0.0, 0.5, 0.0, 4.2647, 0.5, 0.0, 0.0, 1.0]], ["frame34_mirror.png", [0.989327073097229, -0.08938378095626831, 0.11507590115070343, -0.29391474884802915, -0.0634499043226242, -0.9752094149589539, -0.21199223399162292, 0.5411385122947698, 0.13117176294326782, 0.20242810249328613, -0.970472514629364, 2.6288368589399007, 0.0, 0.0, 0.0, 1.0, 4.2647, 0.0, 0.5, 0.0, 4.2647, 0.5, 0.0, 0.0, 1.0]], ["frame35.png", [0.9889965057373047, 0.09337913244962692, -0.11474460363388062, 0.2886787337815799, 0.06956705451011658, -0.9780644178390503, -0.19634245336055756, 0.5124309336899827, -0.13056190311908722, 0.18619954586029053, -0.973798394203186, 2.6351620684238526, 0.0, 0.0, 0.0, 1.0, 4.2647, 0.0, 0.5, 0.0, 4.2647, 0.5, 0.0, 0.0, 1.0]], ["frame35_mirror.png", [0.9889965057373047, -0.09337913244962692, 0.11474460363388062, -0.2886787337815799, -0.06956705451011658, -0.9780644178390503, -0.19634245336055756, 0.5124309336899827, 0.13056190311908722, 0.18619954586029053, -0.973798394203186, 2.6351620684238526, 0.0, 0.0, 0.0, 1.0, 4.2647, 0.0, 0.5, 0.0, 4.2647, 0.5, 0.0, 0.0, 1.0]], ["frame36.png", [0.9893197417259216, 0.09180865436792374, -0.11321458965539932, 0.2830802820226033, 0.06822560727596283, -0.978040337562561, -0.19693244993686676, 0.508576103775102, -0.12880854308605194, 0.18710502982139587, -0.9738583564758301, 2.636515863900489, 0.0, 0.0, 0.0, 1.0, 4.2647, 0.0, 0.5, 0.0, 4.2647, 0.5, 0.0, 0.0, 1.0]], ["frame36_mirror.png", [0.9893197417259216, -0.09180865436792374, 0.11321458965539932, -0.2830802820226033, -0.06822560727596283, -0.978040337562561, -0.19693244993686676, 0.508576103775102, 0.12880854308605194, 0.18710502982139587, -0.9738583564758301, 2.636515863900489, 0.0, 0.0, 0.0, 1.0, 4.2647, 0.0, 0.5, 0.0, 4.2647, 0.5, 0.0, 0.0, 1.0]], ["frame37.png", [0.9902775287628174, 0.08454441279172897, -0.1104653999209404, 0.28085759033876323, 0.06163744628429413, -0.9785841703414917, -0.19640220701694489, 0.5030307173403834, -0.12470440566539764, 0.18768389523029327, -0.9742810726165771, 2.6378171110524558, 0.0, 0.0, 0.0, 1.0, 4.2647, 0.0, 0.5, 0.0, 4.2647, 0.5, 0.0, 0.0, 1.0]], ["frame37_mirror.png", [0.9902775287628174, -0.08454441279172897, 0.1104653999209404, -0.28085759033876323, -0.06163744628429413, -0.9785841703414917, -0.19640220701694489, 0.5030307173403834, 0.12470440566539764, 0.18768389523029327, -0.9742810726165771, 2.6378171110524558, 0.0, 0.0, 0.0, 1.0, 4.2647, 0.0, 0.5, 0.0, 4.2647, 0.5, 0.0, 0.0, 1.0]], ["frame38.png", [0.9901140928268433, 0.07829555124044418, -0.11637810617685318, 0.29320626401136723, 0.05277113616466522, -0.9766794443130493, -0.2081165611743927, 0.5349097415470667, -0.12995870411396027, 0.1999177485704422, -0.9711558222770691, 2.6301904218406977, 0.0, 0.0, 0.0, 1.0, 4.2647, 0.0, 0.5, 0.0, 4.2647, 0.5, 0.0, 0.0, 1.0]], ["frame38_mirror.png", [0.9901140928268433, -0.07829555124044418, 0.11637810617685318, -0.29320626401136723, -0.05277113616466522, -0.9766794443130493, -0.2081165611743927, 0.5349097415470667, 0.12995870411396027, 0.1999177485704422, -0.9711558222770691, 2.6301904218406977, 0.0, 0.0, 0.0, 1.0, 4.2647, 0.0, 0.5, 0.0, 4.2647, 0.5, 0.0, 0.0, 1.0]], ["frame39.png", [0.9909443855285645, 0.08096572756767273, -0.10711605101823807, 0.2703654525061112, 0.057170480489730835, -0.9762392640113831, -0.2090177983045578, 0.5380723526440219, -0.12149417400360107, 0.2010011225938797, -0.9720276594161987, 2.6319917677324325, 0.0, 0.0, 0.0, 1.0, 4.2647, 0.0, 0.5, 0.0, 4.2647, 0.5, 0.0, 0.0, 1.0]], ["frame39_mirror.png", [0.9909443855285645, -0.08096572756767273, 0.10711605101823807, -0.2703654525061112, -0.057170480489730835, -0.9762392640113831, -0.2090177983045578, 0.5380723526440219, 0.12149417400360107, 0.2010011225938797, -0.9720276594161987, 2.6319917677324325, 0.0, 0.0, 0.0, 1.0, 4.2647, 0.0, 0.5, 0.0, 4.2647, 0.5, 0.0, 0.0, 1.0]], ["frame4.png", [0.9876465201377869, 0.08956324309110641, -0.12857995927333832, 0.3223131693304279, 0.07101354002952576, -0.987282931804657, -0.14223040640354156, 0.370246532959434, -0.13968341052532196, 0.13134244084358215, -0.9814467430114746, 2.655001266611316, 0.0, 0.0, 0.0, 1.0, 4.2647, 0.0, 0.5, 0.0, 4.2647, 0.5, 0.0, 0.0, 1.0]], ["frame4_mirror.png", [0.9876465201377869, -0.08956324309110641, 0.12857995927333832, -0.3223131693304279, -0.07101354002952576, -0.987282931804657, -0.14223040640354156, 0.370246532959434, 0.13968341052532196, 0.13134244084358215, -0.9814467430114746, 2.655001266611316, 0.0, 0.0, 0.0, 1.0, 4.2647, 0.0, 0.5, 0.0, 4.2647, 0.5, 0.0, 0.0, 1.0]], ["frame40.png", [0.9916102886199951, 0.0821402445435524, -0.09981028735637665, 0.24943967709609877, 0.056984517723321915, -0.9708459377288818, -0.23283252120018005, 0.5968191313608693, -0.11602532863616943, 0.22519148886203766, -0.967381477355957, 2.621371162565853, 0.0, 0.0, 0.0, 1.0, 4.2647, 0.0, 0.5, 0.0, 4.2647, 0.5, 0.0, 0.0, 1.0]], ["frame40_mirror.png", [0.9916102886199951, -0.0821402445435524, 0.09981028735637665, -0.24943967709609877, -0.056984517723321915, -0.9708459377288818, -0.23283252120018005, 0.5968191313608693, 0.11602532863616943, 0.22519148886203766, -0.967381477355957, 2.621371162565853, 0.0, 0.0, 0.0, 1.0, 4.2647, 0.0, 0.5, 0.0, 4.2647, 0.5, 0.0, 0.0, 1.0]], ["frame41.png", [0.9922208189964294, 0.07344285398721695, -0.10051904618740082, 0.25291067828054564, 0.04684946686029434, -0.9683709740638733, -0.24507711827754974, 0.6302310595036774, -0.11533889174461365, 0.23846134543418884, -0.9642785787582397, 2.613205885583558, 0.0, 0.0, 0.0, 1.0, 4.2647, 0.0, 0.5, 0.0, 4.2647, 0.5, 0.0, 0.0, 1.0]], ["frame41_mirror.png", [0.9922208189964294, -0.07344285398721695, 0.10051904618740082, -0.25291067828054564, -0.04684946686029434, -0.9683709740638733, -0.24507711827754974, 0.6302310595036774, 0.11533889174461365, 0.23846134543418884, -0.9642785787582397, 2.613205885583558, 0.0, 0.0, 0.0, 1.0, 4.2647, 0.0, 0.5, 0.0, 4.2647, 0.5, 0.0, 0.0, 1.0]], ["frame42.png", [0.9920283555984497, 0.06905408948659897, -0.10541011393070221, 0.2634524638652813, 0.03967534005641937, -0.9651027917861938, -0.2588483691215515, 0.6654983031627745, -0.1196061372756958, 0.252602756023407, -0.9601490497589111, 2.603402544319795, 0.0, 0.0, 0.0, 1.0, 4.2647, 0.0, 0.5, 0.0, 4.2647, 0.5, 0.0, 0.0, 1.0]], ["frame42_mirror.png", [0.9920283555984497, -0.06905408948659897, 0.10541011393070221, -0.2634524638652813, -0.03967534005641937, -0.9651027917861938, -0.2588483691215515, 0.6654983031627745, 0.1196061372756958, 0.252602756023407, -0.9601490497589111, 2.603402544319795, 0.0, 0.0, 0.0, 1.0, 4.2647, 0.0, 0.5, 0.0, 4.2647, 0.5, 0.0, 0.0, 1.0]], ["frame43.png", [0.9933719635009766, 0.06242111697793007, -0.09651833772659302, 0.24331676293265078, 0.03623439371585846, -0.9669390320777893, -0.2524202764034271, 0.6522126182289267, -0.10908370465040207, 0.24724991619586945, -0.962791919708252, 2.60871915956834, 0.0, 0.0, 0.0, 1.0, 4.2647, 0.0, 0.5, 0.0, 4.2647, 0.5, 0.0, 0.0, 1.0]], ["frame43_mirror.png", [0.9933719635009766, -0.06242111697793007, 0.09651833772659302, -0.24331676293265078, -0.03623439371585846, -0.9669390320777893, -0.2524202764034271, 0.6522126182289267, 0.10908370465040207, 0.24724991619586945, -0.962791919708252, 2.60871915956834, 0.0, 0.0, 0.0, 1.0, 4.2647, 0.0, 0.5, 0.0, 4.2647, 0.5, 0.0, 0.0, 1.0]], ["frame44.png", [0.9924906492233276, 0.06898349523544312, -0.10101315379142761, 0.2545225814144942, 0.042346157133579254, -0.9685105085372925, -0.24534501135349274, 0.6337110339142381, -0.11475706100463867, 0.2392251044511795, -0.9641587734222412, 2.612207606804147, 0.0, 0.0, 0.0, 1.0, 4.2647, 0.0, 0.5, 0.0, 4.2647, 0.5, 0.0, 0.0, 1.0]], ["frame44_mirror.png", [0.9924906492233276, -0.06898349523544312, 0.10101315379142761, -0.2545225814144942, -0.042346157133579254, -0.9685105085372925, -0.24534501135349274, 0.6337110339142381, 0.11475706100463867, 0.2392251044511795, -0.9641587734222412, 2.612207606804147, 0.0, 0.0, 0.0, 1.0, 4.2647, 0.0, 0.5, 0.0, 4.2647, 0.5, 0.0, 0.0, 1.0]], ["frame45.png", [0.9916024804115295, 0.07757853716611862, -0.10346988588571548, 0.2612782149199258, 0.05094510316848755, -0.9697225093841553, -0.23883628845214844, 0.6151154755277757, -0.11886564642190933, 0.2315593659877777, -0.965531587600708, 2.61598292161369, 0.0, 0.0, 0.0, 1.0, 4.2647, 0.0, 0.5, 0.0, 4.2647, 0.5, 0.0, 0.0, 1.0]], ["frame45_mirror.png", [0.9916024804115295, -0.07757853716611862, 0.10346988588571548, -0.2612782149199258, -0.05094510316848755, -0.9697225093841553, -0.23883628845214844, 0.6151154755277757, 0.11886564642190933, 0.2315593659877777, -0.965531587600708, 2.61598292161369, 0.0, 0.0, 0.0, 1.0, 4.2647, 0.0, 0.5, 0.0, 4.2647, 0.5, 0.0, 0.0, 1.0]], ["frame46.png", [0.9907965660095215, 0.07158051431179047, -0.11488419026136398, 0.2874599926719588, 0.040885187685489655, -0.9673516750335693, -0.2501181960105896, 0.6424932803473612, -0.12903699278831482, 0.24311921000480652, -0.9613752961158752, 2.6066394337003205, 0.0, 0.0, 0.0, 1.0, 4.2647, 0.0, 0.5, 0.0, 4.2647, 0.5, 0.0, 0.0, 1.0]], ["frame46_mirror.png", [0.9907965660095215, -0.07158051431179047, 0.11488419026136398, -0.2874599926719588, -0.040885187685489655, -0.9673516750335693, -0.2501181960105896, 0.6424932803473612, 0.12903699278831482, 0.24311921000480652, -0.9613752961158752, 2.6066394337003205, 0.0, 0.0, 0.0, 1.0, 4.2647, 0.0, 0.5, 0.0, 4.2647, 0.5, 0.0, 0.0, 1.0]], ["frame47.png", [0.9922232627868652, 0.06443266570568085, -0.10649590194225311, 0.26759601752806766, 0.03453584015369415, -0.964509129524231, -0.2617811858654022, 0.6726689293339218, -0.11958353221416473, 0.2560674548149109, -0.9592336416244507, 2.6011360754316324, 0.0, 0.0, 0.0, 1.0, 4.2647, 0.0, 0.5, 0.0, 4.2647, 0.5, 0.0, 0.0, 1.0]], ["frame47_mirror.png", [0.9922232627868652, -0.06443266570568085, 0.10649590194225311, -0.26759601752806766, -0.03453584015369415, -0.964509129524231, -0.2617811858654022, 0.6726689293339218, 0.11958353221416473, 0.2560674548149109, -0.9592336416244507, 2.6011360754316324, 0.0, 0.0, 0.0, 1.0, 4.2647, 0.0, 0.5, 0.0, 4.2647, 0.5, 0.0, 0.0, 1.0]], ["frame48.png", [0.9917621612548828, 0.0724596306681633, -0.10562862455844879, 0.2649370519478019, 0.04367085546255112, -0.9664892554283142, -0.2529650628566742, 0.6459254296726549, -0.12041869014501572, 0.24626830220222473, -0.9616918563842773, 2.608177274996354, 0.0, 0.0, 0.0, 1.0, 4.2647, 0.0, 0.5, 0.0, 4.2647, 0.5, 0.0, 0.0, 1.0]], ["frame48_mirror.png", [0.9917621612548828, -0.0724596306681633, 0.10562862455844879, -0.2649370519478019, -0.04367085546255112, -0.9664892554283142, -0.2529650628566742, 0.6459254296726549, 0.12041869014501572, 0.24626830220222473, -0.9616918563842773, 2.608177274996354, 0.0, 0.0, 0.0, 1.0, 4.2647, 0.0, 0.5, 0.0, 4.2647, 0.5, 0.0, 0.0, 1.0]], ["frame49.png", [0.9916775226593018, 0.07353446632623672, -0.10568031668663025, 0.2652400684750134, 0.047743551433086395, -0.9723557829856873, -0.2285710573196411, 0.5892756466677214, -0.11956672370433807, 0.2216232419013977, -0.9677742123603821, 2.621526638872798, 0.0, 0.0, 0.0, 1.0, 4.2647, 0.0, 0.5, 0.0, 4.2647, 0.5, 0.0, 0.0, 1.0]], ["frame49_mirror.png", [0.9916775226593018, -0.07353446632623672, 0.10568031668663025, -0.2652400684750134, -0.047743551433086395, -0.9723557829856873, -0.2285710573196411, 0.5892756466677214, 0.11956672370433807, 0.2216232419013977, -0.9677742123603821, 2.621526638872798, 0.0, 0.0, 0.0, 1.0, 4.2647, 0.0, 0.5, 0.0, 4.2647, 0.5, 0.0, 0.0, 1.0]], ["frame5.png", [0.9871373176574707, 0.0941670686006546, -0.12919898331165314, 0.3248401075319598, 0.07102938741445541, -0.9823106527328491, -0.17326422035694122, 0.44619002066394653, -0.14322933554649353, 0.16185864806175232, -0.976364254951477, 2.6429894759530415, 0.0, 0.0, 0.0, 1.0, 4.2647, 0.0, 0.5, 0.0, 4.2647, 0.5, 0.0, 0.0, 1.0]], ["frame5_mirror.png", [0.9871373176574707, -0.0941670686006546, 0.12919898331165314, -0.3248401075319598, -0.07102938741445541, -0.9823106527328491, -0.17326422035694122, 0.44619002066394653, 0.14322933554649353, 0.16185864806175232, -0.976364254951477, 2.6429894759530415, 0.0, 0.0, 0.0, 1.0, 4.2647, 0.0, 0.5, 0.0, 4.2647, 0.5, 0.0, 0.0, 1.0]], ["frame6.png", [0.9880327582359314, 0.0958787277340889, -0.12082462757825851, 0.3056248682993775, 0.07345672696828842, -0.981285035610199, -0.17799939215183258, 0.4568854981374339, -0.13562975823879242, 0.1669938564300537, -0.9765846729278564, 2.643454005930252, 0.0, 0.0, 0.0, 1.0, 4.2647, 0.0, 0.5, 0.0, 4.2647, 0.5, 0.0, 0.0, 1.0]], ["frame6_mirror.png", [0.9880327582359314, -0.0958787277340889, 0.12082462757825851, -0.3056248682993775, -0.07345672696828842, -0.981285035610199, -0.17799939215183258, 0.4568854981374339, 0.13562975823879242, 0.1669938564300537, -0.9765846729278564, 2.643454005930252, 0.0, 0.0, 0.0, 1.0, 4.2647, 0.0, 0.5, 0.0, 4.2647, 0.5, 0.0, 0.0, 1.0]], ["frame7.png", [0.9862311482429504, 0.12188871949911118, -0.11176452785730362, 0.2807236536671136, 0.10152140259742737, -0.9797384142875671, -0.17264419794082642, 0.4420586124781817, -0.13054338097572327, 0.15892058610916138, -0.9786227941513062, 2.6487314724987985, 0.0, 0.0, 0.0, 1.0, 4.2647, 0.0, 0.5, 0.0, 4.2647, 0.5, 0.0, 0.0, 1.0]], ["frame7_mirror.png", [0.9862311482429504, -0.12188871949911118, 0.11176452785730362, -0.2807236536671136, -0.10152140259742737, -0.9797384142875671, -0.17264419794082642, 0.4420586124781817, 0.13054338097572327, 0.15892058610916138, -0.9786227941513062, 2.6487314724987985, 0.0, 0.0, 0.0, 1.0, 4.2647, 0.0, 0.5, 0.0, 4.2647, 0.5, 0.0, 0.0, 1.0]], ["frame8.png", [0.9887300729751587, 0.12311366200447083, -0.08518090099096298, 0.21332962150938636, 0.10667606443166733, -0.9785720109939575, -0.17611633241176605, 0.4505235329427855, -0.10503797233104706, 0.16504475474357605, -0.9806768894195557, 2.653586067730122, 0.0, 0.0, 0.0, 1.0, 4.2647, 0.0, 0.5, 0.0, 4.2647, 0.5, 0.0, 0.0, 1.0]], ["frame8_mirror.png", [0.9887300729751587, -0.12311366200447083, 0.08518090099096298, -0.21332962150938636, -0.10667606443166733, -0.9785720109939575, -0.17611633241176605, 0.4505235329427855, 0.10503797233104706, 0.16504475474357605, -0.9806768894195557, 2.653586067730122, 0.0, 0.0, 0.0, 1.0, 4.2647, 0.0, 0.5, 0.0, 4.2647, 0.5, 0.0, 0.0, 1.0]], ["frame9.png", [0.9886804819107056, 0.10853303968906403, -0.10359293967485428, 0.2599778695092721, 0.09371699392795563, -0.9859171509742737, -0.13850772380828857, 0.34792709429805313, -0.11716672033071518, 0.12723146378993988, -0.9849284887313843, 2.664837376730283, 0.0, 0.0, 0.0, 1.0, 4.2647, 0.0, 0.5, 0.0, 4.2647, 0.5, 0.0, 0.0, 1.0]], ["frame9_mirror.png", [0.9886804819107056, -0.10853303968906403, 0.10359293967485428, -0.2599778695092721, -0.09371699392795563, -0.9859171509742737, -0.13850772380828857, 0.34792709429805313, 0.11716672033071518, 0.12723146378993988, -0.9849284887313843, 2.664837376730283, 0.0, 0.0, 0.0, 1.0, 4.2647, 0.0, 0.5, 0.0, 4.2647, 0.5, 0.0, 0.0, 1.0]]]}