{"labels": [["frame0.png", [0.9961313009262085, 0.08662950992584229, -0.014756988734006882, 0.032360420041645174, 0.08361805975437164, -0.9860361218452454, -0.14401692152023315, 0.36903186868990173, -0.027027038857340813, 0.14222581684589386, -0.9894651770591736, 2.6744659809214193, 0.0, 0.0, 0.0, 1.0, 4.2647, 0.0, 0.5, 0.0, 4.2647, 0.5, 0.0, 0.0, 1.0]], ["frame0_mirror.png", [0.9961313009262085, -0.08662950992584229, 0.014756988734006882, -0.032360420041645174, -0.08361805975437164, -0.9860361218452454, -0.14401692152023315, 0.36903186868990173, 0.027027038857340813, 0.14222581684589386, -0.9894651770591736, 2.6744659809214193, 0.0, 0.0, 0.0, 1.0, 4.2647, 0.0, 0.5, 0.0, 4.2647, 0.5, 0.0, 0.0, 1.0]], ["frame1.png", [0.9943482279777527, -0.02020728588104248, -0.10422695428133011, 0.2620668863846567, -0.02901041880249977, -0.9960728883743286, -0.08364945650100708, 0.21767887921169293, -0.102127306163311, 0.08620036393404007, -0.9910295009613037, 2.678420589191659, 0.0, 0.0, 0.0, 1.0, 4.2647, 0.0, 0.5, 0.0, 4.2647, 0.5, 0.0, 0.0, 1.0]], ["frame1_mirror.png", [0.9943482279777527, 0.02020728588104248, 0.10422695428133011, -0.2620668863846567, 0.02901041880249977, -0.9960728883743286, -0.08364945650100708, 0.21767887921169293, 0.102127306163311, 0.08620036393404007, -0.9910295009613037, 2.678420589191659, 0.0, 0.0, 0.0, 1.0, 4.2647, 0.0, 0.5, 0.0, 4.2647, 0.5, 0.0, 0.0, 1.0]]]}