{"labels": [["frame0.png", [0.9957609176635742, 0.06653209030628204, -0.06351141631603241, 0.1523609296755137, 0.07092271000146866, -0.9950520396232605, 0.06958066672086716, -0.18469918066193813, -0.05856781452894211, -0.07379011064767838, -0.9955525398254395, 2.6893628166856223, 0.0, 0.0, 0.0, 1.0, 4.2647, 0.0, 0.5, 0.0, 4.2647, 0.5, 0.0, 0.0, 1.0]], ["frame0_mirror.png", [0.9957609176635742, -0.06653209030628204, 0.06351141631603241, -0.1523609296755137, -0.07092271000146866, -0.9950520396232605, 0.06958066672086716, -0.18469918066193813, 0.05856781452894211, -0.07379011064767838, -0.9955525398254395, 2.6893628166856223, 0.0, 0.0, 0.0, 1.0, 4.2647, 0.0, 0.5, 0.0, 4.2647, 0.5, 0.0, 0.0, 1.0]], ["frame1.png", [0.9913890957832336, 0.07252601534128189, -0.10903023183345795, 0.27303395263599506, 0.07964809238910675, -0.9948650598526001, 0.06244734674692154, -0.16709632726980803, -0.10394131392240524, -0.07059367001056671, -0.9920749664306641, 2.6809571570841833, 0.0, 0.0, 0.0, 1.0, 4.2647, 0.0, 0.5, 0.0, 4.2647, 0.5, 0.0, 0.0, 1.0]], ["frame1_mirror.png", [0.9913890957832336, -0.07252601534128189, 0.10903023183345795, -0.27303395263599506, -0.07964809238910675, -0.9948650598526001, 0.06244734674692154, -0.16709632726980803, 0.10394131392240524, -0.07059367001056671, -0.9920749664306641, 2.6809571570841833, 0.0, 0.0, 0.0, 1.0, 4.2647, 0.0, 0.5, 0.0, 4.2647, 0.5, 0.0, 0.0, 1.0]], ["frame2.png", [0.9605423808097839, 0.034166574478149414, -0.276027113199234, 0.6950750645179166, 0.04926227778196335, -0.9976346492767334, 0.047940026968717575, -0.1274885776367721, -0.27373626828193665, -0.05964615195989609, -0.9599535465240479, 2.60588129377713, 0.0, 0.0, 0.0, 1.0, 4.2647, 0.0, 0.5, 0.0, 4.2647, 0.5, 0.0, 0.0, 1.0]], ["frame2_mirror.png", [0.9605423808097839, -0.034166574478149414, 0.276027113199234, -0.6950750645179166, -0.04926227778196335, -0.9976346492767334, 0.047940026968717575, -0.1274885776367721, 0.27373626828193665, -0.05964615195989609, -0.9599535465240479, 2.60588129377713, 0.0, 0.0, 0.0, 1.0, 4.2647, 0.0, 0.5, 0.0, 4.2647, 0.5, 0.0, 0.0, 1.0]], ["frame3.png", [0.991978645324707, 0.055368974804878235, -0.11363352090120316, 0.2824806647503269, 0.06369706243276596, -0.9954394102096558, 0.0710148736834526, -0.18933370728005636, -0.10918325930833817, -0.07768336683511734, -0.9909814596176147, 2.678499098624042, 0.0, 0.0, 0.0, 1.0, 4.2647, 0.0, 0.5, 0.0, 4.2647, 0.5, 0.0, 0.0, 1.0]], ["frame3_mirror.png", [0.991978645324707, -0.055368974804878235, 0.11363352090120316, -0.2824806647503269, -0.06369706243276596, -0.9954394102096558, 0.0710148736834526, -0.18933370728005636, 0.10918325930833817, -0.07768336683511734, -0.9909814596176147, 2.678499098624042, 0.0, 0.0, 0.0, 1.0, 4.2647, 0.0, 0.5, 0.0, 4.2647, 0.5, 0.0, 0.0, 1.0]]]}