{"labels": [["frame0.png", [0.9034895896911621, -0.1380983591079712, -0.405752956867218, 1.0340405160352601, -0.2393585592508316, -0.9478666186332703, -0.2103722095489502, 0.5399697487141009, -0.35554763674736023, 0.2871895432472229, -0.8894426226615906, 2.4349934048516775, 0.0, 0.0, 0.0, 1.0, 4.2647, 0.0, 0.5, 0.0, 4.2647, 0.5, 0.0, 0.0, 1.0]], ["frame0_mirror.png", [0.9034895896911621, 0.1380983591079712, 0.405752956867218, -1.0340405160352601, 0.2393585592508316, -0.9478666186332703, -0.2103722095489502, 0.5399697487141009, 0.35554763674736023, 0.2871895432472229, -0.8894426226615906, 2.4349934048516775, 0.0, 0.0, 0.0, 1.0, 4.2647, 0.0, 0.5, 0.0, 4.2647, 0.5, 0.0, 0.0, 1.0]], ["frame1.png", [0.8962851166725159, -0.1272767186164856, -0.4248219132423401, 1.0842135074513943, -0.2430839240550995, -0.942203164100647, -0.23057183623313904, 0.5886171814205663, -0.37092214822769165, 0.30992546677589417, -0.8754215836524963, 2.4016683542896704, 0.0, 0.0, 0.0, 1.0, 4.2647, 0.0, 0.5, 0.0, 4.2647, 0.5, 0.0, 0.0, 1.0]], ["frame1_mirror.png", [0.8962851166725159, 0.1272767186164856, 0.4248219132423401, -1.0842135074513943, 0.2430839240550995, -0.942203164100647, -0.23057183623313904, 0.5886171814205663, 0.37092214822769165, 0.30992546677589417, -0.8754215836524963, 2.4016683542896704, 0.0, 0.0, 0.0, 1.0, 4.2647, 0.0, 0.5, 0.0, 4.2647, 0.5, 0.0, 0.0, 1.0]], ["frame2.png", [0.9137954115867615, -0.23213954269886017, -0.33330050110816956, 0.8526780363930092, -0.28730496764183044, -0.9494619965553284, -0.1264033168554306, 0.3329791286440888, -0.2871129512786865, 0.2112656533718109, -0.9343088865280151, 2.5400915468030645, 0.0, 0.0, 0.0, 1.0, 4.2647, 0.0, 0.5, 0.0, 4.2647, 0.5, 0.0, 0.0, 1.0]], ["frame2_mirror.png", [0.9137954115867615, 0.23213954269886017, 0.33330050110816956, -0.8526780363930092, 0.28730496764183044, -0.9494619965553284, -0.1264033168554306, 0.3329791286440888, 0.2871129512786865, 0.2112656533718109, -0.9343088865280151, 2.5400915468030645, 0.0, 0.0, 0.0, 1.0, 4.2647, 0.0, 0.5, 0.0, 4.2647, 0.5, 0.0, 0.0, 1.0]], ["frame3.png", [0.9118057489395142, -0.20317833125591278, -0.35683172941207886, 0.9125105092971941, -0.1900373101234436, -0.9791391491889954, 0.07191837579011917, -0.18190315748957164, -0.3640001714229584, 0.0022357553243637085, -0.9313961863517761, 2.5346076248045772, 0.0, 0.0, 0.0, 1.0, 4.2647, 0.0, 0.5, 0.0, 4.2647, 0.5, 0.0, 0.0, 1.0]], ["frame3_mirror.png", [0.9118057489395142, 0.20317833125591278, 0.35683172941207886, -0.9125105092971941, 0.1900373101234436, -0.9791391491889954, 0.07191837579011917, -0.18190315748957164, 0.3640001714229584, 0.0022357553243637085, -0.9313961863517761, 2.5346076248045772, 0.0, 0.0, 0.0, 1.0, 4.2647, 0.0, 0.5, 0.0, 4.2647, 0.5, 0.0, 0.0, 1.0]], ["frame4.png", [0.9790447950363159, 0.028490189462900162, -0.2016422599554062, 0.5077732413260894, -0.013754915446043015, -0.978652834892273, -0.20505960285663605, 0.5222862480827026, -0.2031799554824829, 0.20353610813617706, -0.95775306224823, 2.599881422383892, 0.0, 0.0, 0.0, 1.0, 4.2647, 0.0, 0.5, 0.0, 4.2647, 0.5, 0.0, 0.0, 1.0]], ["frame4_mirror.png", [0.9790447950363159, -0.028490189462900162, 0.2016422599554062, -0.5077732413260894, 0.013754915446043015, -0.978652834892273, -0.20505960285663605, 0.5222862480827026, 0.2031799554824829, 0.20353610813617706, -0.95775306224823, 2.599881422383892, 0.0, 0.0, 0.0, 1.0, 4.2647, 0.0, 0.5, 0.0, 4.2647, 0.5, 0.0, 0.0, 1.0]], ["frame5.png", [0.9812966585159302, 0.11223189532756805, -0.15639986097812653, 0.39156225084623175, 0.08031346648931503, -0.9770625829696655, -0.197226881980896, 0.5028028886161717, -0.1749476194381714, 0.18097706139087677, -0.9678019881248474, 2.6237126860446187, 0.0, 0.0, 0.0, 1.0, 4.2647, 0.0, 0.5, 0.0, 4.2647, 0.5, 0.0, 0.0, 1.0]], ["frame5_mirror.png", [0.9812966585159302, -0.11223189532756805, 0.15639986097812653, -0.39156225084623175, -0.08031346648931503, -0.9770625829696655, -0.197226881980896, 0.5028028886161717, 0.1749476194381714, 0.18097706139087677, -0.9678019881248474, 2.6237126860446187, 0.0, 0.0, 0.0, 1.0, 4.2647, 0.0, 0.5, 0.0, 4.2647, 0.5, 0.0, 0.0, 1.0]], ["frame6.png", [0.9633504152297974, 0.04656646400690079, -0.26417338848114014, 0.6719689774298386, -0.018971331417560577, -0.9705235362052917, -0.24025847017765045, 0.6098869508889201, -0.2675744891166687, 0.23646481335163116, -0.9340708255767822, 2.5429305142900214, 0.0, 0.0, 0.0, 1.0, 4.2647, 0.0, 0.5, 0.0, 4.2647, 0.5, 0.0, 0.0, 1.0]], ["frame6_mirror.png", [0.9633504152297974, -0.04656646400690079, 0.26417338848114014, -0.6719689774298386, 0.018971331417560577, -0.9705235362052917, -0.24025847017765045, 0.6098869508889201, 0.2675744891166687, 0.23646481335163116, -0.9340708255767822, 2.5429305142900214, 0.0, 0.0, 0.0, 1.0, 4.2647, 0.0, 0.5, 0.0, 4.2647, 0.5, 0.0, 0.0, 1.0]]]}