{"labels": [["frame0.png", [0.9838739633560181, -0.17448081076145172, -0.039351798593997955, 0.09986176328534853, -0.17475475370883942, -0.9846054315567017, -0.0036057850811630487, 0.011526828640971966, -0.03811684995889664, 0.01042455155402422, -0.9992189407348633, 2.698128010390727, 0.0, 0.0, 0.0, 1.0, 4.2647, 0.0, 0.5, 0.0, 4.2647, 0.5, 0.0, 0.0, 1.0]], ["frame0_mirror.png", [0.9838739633560181, 0.17448081076145172, 0.039351798593997955, -0.09986176328534853, 0.17475475370883942, -0.9846054315567017, -0.0036057850811630487, 0.011526828640971966, 0.03811684995889664, 0.01042455155402422, -0.9992189407348633, 2.698128010390727, 0.0, 0.0, 0.0, 1.0, 4.2647, 0.0, 0.5, 0.0, 4.2647, 0.5, 0.0, 0.0, 1.0]], ["frame1.png", [0.9856200814247131, -0.1413663774728775, -0.09256699681282043, 0.2369725350434921, -0.14471745491027832, -0.9890024065971375, -0.030515719205141068, 0.08062919904164119, -0.08723507821559906, 0.04347296804189682, -0.995238721370697, 2.6883718027640757, 0.0, 0.0, 0.0, 1.0, 4.2647, 0.0, 0.5, 0.0, 4.2647, 0.5, 0.0, 0.0, 1.0]], ["frame1_mirror.png", [0.9856200814247131, 0.1413663774728775, 0.09256699681282043, -0.2369725350434921, 0.14471745491027832, -0.9890024065971375, -0.030515719205141068, 0.08062919904164119, 0.08723507821559906, 0.04347296804189682, -0.995238721370697, 2.6883718027640757, 0.0, 0.0, 0.0, 1.0, 4.2647, 0.0, 0.5, 0.0, 4.2647, 0.5, 0.0, 0.0, 1.0]], ["frame10.png", [0.9835456013679504, -0.15034575760364532, -0.10017058998346329, 0.25190807236417895, -0.15389110147953033, -0.9876734018325806, -0.02861538715660572, 0.07092030574948636, -0.09463361650705338, 0.04355990141630173, -0.9945586919784546, 2.687287225681349, 0.0, 0.0, 0.0, 1.0, 4.2647, 0.0, 0.5, 0.0, 4.2647, 0.5, 0.0, 0.0, 1.0]], ["frame10_mirror.png", [0.9835456013679504, 0.15034575760364532, 0.10017058998346329, -0.25190807236417895, 0.15389110147953033, -0.9876734018325806, -0.02861538715660572, 0.07092030574948636, 0.09463361650705338, 0.04355990141630173, -0.9945586919784546, 2.687287225681349, 0.0, 0.0, 0.0, 1.0, 4.2647, 0.0, 0.5, 0.0, 4.2647, 0.5, 0.0, 0.0, 1.0]], ["frame11.png", [0.9844326972961426, -0.13086946308612823, -0.11732686311006546, 0.29631662855868324, -0.13560742139816284, -0.9902022480964661, -0.033318378031253815, 0.08584881540348673, -0.11181696504354477, 0.04871009290218353, -0.9925342798233032, 2.682317363127159, 0.0, 0.0, 0.0, 1.0, 4.2647, 0.0, 0.5, 0.0, 4.2647, 0.5, 0.0, 0.0, 1.0]], ["frame11_mirror.png", [0.9844326972961426, 0.13086946308612823, 0.11732686311006546, -0.29631662855868324, 0.13560742139816284, -0.9902022480964661, -0.033318378031253815, 0.08584881540348673, 0.11181696504354477, 0.04871009290218353, -0.9925342798233032, 2.682317363127159, 0.0, 0.0, 0.0, 1.0, 4.2647, 0.0, 0.5, 0.0, 4.2647, 0.5, 0.0, 0.0, 1.0]], ["frame12.png", [0.9840360879898071, -0.12357267737388611, -0.12807360291481018, 0.324995043663108, -0.13112831115722656, -0.9899842143058777, -0.05231349542737007, 0.143557978383963, -0.12032632529735565, 0.06827244162559509, -0.9903839826583862, 2.676521871466162, 0.0, 0.0, 0.0, 1.0, 4.2647, 0.0, 0.5, 0.0, 4.2647, 0.5, 0.0, 0.0, 1.0]], ["frame12_mirror.png", [0.9840360879898071, 0.12357267737388611, 0.12807360291481018, -0.324995043663108, 0.13112831115722656, -0.9899842143058777, -0.05231349542737007, 0.143557978383963, 0.12032632529735565, 0.06827244162559509, -0.9903839826583862, 2.676521871466162, 0.0, 0.0, 0.0, 1.0, 4.2647, 0.0, 0.5, 0.0, 4.2647, 0.5, 0.0, 0.0, 1.0]], ["frame13.png", [0.9837018251419067, -0.11993027478456497, -0.13396811485290527, 0.337926898211679, -0.12798747420310974, -0.990347146987915, -0.053213536739349365, 0.14672357815051026, -0.12629301846027374, 0.06949249655008316, -0.989555835723877, 2.6747481382514775, 0.0, 0.0, 0.0, 1.0, 4.2647, 0.0, 0.5, 0.0, 4.2647, 0.5, 0.0, 0.0, 1.0]], ["frame13_mirror.png", [0.9837018251419067, 0.11993027478456497, 0.13396811485290527, -0.337926898211679, 0.12798747420310974, -0.990347146987915, -0.053213536739349365, 0.14672357815051026, 0.12629301846027374, 0.06949249655008316, -0.989555835723877, 2.6747481382514775, 0.0, 0.0, 0.0, 1.0, 4.2647, 0.0, 0.5, 0.0, 4.2647, 0.5, 0.0, 0.0, 1.0]], ["frame14.png", [0.9844868183135986, -0.11874634772539139, -0.12916994094848633, 0.3249567274405178, -0.12368016690015793, -0.9918426871299744, -0.03084157221019268, 0.0874131637914566, -0.12445393949747086, 0.04633888229727745, -0.9911426901817322, 2.6789479397866467, 0.0, 0.0, 0.0, 1.0, 4.2647, 0.0, 0.5, 0.0, 4.2647, 0.5, 0.0, 0.0, 1.0]], ["frame14_mirror.png", [0.9844868183135986, 0.11874634772539139, 0.12916994094848633, -0.3249567274405178, 0.12368016690015793, -0.9918426871299744, -0.03084157221019268, 0.0874131637914566, 0.12445393949747086, 0.04633888229727745, -0.9911426901817322, 2.6789479397866467, 0.0, 0.0, 0.0, 1.0, 4.2647, 0.0, 0.5, 0.0, 4.2647, 0.5, 0.0, 0.0, 1.0]], ["frame15.png", [0.9840400815010071, -0.12019233405590057, -0.1312209516763687, 0.33418999543464323, -0.12398259341716766, -0.9920605421066284, -0.02107718028128147, 0.06370540004193102, -0.127645805478096, 0.03700990229845047, -0.9911291003227234, 2.678480664286545, 0.0, 0.0, 0.0, 1.0, 4.2647, 0.0, 0.5, 0.0, 4.2647, 0.5, 0.0, 0.0, 1.0]], ["frame15_mirror.png", [0.9840400815010071, 0.12019233405590057, 0.1312209516763687, -0.33418999543464323, 0.12398259341716766, -0.9920605421066284, -0.02107718028128147, 0.06370540004193102, 0.127645805478096, 0.03700990229845047, -0.9911291003227234, 2.678480664286545, 0.0, 0.0, 0.0, 1.0, 4.2647, 0.0, 0.5, 0.0, 4.2647, 0.5, 0.0, 0.0, 1.0]], ["frame16.png", [0.9833726286888123, -0.11294606328010559, -0.1422024965286255, 0.3620944745839893, -0.12310782819986343, -0.9902762174606323, -0.0647883489727974, 0.17544201916711177, -0.13350217044353485, 0.08121732622385025, -0.9877150058746338, 2.6698516231031104, 0.0, 0.0, 0.0, 1.0, 4.2647, 0.0, 0.5, 0.0, 4.2647, 0.5, 0.0, 0.0, 1.0]], ["frame16_mirror.png", [0.9833726286888123, 0.11294606328010559, 0.1422024965286255, -0.3620944745839893, 0.12310782819986343, -0.9902762174606323, -0.0647883489727974, 0.17544201916711177, 0.13350217044353485, 0.08121732622385025, -0.9877150058746338, 2.6698516231031104, 0.0, 0.0, 0.0, 1.0, 4.2647, 0.0, 0.5, 0.0, 4.2647, 0.5, 0.0, 0.0, 1.0]], ["frame17.png", [0.9830981492996216, -0.10549330711364746, -0.1496300995349884, 0.38048983392134633, -0.11953011155128479, -0.9889116883277893, -0.08812578022480011, 0.23350113055508062, -0.1386742740869522, 0.10452159494161606, -0.9848069548606873, 2.6628377172317514, 0.0, 0.0, 0.0, 1.0, 4.2647, 0.0, 0.5, 0.0, 4.2647, 0.5, 0.0, 0.0, 1.0]], ["frame17_mirror.png", [0.9830981492996216, 0.10549330711364746, 0.1496300995349884, -0.38048983392134633, 0.11953011155128479, -0.9889116883277893, -0.08812578022480011, 0.23350113055508062, 0.1386742740869522, 0.10452159494161606, -0.9848069548606873, 2.6628377172317514, 0.0, 0.0, 0.0, 1.0, 4.2647, 0.0, 0.5, 0.0, 4.2647, 0.5, 0.0, 0.0, 1.0]], ["frame18.png", [0.9831986427307129, -0.10278278589248657, -0.1508515477180481, 0.3833468443222259, -0.11550015211105347, -0.9902327060699463, -0.07809476554393768, 0.2090728516591345, -0.14135132730007172, 0.09420603513717651, -0.9854668974876404, 2.664457494434338, 0.0, 0.0, 0.0, 1.0, 4.2647, 0.0, 0.5, 0.0, 4.2647, 0.5, 0.0, 0.0, 1.0]], ["frame18_mirror.png", [0.9831986427307129, 0.10278278589248657, 0.1508515477180481, -0.3833468443222259, 0.11550015211105347, -0.9902327060699463, -0.07809476554393768, 0.2090728516591345, 0.14135132730007172, 0.09420603513717651, -0.9854668974876404, 2.664457494434338, 0.0, 0.0, 0.0, 1.0, 4.2647, 0.0, 0.5, 0.0, 4.2647, 0.5, 0.0, 0.0, 1.0]], ["frame19.png", [0.9832206964492798, -0.10743509978055954, -0.14742694795131683, 0.3758326153509292, -0.11427807807922363, -0.9926933646202087, -0.03873412683606148, 0.11094541416233075, -0.14218834042549133, 0.05493186414241791, -0.9883142113685608, 2.6714117916028655, 0.0, 0.0, 0.0, 1.0, 4.2647, 0.0, 0.5, 0.0, 4.2647, 0.5, 0.0, 0.0, 1.0]], ["frame19_mirror.png", [0.9832206964492798, 0.10743509978055954, 0.14742694795131683, -0.3758326153509292, 0.11427807807922363, -0.9926933646202087, -0.03873412683606148, 0.11094541416233075, 0.14218834042549133, 0.05493186414241791, -0.9883142113685608, 2.6714117916028655, 0.0, 0.0, 0.0, 1.0, 4.2647, 0.0, 0.5, 0.0, 4.2647, 0.5, 0.0, 0.0, 1.0]], ["frame2.png", [0.9822136163711548, -0.12864984571933746, -0.13676846027374268, 0.3478374806637095, -0.13299807906150818, -0.9908469319343567, -0.023106273263692856, 0.0663586378864232, -0.13254398107528687, 0.04088523983955383, -0.9903334975242615, 2.6766780938737074, 0.0, 0.0, 0.0, 1.0, 4.2647, 0.0, 0.5, 0.0, 4.2647, 0.5, 0.0, 0.0, 1.0]], ["frame2_mirror.png", [0.9822136163711548, 0.12864984571933746, 0.13676846027374268, -0.3478374806637095, 0.13299807906150818, -0.9908469319343567, -0.023106273263692856, 0.0663586378864232, 0.13254398107528687, 0.04088523983955383, -0.9903334975242615, 2.6766780938737074, 0.0, 0.0, 0.0, 1.0, 4.2647, 0.0, 0.5, 0.0, 4.2647, 0.5, 0.0, 0.0, 1.0]], ["frame20.png", [0.9814396500587463, -0.11003698408603668, -0.15706071257591248, 0.3963852333009089, -0.11276125907897949, -0.9935856461524963, -0.008513927459716797, 0.03528479527766105, -0.15511642396450043, 0.026066269725561142, -0.987552285194397, 2.670511885396356, 0.0, 0.0, 0.0, 1.0, 4.2647, 0.0, 0.5, 0.0, 4.2647, 0.5, 0.0, 0.0, 1.0]], ["frame20_mirror.png", [0.9814396500587463, 0.11003698408603668, 0.15706071257591248, -0.3963852333009089, 0.11276125907897949, -0.9935856461524963, -0.008513927459716797, 0.03528479527766105, 0.15511642396450043, 0.026066269725561142, -0.987552285194397, 2.670511885396356, 0.0, 0.0, 0.0, 1.0, 4.2647, 0.0, 0.5, 0.0, 4.2647, 0.5, 0.0, 0.0, 1.0]], ["frame21.png", [0.9803499579429626, -0.11131418496370316, -0.16285920143127441, 0.4117144434430384, -0.11498104780912399, -0.9932795166969299, -0.013235809281468391, 0.04526289456834202, -0.1602913737297058, 0.03170144557952881, -0.9865605235099792, 2.668040945607036, 0.0, 0.0, 0.0, 1.0, 4.2647, 0.0, 0.5, 0.0, 4.2647, 0.5, 0.0, 0.0, 1.0]], ["frame21_mirror.png", [0.9803499579429626, 0.11131418496370316, 0.16285920143127441, -0.4117144434430384, 0.11498104780912399, -0.9932795166969299, -0.013235809281468391, 0.04526289456834202, 0.1602913737297058, 0.03170144557952881, -0.9865605235099792, 2.668040945607036, 0.0, 0.0, 0.0, 1.0, 4.2647, 0.0, 0.5, 0.0, 4.2647, 0.5, 0.0, 0.0, 1.0]], ["frame22.png", [0.9812585711479187, -0.10764391720294952, -0.15982626378536224, 0.4070307631804519, -0.11669275164604187, -0.9919915795326233, -0.04832686483860016, 0.1320614235422704, -0.15334421396255493, 0.06607171893119812, -0.9859615564346313, 2.6658742915292777, 0.0, 0.0, 0.0, 1.0, 4.2647, 0.0, 0.5, 0.0, 4.2647, 0.5, 0.0, 0.0, 1.0]], ["frame22_mirror.png", [0.9812585711479187, 0.10764391720294952, 0.15982626378536224, -0.4070307631804519, 0.11669275164604187, -0.9919915795326233, -0.04832686483860016, 0.1320614235422704, 0.15334421396255493, 0.06607171893119812, -0.9859615564346313, 2.6658742915292777, 0.0, 0.0, 0.0, 1.0, 4.2647, 0.0, 0.5, 0.0, 4.2647, 0.5, 0.0, 0.0, 1.0]], ["frame23.png", [0.9819937348365784, -0.10328494012355804, -0.15817883610725403, 0.4024584170095649, -0.11518990993499756, -0.9910119771957397, -0.06801893562078476, 0.18154185056650327, -0.14973178505897522, 0.08501476794481277, -0.9850649237632751, 2.6636572187635266, 0.0, 0.0, 0.0, 1.0, 4.2647, 0.0, 0.5, 0.0, 4.2647, 0.5, 0.0, 0.0, 1.0]], ["frame23_mirror.png", [0.9819937348365784, 0.10328494012355804, 0.15817883610725403, -0.4024584170095649, 0.11518990993499756, -0.9910119771957397, -0.06801893562078476, 0.18154185056650327, 0.14973178505897522, 0.08501476794481277, -0.9850649237632751, 2.6636572187635266, 0.0, 0.0, 0.0, 1.0, 4.2647, 0.0, 0.5, 0.0, 4.2647, 0.5, 0.0, 0.0, 1.0]], ["frame24.png", [0.981275737285614, -0.10570007562637329, -0.16101346909999847, 0.4094623812967681, -0.1197875440120697, -0.9895361065864563, -0.08043164014816284, 0.2142135457178445, -0.15082700550556183, 0.09821303188800812, -0.9836693406105042, 2.6601603551541344, 0.0, 0.0, 0.0, 1.0, 4.2647, 0.0, 0.5, 0.0, 4.2647, 0.5, 0.0, 0.0, 1.0]], ["frame24_mirror.png", [0.981275737285614, 0.10570007562637329, 0.16101346909999847, -0.4094623812967681, 0.1197875440120697, -0.9895361065864563, -0.08043164014816284, 0.2142135457178445, 0.15082700550556183, 0.09821303188800812, -0.9836693406105042, 2.6601603551541344, 0.0, 0.0, 0.0, 1.0, 4.2647, 0.0, 0.5, 0.0, 4.2647, 0.5, 0.0, 0.0, 1.0]], ["frame25.png", [0.9818397760391235, -0.10656097531318665, -0.15695644915103912, 0.3987775712010139, -0.12035436183214188, -0.9894089698791504, -0.08114554733037949, 0.21269268247148637, -0.1466471552848816, 0.0985623225569725, -0.9842662215232849, 2.6619050079839637, 0.0, 0.0, 0.0, 1.0, 4.2647, 0.0, 0.5, 0.0, 4.2647, 0.5, 0.0, 0.0, 1.0]], ["frame25_mirror.png", [0.9818397760391235, 0.10656097531318665, 0.15695644915103912, -0.3987775712010139, 0.12035436183214188, -0.9894089698791504, -0.08114554733037949, 0.21269268247148637, 0.1466471552848816, 0.0985623225569725, -0.9842662215232849, 2.6619050079839637, 0.0, 0.0, 0.0, 1.0, 4.2647, 0.0, 0.5, 0.0, 4.2647, 0.5, 0.0, 0.0, 1.0]], ["frame26.png", [0.9812571406364441, -0.11012706160545349, -0.15813422203063965, 0.4026585749146211, -0.12259885668754578, -0.9898859858512878, -0.07138095796108246, 0.1877841862572832, -0.1486738622188568, 0.08943015336990356, -0.9848341345787048, 2.663194167055684, 0.0, 0.0, 0.0, 1.0, 4.2647, 0.0, 0.5, 0.0, 4.2647, 0.5, 0.0, 0.0, 1.0]], ["frame26_mirror.png", [0.9812571406364441, 0.11012706160545349, 0.15813422203063965, -0.4026585749146211, 0.12259885668754578, -0.9898859858512878, -0.07138095796108246, 0.1877841862572832, 0.1486738622188568, 0.08943015336990356, -0.9848341345787048, 2.663194167055684, 0.0, 0.0, 0.0, 1.0, 4.2647, 0.0, 0.5, 0.0, 4.2647, 0.5, 0.0, 0.0, 1.0]], ["frame27.png", [0.9811714887619019, -0.11298177391290665, -0.15664491057395935, 0.39891173126930285, -0.12460696697235107, -0.9899775385856628, -0.06646488606929779, 0.1771933660688377, -0.14756561815738678, 0.08473250269889832, -0.985416054725647, 2.664483428673732, 0.0, 0.0, 0.0, 1.0, 4.2647, 0.0, 0.5, 0.0, 4.2647, 0.5, 0.0, 0.0, 1.0]], ["frame27_mirror.png", [0.9811714887619019, 0.11298177391290665, 0.15664491057395935, -0.39891173126930285, 0.12460696697235107, -0.9899775385856628, -0.06646488606929779, 0.1771933660688377, 0.14756561815738678, 0.08473250269889832, -0.985416054725647, 2.664483428673732, 0.0, 0.0, 0.0, 1.0, 4.2647, 0.0, 0.5, 0.0, 4.2647, 0.5, 0.0, 0.0, 1.0]], ["frame28.png", [0.9815009236335754, -0.11584048718214035, -0.15243662893772125, 0.3872750376175563, -0.12656626105308533, -0.9899798035621643, -0.06261727958917618, 0.1681832193613153, -0.14365556836128235, 0.08075225353240967, -0.986327588558197, 2.666783165156774, 0.0, 0.0, 0.0, 1.0, 4.2647, 0.0, 0.5, 0.0, 4.2647, 0.5, 0.0, 0.0, 1.0]], ["frame28_mirror.png", [0.9815009236335754, 0.11584048718214035, 0.15243662893772125, -0.3872750376175563, 0.12656626105308533, -0.9899798035621643, -0.06261727958917618, 0.1681832193613153, 0.14365556836128235, 0.08075225353240967, -0.986327588558197, 2.666783165156774, 0.0, 0.0, 0.0, 1.0, 4.2647, 0.0, 0.5, 0.0, 4.2647, 0.5, 0.0, 0.0, 1.0]], ["frame29.png", [0.9810546636581421, -0.11361001431941986, -0.15692219138145447, 0.4001463979615081, -0.1271214336156845, -0.988743782043457, -0.0789046585559845, 0.21201100308166862, -0.14619147777557373, 0.09735795110464096, -0.9844539165496826, 2.6617539696167896, 0.0, 0.0, 0.0, 1.0, 4.2647, 0.0, 0.5, 0.0, 4.2647, 0.5, 0.0, 0.0, 1.0]], ["frame29_mirror.png", [0.9810546636581421, 0.11361001431941986, 0.15692219138145447, -0.4001463979615081, 0.1271214336156845, -0.988743782043457, -0.0789046585559845, 0.21201100308166862, 0.14619147777557373, 0.09735795110464096, -0.9844539165496826, 2.6617539696167896, 0.0, 0.0, 0.0, 1.0, 4.2647, 0.0, 0.5, 0.0, 4.2647, 0.5, 0.0, 0.0, 1.0]], ["frame3.png", [0.9786645174026489, -0.12952369451522827, -0.15949738025665283, 0.40427119217438523, -0.13238026201725006, -0.9911715984344482, -0.007371107582002878, 0.026414466639730006, -0.1571345329284668, 0.028328148648142815, -0.9871708154678345, 2.6694319768688697, 0.0, 0.0, 0.0, 1.0, 4.2647, 0.0, 0.5, 0.0, 4.2647, 0.5, 0.0, 0.0, 1.0]], ["frame3_mirror.png", [0.9786645174026489, 0.12952369451522827, 0.15949738025665283, -0.40427119217438523, 0.13238026201725006, -0.9911715984344482, -0.007371107582002878, 0.026414466639730006, 0.1571345329284668, 0.028328148648142815, -0.9871708154678345, 2.6694319768688697, 0.0, 0.0, 0.0, 1.0, 4.2647, 0.0, 0.5, 0.0, 4.2647, 0.5, 0.0, 0.0, 1.0]], ["frame30.png", [0.9811525940895081, -0.10783343017101288, -0.16034792363643646, 0.40921121285978534, -0.1235140711069107, -0.9881384372711182, -0.09125030040740967, 0.2439447811490987, -0.14860612154006958, 0.10933569818735123, -0.9828336238861084, 2.6576375085816246, 0.0, 0.0, 0.0, 1.0, 4.2647, 0.0, 0.5, 0.0, 4.2647, 0.5, 0.0, 0.0, 1.0]], ["frame30_mirror.png", [0.9811525940895081, 0.10783343017101288, 0.16034792363643646, -0.40921121285978534, 0.1235140711069107, -0.9881384372711182, -0.09125030040740967, 0.2439447811490987, 0.14860612154006958, 0.10933569818735123, -0.9828336238861084, 2.6576375085816246, 0.0, 0.0, 0.0, 1.0, 4.2647, 0.0, 0.5, 0.0, 4.2647, 0.5, 0.0, 0.0, 1.0]], ["frame31.png", [0.9792625904083252, -0.10598614811897278, -0.1726607233285904, 0.4392088028558628, -0.12405040115118027, -0.9874833226203918, -0.09740698337554932, 0.2525285894035729, -0.16017580032348633, 0.11680565029382706, -0.9801531434059143, 2.6520416548440116, 0.0, 0.0, 0.0, 1.0, 4.2647, 0.0, 0.5, 0.0, 4.2647, 0.5, 0.0, 0.0, 1.0]], ["frame31_mirror.png", [0.9792625904083252, 0.10598614811897278, 0.1726607233285904, -0.4392088028558628, 0.12405040115118027, -0.9874833226203918, -0.09740698337554932, 0.2525285894035729, 0.16017580032348633, 0.11680565029382706, -0.9801531434059143, 2.6520416548440116, 0.0, 0.0, 0.0, 1.0, 4.2647, 0.0, 0.5, 0.0, 4.2647, 0.5, 0.0, 0.0, 1.0]], ["frame32.png", [0.9784982204437256, -0.10693094879388809, -0.1763719618320465, 0.44773009732851005, -0.12374626100063324, -0.988471269607544, -0.08724359422922134, 0.22567572418247658, -0.16500957310199738, 0.10719306021928787, -0.9804496765136719, 2.6530375473145718, 0.0, 0.0, 0.0, 1.0, 4.2647, 0.0, 0.5, 0.0, 4.2647, 0.5, 0.0, 0.0, 1.0]], ["frame32_mirror.png", [0.9784982204437256, 0.10693094879388809, 0.1763719618320465, -0.44773009732851005, 0.12374626100063324, -0.988471269607544, -0.08724359422922134, 0.22567572418247658, 0.16500957310199738, 0.10719306021928787, -0.9804496765136719, 2.6530375473145718, 0.0, 0.0, 0.0, 1.0, 4.2647, 0.0, 0.5, 0.0, 4.2647, 0.5, 0.0, 0.0, 1.0]], ["frame33.png", [0.9781244993209839, -0.109796442091465, -0.1766839474439621, 0.44723272001515857, -0.12505210936069489, -0.9891084432601929, -0.07762984186410904, 0.19702819849631778, -0.16623610258102417, 0.0980263501405716, -0.9812014698982239, 2.65540256517635, 0.0, 0.0, 0.0, 1.0, 4.2647, 0.0, 0.5, 0.0, 4.2647, 0.5, 0.0, 0.0, 1.0]], ["frame33_mirror.png", [0.9781244993209839, 0.109796442091465, 0.1766839474439621, -0.44723272001515857, 0.12505210936069489, -0.9891084432601929, -0.07762984186410904, 0.19702819849631778, 0.16623610258102417, 0.0980263501405716, -0.9812014698982239, 2.65540256517635, 0.0, 0.0, 0.0, 1.0, 4.2647, 0.0, 0.5, 0.0, 4.2647, 0.5, 0.0, 0.0, 1.0]], ["frame34.png", [0.9777568578720093, -0.11642903089523315, -0.17445866763591766, 0.44280315866039327, -0.13122746348381042, -0.9884499907493591, -0.07580172270536423, 0.19235595714918408, -0.16361816227436066, 0.09700942039489746, -0.9817425012588501, 2.656487257343728, 0.0, 0.0, 0.0, 1.0, 4.2647, 0.0, 0.5, 0.0, 4.2647, 0.5, 0.0, 0.0, 1.0]], ["frame34_mirror.png", [0.9777568578720093, 0.11642903089523315, 0.17445866763591766, -0.44280315866039327, 0.13122746348381042, -0.9884499907493591, -0.07580172270536423, 0.19235595714918408, 0.16361816227436066, 0.09700942039489746, -0.9817425012588501, 2.656487257343728, 0.0, 0.0, 0.0, 1.0, 4.2647, 0.0, 0.5, 0.0, 4.2647, 0.5, 0.0, 0.0, 1.0]], ["frame35.png", [0.9770210981369019, -0.1197906881570816, -0.17629504203796387, 0.44694180034740516, -0.13946427404880524, -0.9847757816314697, -0.10376113653182983, 0.26451266225391495, -0.1611814647912979, 0.12596367299556732, -0.9788532853126526, 2.6495803589643336, 0.0, 0.0, 0.0, 1.0, 4.2647, 0.0, 0.5, 0.0, 4.2647, 0.5, 0.0, 0.0, 1.0]], ["frame35_mirror.png", [0.9770210981369019, 0.1197906881570816, 0.17629504203796387, -0.44694180034740516, 0.13946427404880524, -0.9847757816314697, -0.10376113653182983, 0.26451266225391495, 0.1611814647912979, 0.12596367299556732, -0.9788532853126526, 2.6495803589643336, 0.0, 0.0, 0.0, 1.0, 4.2647, 0.0, 0.5, 0.0, 4.2647, 0.5, 0.0, 0.0, 1.0]], ["frame36.png", [0.9767556190490723, -0.13012182712554932, -0.17034292221069336, 0.43144049467597917, -0.15652692317962646, -0.975897490978241, -0.15206383168697357, 0.3892588147532684, -0.14645040035247803, 0.1751924753189087, -0.9735808968544006, 2.6367284036644025, 0.0, 0.0, 0.0, 1.0, 4.2647, 0.0, 0.5, 0.0, 4.2647, 0.5, 0.0, 0.0, 1.0]], ["frame36_mirror.png", [0.9767556190490723, 0.13012182712554932, 0.17034292221069336, -0.43144049467597917, 0.15652692317962646, -0.975897490978241, -0.15206383168697357, 0.3892588147532684, 0.14645040035247803, 0.1751924753189087, -0.9735808968544006, 2.6367284036644025, 0.0, 0.0, 0.0, 1.0, 4.2647, 0.0, 0.5, 0.0, 4.2647, 0.5, 0.0, 0.0, 1.0]], ["frame37.png", [0.9784114956855774, -0.13260480761528015, -0.1585148721933365, 0.4039077460127082, -0.16383251547813416, -0.9652082324028015, -0.20379391312599182, 0.5325680082601375, -0.1259758025407791, 0.22536419332027435, -0.9660958051681519, 2.615956775118573, 0.0, 0.0, 0.0, 1.0, 4.2647, 0.0, 0.5, 0.0, 4.2647, 0.5, 0.0, 0.0, 1.0]], ["frame37_mirror.png", [0.9784114956855774, 0.13260480761528015, 0.1585148721933365, -0.4039077460127082, 0.16383251547813416, -0.9652082324028015, -0.20379391312599182, 0.5325680082601375, 0.1259758025407791, 0.22536419332027435, -0.9660958051681519, 2.615956775118573, 0.0, 0.0, 0.0, 1.0, 4.2647, 0.0, 0.5, 0.0, 4.2647, 0.5, 0.0, 0.0, 1.0]], ["frame38.png", [0.9782108664512634, -0.14046317338943481, -0.1528843194246292, 0.39044003950674844, -0.165859654545784, -0.9716417789459229, -0.16853153705596924, 0.4520818256280043, -0.12487632781267166, 0.19021672010421753, -0.9737676978111267, 2.6330929718653726, 0.0, 0.0, 0.0, 1.0, 4.2647, 0.0, 0.5, 0.0, 4.2647, 0.5, 0.0, 0.0, 1.0]], ["frame38_mirror.png", [0.9782108664512634, 0.14046317338943481, 0.1528843194246292, -0.39044003950674844, 0.165859654545784, -0.9716417789459229, -0.16853153705596924, 0.4520818256280043, 0.12487632781267166, 0.19021672010421753, -0.9737676978111267, 2.6330929718653726, 0.0, 0.0, 0.0, 1.0, 4.2647, 0.0, 0.5, 0.0, 4.2647, 0.5, 0.0, 0.0, 1.0]], ["frame39.png", [0.9766507148742676, -0.15578962862491608, -0.14792881906032562, 0.3762680701387502, -0.17381638288497925, -0.9776928424835205, -0.11791814863681793, 0.3200222250626325, -0.1262585073709488, 0.14087730646133423, -0.9819431900978088, 2.6544317875696155, 0.0, 0.0, 0.0, 1.0, 4.2647, 0.0, 0.5, 0.0, 4.2647, 0.5, 0.0, 0.0, 1.0]], ["frame39_mirror.png", [0.9766507148742676, 0.15578962862491608, 0.14792881906032562, -0.3762680701387502, 0.17381638288497925, -0.9776928424835205, -0.11791814863681793, 0.3200222250626325, 0.1262585073709488, 0.14087730646133423, -0.9819431900978088, 2.6544317875696155, 0.0, 0.0, 0.0, 1.0, 4.2647, 0.0, 0.5, 0.0, 4.2647, 0.5, 0.0, 0.0, 1.0]], ["frame4.png", [0.9781683683395386, -0.1435108482837677, -0.15030406415462494, 0.38165397781110916, -0.14383061230182648, -0.9895632266998291, 0.008798749186098576, -0.01634338313018149, -0.14999808371067047, 0.013011668808758259, -0.9886007308959961, 2.672839900751412, 0.0, 0.0, 0.0, 1.0, 4.2647, 0.0, 0.5, 0.0, 4.2647, 0.5, 0.0, 0.0, 1.0]], ["frame4_mirror.png", [0.9781683683395386, 0.1435108482837677, 0.15030406415462494, -0.38165397781110916, 0.14383061230182648, -0.9895632266998291, 0.008798749186098576, -0.01634338313018149, 0.14999808371067047, 0.013011668808758259, -0.9886007308959961, 2.672839900751412, 0.0, 0.0, 0.0, 1.0, 4.2647, 0.0, 0.5, 0.0, 4.2647, 0.5, 0.0, 0.0, 1.0]], ["frame40.png", [0.978708803653717, -0.15309827029705048, -0.13671134412288666, 0.3499537488972967, -0.16936036944389343, -0.9786455631256104, -0.11649025976657867, 0.314066924716105, -0.11595749109983444, 0.13716353476047516, -0.9837377667427063, 2.6587392388935207, 0.0, 0.0, 0.0, 1.0, 4.2647, 0.0, 0.5, 0.0, 4.2647, 0.5, 0.0, 0.0, 1.0]], ["frame40_mirror.png", [0.978708803653717, 0.15309827029705048, 0.13671134412288666, -0.3499537488972967, 0.16936036944389343, -0.9786455631256104, -0.11649025976657867, 0.314066924716105, 0.11595749109983444, 0.13716353476047516, -0.9837377667427063, 2.6587392388935207, 0.0, 0.0, 0.0, 1.0, 4.2647, 0.0, 0.5, 0.0, 4.2647, 0.5, 0.0, 0.0, 1.0]], ["frame41.png", [0.9804253578186035, -0.13306476175785065, -0.14511996507644653, 0.36942603621838627, -0.15757127106189728, -0.9722198247909546, -0.17308901250362396, 0.458781795763305, -0.11805646121501923, 0.1925676017999649, -0.9741562008857727, 2.6349655913579157, 0.0, 0.0, 0.0, 1.0, 4.2647, 0.0, 0.5, 0.0, 4.2647, 0.5, 0.0, 0.0, 1.0]], ["frame41_mirror.png", [0.9804253578186035, 0.13306476175785065, 0.14511996507644653, -0.36942603621838627, 0.15757127106189728, -0.9722198247909546, -0.17308901250362396, 0.458781795763305, 0.11805646121501923, 0.1925676017999649, -0.9741562008857727, 2.6349655913579157, 0.0, 0.0, 0.0, 1.0, 4.2647, 0.0, 0.5, 0.0, 4.2647, 0.5, 0.0, 0.0, 1.0]], ["frame42.png", [0.9804010987281799, -0.13460350036621094, -0.14385953545570374, 0.36718243833084924, -0.16113056242465973, -0.9680007100105286, -0.19238418340682983, 0.5033915459865985, -0.11336054652929306, 0.21179383993148804, -0.9707176685333252, 2.6271227623410818, 0.0, 0.0, 0.0, 1.0, 4.2647, 0.0, 0.5, 0.0, 4.2647, 0.5, 0.0, 0.0, 1.0]], ["frame42_mirror.png", [0.9804010987281799, 0.13460350036621094, 0.14385953545570374, -0.36718243833084924, 0.16113056242465973, -0.9680007100105286, -0.19238418340682983, 0.5033915459865985, 0.11336054652929306, 0.21179383993148804, -0.9707176685333252, 2.6271227623410818, 0.0, 0.0, 0.0, 1.0, 4.2647, 0.0, 0.5, 0.0, 4.2647, 0.5, 0.0, 0.0, 1.0]], ["frame43.png", [0.9797459244728088, -0.13571985065937042, -0.14723436534404755, 0.37418976955644284, -0.15908895432949066, -0.9740952253341675, -0.16071447730064392, 0.4239035624679371, -0.12160814553499222, 0.18088272213935852, -0.975957453250885, 2.6401302593028038, 0.0, 0.0, 0.0, 1.0, 4.2647, 0.0, 0.5, 0.0, 4.2647, 0.5, 0.0, 0.0, 1.0]], ["frame43_mirror.png", [0.9797459244728088, 0.13571985065937042, 0.14723436534404755, -0.37418976955644284, 0.15908895432949066, -0.9740952253341675, -0.16071447730064392, 0.4239035624679371, 0.12160814553499222, 0.18088272213935852, -0.975957453250885, 2.6401302593028038, 0.0, 0.0, 0.0, 1.0, 4.2647, 0.0, 0.5, 0.0, 4.2647, 0.5, 0.0, 0.0, 1.0]], ["frame44.png", [0.9790173172950745, -0.140995591878891, -0.14712317287921906, 0.37468287267667943, -0.15655213594436646, -0.9825838804244995, -0.10010165721178055, 0.26374103179102276, -0.13044695556163788, 0.12103371322154999, -0.9840397834777832, 2.6608369760420425, 0.0, 0.0, 0.0, 1.0, 4.2647, 0.0, 0.5, 0.0, 4.2647, 0.5, 0.0, 0.0, 1.0]], ["frame44_mirror.png", [0.9790173172950745, 0.140995591878891, 0.14712317287921906, -0.37468287267667943, 0.15655213594436646, -0.9825838804244995, -0.10010165721178055, 0.26374103179102276, 0.13044695556163788, 0.12103371322154999, -0.9840397834777832, 2.6608369760420425, 0.0, 0.0, 0.0, 1.0, 4.2647, 0.0, 0.5, 0.0, 4.2647, 0.5, 0.0, 0.0, 1.0]], ["frame45.png", [0.9752984642982483, -0.1504698246717453, -0.16171501576900482, 0.4122926957954054, -0.16534197330474854, -0.9827584028244019, -0.08275233954191208, 0.2197012470041763, -0.14647506177425385, 0.10744651407003403, -0.9833617210388184, 2.659275483107865, 0.0, 0.0, 0.0, 1.0, 4.2647, 0.0, 0.5, 0.0, 4.2647, 0.5, 0.0, 0.0, 1.0]], ["frame45_mirror.png", [0.9752984642982483, 0.1504698246717453, 0.16171501576900482, -0.4122926957954054, 0.16534197330474854, -0.9827584028244019, -0.08275233954191208, 0.2197012470041763, 0.14647506177425385, 0.10744651407003403, -0.9833617210388184, 2.659275483107865, 0.0, 0.0, 0.0, 1.0, 4.2647, 0.0, 0.5, 0.0, 4.2647, 0.5, 0.0, 0.0, 1.0]], ["frame46.png", [0.9742807149887085, -0.1415109485387802, -0.1753619909286499, 0.4483357006707949, -0.16364942491054535, -0.9793237447738647, -0.1189279705286026, 0.3174257247747046, -0.15490654110908508, 0.1445671021938324, -0.977294385433197, 2.643527190848485, 0.0, 0.0, 0.0, 1.0, 4.2647, 0.0, 0.5, 0.0, 4.2647, 0.5, 0.0, 0.0, 1.0]], ["frame46_mirror.png", [0.9742807149887085, 0.1415109485387802, 0.1753619909286499, -0.4483357006707949, 0.16364942491054535, -0.9793237447738647, -0.1189279705286026, 0.3174257247747046, 0.15490654110908508, 0.1445671021938324, -0.977294385433197, 2.643527190848485, 0.0, 0.0, 0.0, 1.0, 4.2647, 0.0, 0.5, 0.0, 4.2647, 0.5, 0.0, 0.0, 1.0]], ["frame47.png", [0.9744119048118591, -0.1397939771413803, -0.17600835859775543, 0.4478361939609996, -0.16553103923797607, -0.9760459661483765, -0.14118686318397522, 0.3760127513796685, -0.15205517411231995, 0.1667090207338333, -0.9742110967636108, 2.6359167578241953, 0.0, 0.0, 0.0, 1.0, 4.2647, 0.0, 0.5, 0.0, 4.2647, 0.5, 0.0, 0.0, 1.0]], ["frame47_mirror.png", [0.9744119048118591, 0.1397939771413803, 0.17600835859775543, -0.4478361939609996, 0.16553103923797607, -0.9760459661483765, -0.14118686318397522, 0.3760127513796685, 0.15205517411231995, 0.1667090207338333, -0.9742110967636108, 2.6359167578241953, 0.0, 0.0, 0.0, 1.0, 4.2647, 0.0, 0.5, 0.0, 4.2647, 0.5, 0.0, 0.0, 1.0]], ["frame48.png", [0.9757578372955322, -0.1411994993686676, -0.1672104448080063, 0.4268323542992515, -0.16241902112960815, -0.97929447889328, -0.12084020674228668, 0.32493479063047037, -0.14668568968772888, 0.1450689435005188, -0.9784877300262451, 2.646172995697993, 0.0, 0.0, 0.0, 1.0, 4.2647, 0.0, 0.5, 0.0, 4.2647, 0.5, 0.0, 0.0, 1.0]], ["frame48_mirror.png", [0.9757578372955322, 0.1411994993686676, 0.1672104448080063, -0.4268323542992515, 0.16241902112960815, -0.97929447889328, -0.12084020674228668, 0.32493479063047037, 0.14668568968772888, 0.1450689435005188, -0.9784877300262451, 2.646172995697993, 0.0, 0.0, 0.0, 1.0, 4.2647, 0.0, 0.5, 0.0, 4.2647, 0.5, 0.0, 0.0, 1.0]], ["frame49.png", [0.9761221408843994, -0.14258423447608948, -0.1638759821653366, 0.4190588956029494, -0.16093315184116364, -0.981395423412323, -0.10470655560493469, 0.28175393918462127, -0.14589764177799225, 0.12857946753501892, -0.9809083342552185, 2.6523582638418186, 0.0, 0.0, 0.0, 1.0, 4.2647, 0.0, 0.5, 0.0, 4.2647, 0.5, 0.0, 0.0, 1.0]], ["frame49_mirror.png", [0.9761221408843994, 0.14258423447608948, 0.1638759821653366, -0.4190588956029494, 0.16093315184116364, -0.981395423412323, -0.10470655560493469, 0.28175393918462127, 0.14589764177799225, 0.12857946753501892, -0.9809083342552185, 2.6523582638418186, 0.0, 0.0, 0.0, 1.0, 4.2647, 0.0, 0.5, 0.0, 4.2647, 0.5, 0.0, 0.0, 1.0]], ["frame5.png", [0.9790502786636353, -0.16855427622795105, -0.1142365038394928, 0.28936552532142384, -0.17009148001670837, -0.9854211211204529, -0.003774392418563366, 0.018616698025003552, -0.11193487048149109, 0.02312597632408142, -0.993446409702301, 2.6843846615770444, 0.0, 0.0, 0.0, 1.0, 4.2647, 0.0, 0.5, 0.0, 4.2647, 0.5, 0.0, 0.0, 1.0]], ["frame5_mirror.png", [0.9790502786636353, 0.16855427622795105, 0.1142365038394928, -0.28936552532142384, 0.17009148001670837, -0.9854211211204529, -0.003774392418563366, 0.018616698025003552, 0.11193487048149109, 0.02312597632408142, -0.993446409702301, 2.6843846615770444, 0.0, 0.0, 0.0, 1.0, 4.2647, 0.0, 0.5, 0.0, 4.2647, 0.5, 0.0, 0.0, 1.0]], ["frame6.png", [0.9799577593803406, -0.1871933788061142, -0.06812779605388641, 0.1756743132254354, -0.19047531485557556, -0.9806454181671143, -0.045318353921175, 0.12236687357106786, -0.058325909078121185, 0.05738673359155655, -0.9966468214988708, 2.691498631603816, 0.0, 0.0, 0.0, 1.0, 4.2647, 0.0, 0.5, 0.0, 4.2647, 0.5, 0.0, 0.0, 1.0]], ["frame6_mirror.png", [0.9799577593803406, 0.1871933788061142, 0.06812779605388641, -0.1756743132254354, 0.19047531485557556, -0.9806454181671143, -0.045318353921175, 0.12236687357106786, 0.058325909078121185, 0.05738673359155655, -0.9966468214988708, 2.691498631603816, 0.0, 0.0, 0.0, 1.0, 4.2647, 0.0, 0.5, 0.0, 4.2647, 0.5, 0.0, 0.0, 1.0]], ["frame7.png", [0.9801153540611267, -0.19178292155265808, -0.05092310160398483, 0.13459366615980645, -0.19523267447948456, -0.9779068827629089, -0.07471461594104767, 0.19380805138258717, -0.035469070076942444, 0.08317078649997711, -0.9959039092063904, 2.6896696793935404, 0.0, 0.0, 0.0, 1.0, 4.2647, 0.0, 0.5, 0.0, 4.2647, 0.5, 0.0, 0.0, 1.0]], ["frame7_mirror.png", [0.9801153540611267, 0.19178292155265808, 0.05092310160398483, -0.13459366615980645, 0.19523267447948456, -0.9779068827629089, -0.07471461594104767, 0.19380805138258717, 0.035469070076942444, 0.08317078649997711, -0.9959039092063904, 2.6896696793935404, 0.0, 0.0, 0.0, 1.0, 4.2647, 0.0, 0.5, 0.0, 4.2647, 0.5, 0.0, 0.0, 1.0]], ["frame8.png", [0.9813105463981628, -0.18473286926746368, -0.05388310179114342, 0.1381839759777645, -0.1880902349948883, -0.9799428582191467, -0.06583300977945328, 0.17782574100732698, -0.04064084216952324, 0.07473751157522202, -0.9963747262954712, 2.6905916068066094, 0.0, 0.0, 0.0, 1.0, 4.2647, 0.0, 0.5, 0.0, 4.2647, 0.5, 0.0, 0.0, 1.0]], ["frame8_mirror.png", [0.9813105463981628, 0.18473286926746368, 0.05388310179114342, -0.1381839759777645, 0.1880902349948883, -0.9799428582191467, -0.06583300977945328, 0.17782574100732698, 0.04064084216952324, 0.07473751157522202, -0.9963747262954712, 2.6905916068066094, 0.0, 0.0, 0.0, 1.0, 4.2647, 0.0, 0.5, 0.0, 4.2647, 0.5, 0.0, 0.0, 1.0]], ["frame9.png", [0.982842206954956, -0.17365841567516327, -0.06216084957122803, 0.1604773143793424, -0.17537756264209747, -0.9842250347137451, -0.023318840190768242, 0.0712403395774855, -0.05713075399398804, 0.03382036089897156, -0.9977936744689941, 2.694285034213433, 0.0, 0.0, 0.0, 1.0, 4.2647, 0.0, 0.5, 0.0, 4.2647, 0.5, 0.0, 0.0, 1.0]], ["frame9_mirror.png", [0.982842206954956, 0.17365841567516327, 0.06216084957122803, -0.1604773143793424, 0.17537756264209747, -0.9842250347137451, -0.023318840190768242, 0.0712403395774855, 0.05713075399398804, 0.03382036089897156, -0.9977936744689941, 2.694285034213433, 0.0, 0.0, 0.0, 1.0, 4.2647, 0.0, 0.5, 0.0, 4.2647, 0.5, 0.0, 0.0, 1.0]]]}