{"frame0.png": {"intrinsics": [[2985.29, 0.0, 512.0], [0.0, 2985.29, 512.0], [0.0, 0.0, 1.0]], "pose": [[0.7814043164253235, -0.02764359675347805, 0.6234124898910522, -1.744094729423523], [0.08943258225917816, -0.9837445616722107, -0.15571913123130798, 0.43314000964164734], [0.6175832748413086, 0.17743298411369324, -0.766230046749115, 2.3226711750030518], [0.0, 0.0, 0.0, 1.0]]}, "frame1.png": {"intrinsics": [[2985.29, 0.0, 512.0], [0.0, 2985.29, 512.0], [0.0, 0.0, 1.0]], "pose": [[0.7885388731956482, -0.0012490848312154412, 0.6149835586547852, -1.6874728202819824], [0.10822810232639313, -0.9841089844703674, -0.1407701075077057, 0.388187974691391], [0.6053866744041443, 0.1775612235069275, -0.7758730053901672, 2.3191978931427], [0.0, 0.0, 0.0, 1.0]]}, "frame10.png": {"intrinsics": [[2985.29, 0.0, 512.0], [0.0, 2985.29, 512.0], [0.0, 0.0, 1.0]], "pose": [[0.934634268283844, 0.09991959482431412, 0.3412840962409973, -0.934776782989502], [0.10775461792945862, -0.9941693544387817, -0.0040264553390443325, 0.02482152171432972], [0.338891863822937, 0.040538202971220016, -0.9399515390396118, 2.7408251762390137], [0.0, 0.0, 0.0, 1.0]]}, "frame11.png": {"intrinsics": [[2985.29, 0.0, 512.0], [0.0, 2985.29, 512.0], [0.0, 0.0, 1.0]], "pose": [[0.9368171095848083, 0.09594830125570297, 0.33640405535697937, -0.9302368760108948], [0.1023075059056282, -0.9947521090507507, -0.001185029512271285, 0.015149281360208988], [0.334524929523468, 0.0355268158018589, -0.9417170286178589, 2.773709535598755], [0.0, 0.0, 0.0, 1.0]]}, "frame12.png": {"intrinsics": [[2985.29, 0.0, 512.0], [0.0, 2985.29, 512.0], [0.0, 0.0, 1.0]], "pose": [[0.9417296051979065, 0.09144019335508347, 0.3237035572528839, -0.869266927242279], [0.10241071879863739, -0.994597315788269, -0.016981706023216248, 0.056386206299066544], [0.3204018771648407, 0.04914288967847824, -0.9460061192512512, 2.695314645767212], [0.0, 0.0, 0.0, 1.0]]}, "frame13.png": {"intrinsics": [[2985.29, 0.0, 512.0], [0.0, 2985.29, 512.0], [0.0, 0.0, 1.0]], "pose": [[0.9413368105888367, 0.10457293689250946, 0.32085737586021423, -0.8681711554527283], [0.11589480191469193, -0.9931271076202393, -0.01633693464100361, 0.05048340559005737], [0.3169437646865845, 0.05256425961852074, -0.9469866156578064, 2.7356340885162354], [0.0, 0.0, 0.0, 1.0]]}, "frame14.png": {"intrinsics": [[2985.29, 0.0, 512.0], [0.0, 2985.29, 512.0], [0.0, 0.0, 1.0]], "pose": [[0.9414650797843933, 0.11823185533285141, 0.31569719314575195, -0.875415563583374], [0.1219935268163681, -0.9924994707107544, 0.007894945330917835, -0.017644833773374557], [0.314262717962265, 0.031080197542905807, -0.9488271474838257, 2.820939064025879], [0.0, 0.0, 0.0, 1.0]]}, "frame15.png": {"intrinsics": [[2985.29, 0.0, 512.0], [0.0, 2985.29, 512.0], [0.0, 0.0, 1.0]], "pose": [[0.9507832527160645, 0.14370067417621613, 0.2745201885700226, -0.7474691867828369], [0.15630687773227692, -0.9874048829078674, -0.02449079230427742, 0.08281556516885757], [0.2675432562828064, 0.06619483232498169, -0.9612694382667542, 2.7851548194885254], [0.0, 0.0, 0.0, 1.0]]}, "frame16.png": {"intrinsics": [[2985.29, 0.0, 512.0], [0.0, 2985.29, 512.0], [0.0, 0.0, 1.0]], "pose": [[0.9640920758247375, 0.16144980490207672, 0.21085642278194427, -0.5552271604537964], [0.17402708530426025, -0.9838278889656067, -0.04239526391029358, 0.12016277760267258], [0.200601726770401, 0.07756766676902771, -0.9765973091125488, 2.733452081680298], [0.0, 0.0, 0.0, 1.0]]}, "frame17.png": {"intrinsics": [[2985.29, 0.0, 512.0], [0.0, 2985.29, 512.0], [0.0, 0.0, 1.0]], "pose": [[0.9758734703063965, 0.20198285579681396, 0.08290921896696091, -0.21518543362617493], [0.20853912830352783, -0.9747427701950073, -0.07992447912693024, 0.2138943076133728], [0.06467178463935852, 0.09528598934412003, -0.9933469295501709, 2.7364277839660645], [0.0, 0.0, 0.0, 1.0]]}, "frame18.png": {"intrinsics": [[2985.29, 0.0, 512.0], [0.0, 2985.29, 512.0], [0.0, 0.0, 1.0]], "pose": [[0.9743778109550476, 0.22107133269309998, 0.0414179190993309, -0.11377295106649399], [0.223984494805336, -0.970498263835907, -0.0892411321401596, 0.24340985715389252], [0.0204673632979393, 0.09623154997825623, -0.9951485395431519, 2.77392840385437], [0.0, 0.0, 0.0, 1.0]]}, "frame19.png": {"intrinsics": [[2985.29, 0.0, 512.0], [0.0, 2985.29, 512.0], [0.0, 0.0, 1.0]], "pose": [[0.9749151468276978, 0.22138315439224243, 0.023020334541797638, -0.06566605716943741], [0.22251863777637482, -0.9717979431152344, -0.07806584984064102, 0.21179306507110596], [0.005088651552796364, 0.081230029463768, -0.9966824054718018, 2.8219006061553955], [0.0, 0.0, 0.0, 1.0]]}, "frame2.png": {"intrinsics": [[2985.29, 0.0, 512.0], [0.0, 2985.29, 512.0], [0.0, 0.0, 1.0]], "pose": [[0.779425859451294, -0.00010168581502512097, 0.6264944672584534, -1.6718453168869019], [0.12141677737236023, -0.9810158610343933, -0.15121464431285858, 0.4094524681568146], [0.6146163940429688, 0.19392754137516022, -0.7646167874336243, 2.228558301925659], [0.0, 0.0, 0.0, 1.0]]}, "frame20.png": {"intrinsics": [[2985.29, 0.0, 512.0], [0.0, 2985.29, 512.0], [0.0, 0.0, 1.0]], "pose": [[0.9764014482498169, 0.21588243544101715, 0.005921387113630772, -0.021411968395113945], [0.21561118960380554, -0.9728757739067078, -0.08381234854459763, 0.22686690092086792], [-0.012332838028669357, 0.08311121165752411, -0.9964639544487, 2.7847628593444824], [0.0, 0.0, 0.0, 1.0]]}, "frame21.png": {"intrinsics": [[2985.29, 0.0, 512.0], [0.0, 2985.29, 512.0], [0.0, 0.0, 1.0]], "pose": [[0.9745268821716309, 0.22414177656173706, 0.007604034151881933, -0.02740216627717018], [0.22385141253471375, -0.9700732231140137, -0.09406634420156479, 0.254008948802948], [-0.013707727193832397, 0.09337235242128372, -0.9955368638038635, 2.7559142112731934], [0.0, 0.0, 0.0, 1.0]]}, "frame22.png": {"intrinsics": [[2985.29, 0.0, 512.0], [0.0, 2985.29, 512.0], [0.0, 0.0, 1.0]], "pose": [[0.9741023182868958, 0.22610032558441162, 0.0018136113649234176, -0.009896688163280487], [0.22512905299663544, -0.9691100120544434, -0.1007106602191925, 0.2724221646785736], [-0.02101312391459942, 0.09851078689098358, -0.9949140548706055, 2.7746763229370117], [0.0, 0.0, 0.0, 1.0]]}, "frame23.png": {"intrinsics": [[2985.29, 0.0, 512.0], [0.0, 2985.29, 512.0], [0.0, 0.0, 1.0]], "pose": [[0.974574089050293, 0.22383983433246613, -0.010056447237730026, 0.022186873480677605], [0.22139281034469604, -0.9688899517059326, -0.11062260717153549, 0.29257482290267944], [-0.03450533747673035, 0.10558349639177322, -0.9938116073608398, 2.772165298461914], [0.0, 0.0, 0.0, 1.0]]}, "frame24.png": {"intrinsics": [[2985.29, 0.0, 512.0], [0.0, 2985.29, 512.0], [0.0, 0.0, 1.0]], "pose": [[0.9725486040115356, 0.23251909017562866, -0.009168116375803947, 0.01974915899336338], [0.23028382658958435, -0.967366635799408, -0.1056932732462883, 0.2818940281867981], [-0.033444635570049286, 0.10068058222532272, -0.9943565130233765, 2.777878761291504], [0.0, 0.0, 0.0, 1.0]]}, "frame25.png": {"intrinsics": [[2985.29, 0.0, 512.0], [0.0, 2985.29, 512.0], [0.0, 0.0, 1.0]], "pose": [[0.9719674587249756, 0.23473115265369415, -0.013435249216854572, 0.0314323864877224], [0.23194371163845062, -0.9666434526443481, -0.10863911360502243, 0.2875431478023529], [-0.038488078862428665, 0.10247746109962463, -0.9939904808998108, 2.762943744659424], [0.0, 0.0, 0.0, 1.0]]}, "frame26.png": {"intrinsics": [[2985.29, 0.0, 512.0], [0.0, 2985.29, 512.0], [0.0, 0.0, 1.0]], "pose": [[0.9712744951248169, 0.23759347200393677, -0.013237970881164074, 0.026749394834041595], [0.2353305071592331, -0.9672966599464417, -0.09463997185230255, 0.2512434422969818], [-0.03529088571667671, 0.08880609273910522, -0.9954235553741455, 2.729823589324951], [0.0, 0.0, 0.0, 1.0]]}, "frame27.png": {"intrinsics": [[2985.29, 0.0, 512.0], [0.0, 2985.29, 512.0], [0.0, 0.0, 1.0]], "pose": [[0.9718453884124756, 0.23492270708084106, -0.018109023571014404, 0.04163748398423195], [0.23197385668754578, -0.9674456715583801, -0.10117829591035843, 0.2696836590766907], [-0.041288577020168304, 0.09412883967161179, -0.994703471660614, 2.77392840385437], [0.0, 0.0, 0.0, 1.0]]}, "frame28.png": {"intrinsics": [[2985.29, 0.0, 512.0], [0.0, 2985.29, 512.0], [0.0, 0.0, 1.0]], "pose": [[0.9713586568832397, 0.23699821531772614, -0.017152778804302216, 0.03647071123123169], [0.23321689665317535, -0.9647089242935181, -0.12225653976202011, 0.3265320360660553], [-0.045522019267082214, 0.11475463211536407, -0.9923503398895264, 2.7787280082702637], [0.0, 0.0, 0.0, 1.0]]}, "frame29.png": {"intrinsics": [[2985.29, 0.0, 512.0], [0.0, 2985.29, 512.0], [0.0, 0.0, 1.0]], "pose": [[0.9722892642021179, 0.2330898940563202, -0.01796618103981018, 0.040166329592466354], [0.22880737483501434, -0.9645569324493408, -0.13144268095493317, 0.3519049286842346], [-0.04796736687421799, 0.12368951737880707, -0.9911609888076782, 2.779217004776001], [0.0, 0.0, 0.0, 1.0]]}, "frame3.png": {"intrinsics": [[2985.29, 0.0, 512.0], [0.0, 2985.29, 512.0], [0.0, 0.0, 1.0]], "pose": [[0.7896516919136047, 0.005087446421384811, 0.6135343313217163, -1.6481586694717407], [0.12032430619001389, -0.9818322658538818, -0.1467224806547165, 0.3974113166332245], [0.6016413569450378, 0.189682736992836, -0.775917649269104, 2.2687771320343018], [0.0, 0.0, 0.0, 1.0]]}, "frame30.png": {"intrinsics": [[2985.29, 0.0, 512.0], [0.0, 2985.29, 512.0], [0.0, 0.0, 1.0]], "pose": [[0.9734533429145813, 0.22814364731311798, -0.018413683399558067, 0.0445721410214901], [0.22311703860759735, -0.9637916684150696, -0.1460290551185608, 0.39305347204208374], [-0.05106256157159805, 0.138044074177742, -0.9891089200973511, 2.793147325515747], [0.0, 0.0, 0.0, 1.0]]}, "frame31.png": {"intrinsics": [[2985.29, 0.0, 512.0], [0.0, 2985.29, 512.0], [0.0, 0.0, 1.0]], "pose": [[0.9734780192375183, 0.22798219323158264, -0.019098429009318352, 0.04526519030332565], [0.22297868132591248, -0.9641591906547546, -0.1437970995903015, 0.38735103607177734], [-0.0511971041560173, 0.1357247531414032, -0.9894229173660278, 2.7857625484466553], [0.0, 0.0, 0.0, 1.0]]}, "frame32.png": {"intrinsics": [[2985.29, 0.0, 512.0], [0.0, 2985.29, 512.0], [0.0, 0.0, 1.0]], "pose": [[0.9730040431022644, 0.2304992377758026, -0.011547071859240532, 0.029207926243543625], [0.2267952561378479, -0.964238703250885, -0.1371411830186844, 0.36595311760902405], [-0.04274506866931915, 0.13082009553909302, -0.9904842376708984, 2.7563350200653076], [0.0, 0.0, 0.0, 1.0]]}, "frame33.png": {"intrinsics": [[2985.29, 0.0, 512.0], [0.0, 2985.29, 512.0], [0.0, 0.0, 1.0]], "pose": [[0.9751792550086975, 0.22117118537425995, -0.010432216338813305, 0.021092358976602554], [0.2175612896680832, -0.965887725353241, -0.14045678079128265, 0.38018330931663513], [-0.041141342371702194, 0.13470089435577393, -0.9900318384170532, 2.7942869663238525], [0.0, 0.0, 0.0, 1.0]]}, "frame34.png": {"intrinsics": [[2985.29, 0.0, 512.0], [0.0, 2985.29, 512.0], [0.0, 0.0, 1.0]], "pose": [[0.9761082530021667, 0.21715442836284637, -0.007522040046751499, 0.014982500113546848], [0.21374380588531494, -0.9658503532409668, -0.14644722640514374, 0.3948647081851959], [-0.03906683251261711, 0.14134055376052856, -0.989189863204956, 2.792475461959839], [0.0, 0.0, 0.0, 1.0]]}, "frame35.png": {"intrinsics": [[2985.29, 0.0, 512.0], [0.0, 2985.29, 512.0], [0.0, 0.0, 1.0]], "pose": [[0.9757051467895508, 0.2189921885728836, 0.006476191338151693, -0.025500699877738953], [0.21749988198280334, -0.9646569490432739, -0.14876419305801392, 0.3998698592185974], [-0.026330890133976936, 0.14655855298042297, -0.9888514876365662, 2.7824785709381104], [0.0, 0.0, 0.0, 1.0]]}, "frame36.png": {"intrinsics": [[2985.29, 0.0, 512.0], [0.0, 2985.29, 512.0], [0.0, 0.0, 1.0]], "pose": [[0.9755859971046448, 0.21960335969924927, 0.002509119687601924, -0.012783954851329327], [0.21794144809246063, -0.966667652130127, -0.1343698501586914, 0.3682594895362854], [-0.02708258479833603, 0.13163618743419647, -0.990928053855896, 2.813072681427002], [0.0, 0.0, 0.0, 1.0]]}, "frame37.png": {"intrinsics": [[2985.29, 0.0, 512.0], [0.0, 2985.29, 512.0], [0.0, 0.0, 1.0]], "pose": [[0.9763098955154419, 0.2158496081829071, 0.015096439979970455, -0.04891829565167427], [0.21586409211158752, -0.9668221473693848, -0.13659334182739258, 0.3677501976490021], [-0.014888047240674496, 0.13661621510982513, -0.9905121922492981, 2.783494472503662], [0.0, 0.0, 0.0, 1.0]]}, "frame38.png": {"intrinsics": [[2985.29, 0.0, 512.0], [0.0, 2985.29, 512.0], [0.0, 0.0, 1.0]], "pose": [[0.9781569242477417, 0.2065073400735855, 0.0237446092069149, -0.07059189677238464], [0.20770670473575592, -0.9665021896362305, -0.15076974034309387, 0.4084582030773163], [-0.008185837417840958, 0.15240837633609772, -0.9882836937904358, 2.787820339202881], [0.0, 0.0, 0.0, 1.0]]}, "frame39.png": {"intrinsics": [[2985.29, 0.0, 512.0], [0.0, 2985.29, 512.0], [0.0, 0.0, 1.0]], "pose": [[0.9791867136955261, 0.20055364072322845, 0.03117178939282894, -0.08966811001300812], [0.20295847952365875, -0.9666914343833923, -0.1559344232082367, 0.4247977137565613], [-0.0011397134512662888, 0.159015491604805, -0.9872754216194153, 2.797442674636841], [0.0, 0.0, 0.0, 1.0]]}, "frame4.png": {"intrinsics": [[2985.29, 0.0, 512.0], [0.0, 2985.29, 512.0], [0.0, 0.0, 1.0]], "pose": [[0.7957873940467834, 0.008093670010566711, 0.6055219769477844, -1.7046416997909546], [0.11196663230657578, -0.9846373796463013, -0.1339873969554901, 0.3931649327278137], [0.5951350927352905, 0.1744237244129181, -0.7844682931900024, 2.367280960083008], [0.0, 0.0, 0.0, 1.0]]}, "frame40.png": {"intrinsics": [[2985.29, 0.0, 512.0], [0.0, 2985.29, 512.0], [0.0, 0.0, 1.0]], "pose": [[0.9796721339225769, 0.19720548391342163, 0.036775678396224976, -0.10225337743759155], [0.20052185654640198, -0.9679532051086426, -0.15118704736232758, 0.41438499093055725], [0.005782220512628555, 0.15548807382583618, -0.9878208637237549, 2.7926156520843506], [0.0, 0.0, 0.0, 1.0]]}, "frame41.png": {"intrinsics": [[2985.29, 0.0, 512.0], [0.0, 2985.29, 512.0], [0.0, 0.0, 1.0]], "pose": [[0.9782834649085999, 0.20234663784503937, 0.04491442069411278, -0.1255694329738617], [0.2069621980190277, -0.9654476642608643, -0.1583586037158966, 0.4260571002960205], [0.011319190263748169, 0.16421519219875336, -0.9863595962524414, 2.780144453048706], [0.0, 0.0, 0.0, 1.0]]}, "frame42.png": {"intrinsics": [[2985.29, 0.0, 512.0], [0.0, 2985.29, 512.0], [0.0, 0.0, 1.0]], "pose": [[0.9795244336128235, 0.17959357798099518, 0.09098416566848755, -0.24446289241313934], [0.19199439883232117, -0.9692818522453308, -0.1537235677242279, 0.41530850529670715], [0.06058153882622719, 0.16804443299770355, -0.983916163444519, 2.803704261779785], [0.0, 0.0, 0.0, 1.0]]}, "frame43.png": {"intrinsics": [[2985.29, 0.0, 512.0], [0.0, 2985.29, 512.0], [0.0, 0.0, 1.0]], "pose": [[0.9626092910766602, 0.1350681632757187, 0.2348191738128662, -0.6335634589195251], [0.1683976799249649, -0.9773536920547485, -0.1281488537788391, 0.3570673167705536], [0.21219253540039062, 0.16290026903152466, -0.963554859161377, 2.7872188091278076], [0.0, 0.0, 0.0, 1.0]]}, "frame44.png": {"intrinsics": [[2985.29, 0.0, 512.0], [0.0, 2985.29, 512.0], [0.0, 0.0, 1.0]], "pose": [[0.9515687227249146, 0.12197455018758774, 0.28220412135124207, -0.7679684162139893], [0.15580302476882935, -0.9826486110687256, -0.1006334125995636, 0.28380176424980164], [0.2650327682495117, 0.1397278606891632, -0.95406174659729, 2.7675747871398926], [0.0, 0.0, 0.0, 1.0]]}, "frame45.png": {"intrinsics": [[2985.29, 0.0, 512.0], [0.0, 2985.29, 512.0], [0.0, 0.0, 1.0]], "pose": [[0.9648922085762024, 0.14895550906658173, 0.21632233262062073, -0.5793557167053223], [0.1737205982208252, -0.9796756505966187, -0.10028354078531265, 0.27853500843048096], [0.19698794186115265, 0.13434244692325592, -0.971157968044281, 2.767533302307129], [0.0, 0.0, 0.0, 1.0]]}, "frame46.png": {"intrinsics": [[2985.29, 0.0, 512.0], [0.0, 2985.29, 512.0], [0.0, 0.0, 1.0]], "pose": [[0.9762231707572937, 0.15795041620731354, 0.14845892786979675, -0.390848308801651], [0.17250920832157135, -0.9808087944984436, -0.09085553884506226, 0.24414576590061188], [0.13125915825366974, 0.11430580168962479, -0.9847361445426941, 2.7639801502227783], [0.0, 0.0, 0.0, 1.0]]}, "frame47.png": {"intrinsics": [[2985.29, 0.0, 512.0], [0.0, 2985.29, 512.0], [0.0, 0.0, 1.0]], "pose": [[0.9805029034614563, 0.17314010858535767, 0.09293315559625626, -0.2501307427883148], [0.18255087733268738, -0.9776075482368469, -0.10468363761901855, 0.2893078625202179], [0.07272721827030182, 0.11960764229297638, -0.9901538491249084, 2.816474437713623], [0.0, 0.0, 0.0, 1.0]]}, "frame48.png": {"intrinsics": [[2985.29, 0.0, 512.0], [0.0, 2985.29, 512.0], [0.0, 0.0, 1.0]], "pose": [[0.9806104898452759, 0.1749773919582367, 0.088238924741745, -0.2385006546974182], [0.18515464663505554, -0.9747668504714966, -0.12468888610601425, 0.342130571603775], [0.06419464200735092, 0.13860906660556793, -0.9882644414901733, 2.8197312355041504], [0.0, 0.0, 0.0, 1.0]]}, "frame49.png": {"intrinsics": [[2985.29, 0.0, 512.0], [0.0, 2985.29, 512.0], [0.0, 0.0, 1.0]], "pose": [[0.9801120758056641, 0.16731911897659302, 0.10669903457164764, -0.2890540361404419], [0.17946089804172516, -0.9768194556236267, -0.11669471859931946, 0.31883418560028076], [0.08470043540000916, 0.13352219760417938, -0.9874197244644165, 2.817863941192627], [0.0, 0.0, 0.0, 1.0]]}, "frame5.png": {"intrinsics": [[2985.29, 0.0, 512.0], [0.0, 2985.29, 512.0], [0.0, 0.0, 1.0]], "pose": [[0.8060079216957092, 0.018316607922315598, 0.5916212797164917, -1.6009713411331177], [0.1067861020565033, -0.9876201152801514, -0.11490558832883835, 0.32790929079055786], [0.5821924209594727, 0.1557917445898056, -0.7979855537414551, 2.332719564437866], [0.0, 0.0, 0.0, 1.0]]}, "frame6.png": {"intrinsics": [[2985.29, 0.0, 512.0], [0.0, 2985.29, 512.0], [0.0, 0.0, 1.0]], "pose": [[0.8313559293746948, 0.0019665423315018415, 0.5557368397712708, -1.494559407234192], [0.10002212226390839, -0.9841936230659485, -0.14614565670490265, 0.42580467462539673], [0.5466652512550354, 0.1770850419998169, -0.8184118866920471, 2.3719232082366943], [0.0, 0.0, 0.0, 1.0]]}, "frame7.png": {"intrinsics": [[2985.29, 0.0, 512.0], [0.0, 2985.29, 512.0], [0.0, 0.0, 1.0]], "pose": [[0.8548067808151245, 0.03381511941552162, 0.51784348487854, -1.3980119228363037], [0.09718210250139236, -0.9906520247459412, -0.0957295149564743, 0.25653544068336487], [0.5097655653953552, 0.13215535879135132, -0.8501023054122925, 2.4810492992401123], [0.0, 0.0, 0.0, 1.0]]}, "frame8.png": {"intrinsics": [[2985.29, 0.0, 512.0], [0.0, 2985.29, 512.0], [0.0, 0.0, 1.0]], "pose": [[0.8957041501998901, 0.07711330056190491, 0.43791282176971436, -1.2012276649475098], [0.09876510500907898, -0.994748592376709, -0.026845455169677734, 0.07889574021100998], [0.43354299664497375, 0.0672960877418518, -0.8986165523529053, 2.671304941177368], [0.0, 0.0, 0.0, 1.0]]}, "frame9.png": {"intrinsics": [[2985.29, 0.0, 512.0], [0.0, 2985.29, 512.0], [0.0, 0.0, 1.0]], "pose": [[0.9130356907844543, 0.0983261913061142, 0.39585059881210327, -1.0942492485046387], [0.11662615090608597, -0.9929239749908447, -0.02236553281545639, 0.0821554958820343], [0.3908504247665405, 0.06658706068992615, -0.9180425405502319, 2.682568311691284], [0.0, 0.0, 0.0, 1.0]]}}