{"labels": [["frame0.png", [0.8793323040008545, 0.1074695959687233, -0.46392348408699036, 1.1863713473991735, 0.1090681180357933, -0.9937570095062256, -0.023477034643292427, 0.0528718637435551, -0.46355026960372925, -0.029955143108963966, -0.8855641484260559, 2.4248149603824523, 0.0, 0.0, 0.0, 1.0, 4.2647, 0.0, 0.5, 0.0, 4.2647, 0.5, 0.0, 0.0, 1.0]], ["frame0_mirror.png", [0.8793323040008545, -0.1074695959687233, 0.46392348408699036, -1.1863713473991735, -0.1090681180357933, -0.9937570095062256, -0.023477034643292427, 0.0528718637435551, 0.46355026960372925, -0.029955143108963966, -0.8855641484260559, 2.4248149603824523, 0.0, 0.0, 0.0, 1.0, 4.2647, 0.0, 0.5, 0.0, 4.2647, 0.5, 0.0, 0.0, 1.0]], ["frame1.png", [0.8781160116195679, 0.11504492908716202, -0.46441027522087097, 1.1871930457127182, 0.11792126297950745, -0.9927574992179871, -0.022960670292377472, 0.051669677595147144, -0.46368828415870667, -0.034601710736751556, -0.8853225111961365, 2.4244386807318046, 0.0, 0.0, 0.0, 1.0, 4.2647, 0.0, 0.5, 0.0, 4.2647, 0.5, 0.0, 0.0, 1.0]], ["frame1_mirror.png", [0.8781160116195679, -0.11504492908716202, 0.46441027522087097, -1.1871930457127182, -0.11792126297950745, -0.9927574992179871, -0.022960670292377472, 0.051669677595147144, 0.46368828415870667, -0.034601710736751556, -0.8853225111961365, 2.4244386807318046, 0.0, 0.0, 0.0, 1.0, 4.2647, 0.0, 0.5, 0.0, 4.2647, 0.5, 0.0, 0.0, 1.0]], ["frame10.png", [0.9123628735542297, 0.13415013253688812, -0.38677871227264404, 0.984324230698893, 0.09352146089076996, -0.9881010055541992, -0.12210698425769806, 0.30854458072584623, -0.3985571265220642, 0.07523377239704132, -0.9140525460243225, 2.4951765569922593, 0.0, 0.0, 0.0, 1.0, 4.2647, 0.0, 0.5, 0.0, 4.2647, 0.5, 0.0, 0.0, 1.0]], ["frame10_mirror.png", [0.9123628735542297, -0.13415013253688812, 0.38677871227264404, -0.984324230698893, -0.09352146089076996, -0.9881010055541992, -0.12210698425769806, 0.30854458072584623, 0.3985571265220642, 0.07523377239704132, -0.9140525460243225, 2.4951765569922593, 0.0, 0.0, 0.0, 1.0, 4.2647, 0.0, 0.5, 0.0, 4.2647, 0.5, 0.0, 0.0, 1.0]], ["frame11.png", [0.953252375125885, 0.1323460042476654, -0.2716514766216278, 0.6937888831988187, 0.07860507071018219, -0.9766423106193542, -0.19997769594192505, 0.5034444822456584, -0.2917725741863251, 0.16927601397037506, -0.9413896203041077, 2.5603126056882464, 0.0, 0.0, 0.0, 1.0, 4.2647, 0.0, 0.5, 0.0, 4.2647, 0.5, 0.0, 0.0, 1.0]], ["frame11_mirror.png", [0.953252375125885, -0.1323460042476654, 0.2716514766216278, -0.6937888831988187, -0.07860507071018219, -0.9766423106193542, -0.19997769594192505, 0.5034444822456584, 0.2917725741863251, 0.16927601397037506, -0.9413896203041077, 2.5603126056882464, 0.0, 0.0, 0.0, 1.0, 4.2647, 0.0, 0.5, 0.0, 4.2647, 0.5, 0.0, 0.0, 1.0]], ["frame12.png", [0.9905098080635071, 0.08429308235645294, -0.10855910181999207, 0.27922970555579046, 0.05085868760943413, -0.9585748314857483, -0.28026390075683594, 0.7101610032688402, -0.12768632173538208, 0.27208295464515686, -0.9537647366523743, 2.589923188237717, 0.0, 0.0, 0.0, 1.0, 4.2647, 0.0, 0.5, 0.0, 4.2647, 0.5, 0.0, 0.0, 1.0]], ["frame12_mirror.png", [0.9905098080635071, -0.08429308235645294, 0.10855910181999207, -0.27922970555579046, -0.05085868760943413, -0.9585748314857483, -0.28026390075683594, 0.7101610032688402, 0.12768632173538208, 0.27208295464515686, -0.9537647366523743, 2.589923188237717, 0.0, 0.0, 0.0, 1.0, 4.2647, 0.0, 0.5, 0.0, 4.2647, 0.5, 0.0, 0.0, 1.0]], ["frame13.png", [0.9992210865020752, 0.0229533351957798, 0.03209887817502022, -0.07982429041649547, 0.031797684729099274, -0.950046718120575, -0.3104836940765381, 0.7936569064165366, 0.023368796333670616, 0.3112625181674957, -0.9500366449356079, 2.579483823860277, 0.0, 0.0, 0.0, 1.0, 4.2647, 0.0, 0.5, 0.0, 4.2647, 0.5, 0.0, 0.0, 1.0]], ["frame13_mirror.png", [0.9992210865020752, -0.0229533351957798, -0.03209887817502022, 0.07982429041649547, -0.031797684729099274, -0.950046718120575, -0.3104836940765381, 0.7936569064165366, -0.023368796333670616, 0.3112625181674957, -0.9500366449356079, 2.579483823860277, 0.0, 0.0, 0.0, 1.0, 4.2647, 0.0, 0.5, 0.0, 4.2647, 0.5, 0.0, 0.0, 1.0]], ["frame14.png", [0.9936410784721375, -0.011309228837490082, 0.11202428489923477, -0.2843141499258616, 0.02642720565199852, -0.9437234401702881, -0.3296780288219452, 0.8405409462593809, 0.10944835096597672, 0.33054211735725403, -0.9374235272407532, 2.550030662916295, 0.0, 0.0, 0.0, 1.0, 4.2647, 0.0, 0.5, 0.0, 4.2647, 0.5, 0.0, 0.0, 1.0]], ["frame14_mirror.png", [0.9936410784721375, 0.011309228837490082, -0.11202428489923477, 0.2843141499258616, -0.02642720565199852, -0.9437234401702881, -0.3296780288219452, 0.8405409462593809, -0.10944835096597672, 0.33054211735725403, -0.9374235272407532, 2.550030662916295, 0.0, 0.0, 0.0, 1.0, 4.2647, 0.0, 0.5, 0.0, 4.2647, 0.5, 0.0, 0.0, 1.0]], ["frame15.png", [0.9884883165359497, -0.02720249816775322, 0.14883194863796234, -0.37931462142894684, 0.0260003749281168, -0.9385278820991516, -0.34422293305397034, 0.8791619671074092, 0.1490466594696045, 0.3441300094127655, -0.9270164966583252, 2.5245186974078933, 0.0, 0.0, 0.0, 1.0, 4.2647, 0.0, 0.5, 0.0, 4.2647, 0.5, 0.0, 0.0, 1.0]], ["frame15_mirror.png", [0.9884883165359497, 0.02720249816775322, -0.14883194863796234, 0.37931462142894684, -0.0260003749281168, -0.9385278820991516, -0.34422293305397034, 0.8791619671074092, -0.1490466594696045, 0.3441300094127655, -0.9270164966583252, 2.5245186974078933, 0.0, 0.0, 0.0, 1.0, 4.2647, 0.0, 0.5, 0.0, 4.2647, 0.5, 0.0, 0.0, 1.0]], ["frame16.png", [0.987267017364502, -0.02456004172563553, 0.15716403722763062, -0.39943030525646683, 0.02803768590092659, -0.9456735253334045, -0.3239065706729889, 0.8267534701062115, 0.15658102929592133, 0.32418879866600037, -0.9329437017440796, 2.5390813557091994, 0.0, 0.0, 0.0, 1.0, 4.2647, 0.0, 0.5, 0.0, 4.2647, 0.5, 0.0, 0.0, 1.0]], ["frame16_mirror.png", [0.987267017364502, 0.02456004172563553, -0.15716403722763062, 0.39943030525646683, -0.02803768590092659, -0.9456735253334045, -0.3239065706729889, 0.8267534701062115, -0.15658102929592133, 0.32418879866600037, -0.9329437017440796, 2.5390813557091994, 0.0, 0.0, 0.0, 1.0, 4.2647, 0.0, 0.5, 0.0, 4.2647, 0.5, 0.0, 0.0, 1.0]], ["frame17.png", [0.9886119961738586, -0.015969078987836838, 0.14963749051094055, -0.38041226293392005, 0.03244579955935478, -0.9483486413955688, -0.31556639075279236, 0.8037603137762653, 0.14694781601428986, 0.31682780385017395, -0.9370306730270386, 2.549363816368267, 0.0, 0.0, 0.0, 1.0, 4.2647, 0.0, 0.5, 0.0, 4.2647, 0.5, 0.0, 0.0, 1.0]], ["frame17_mirror.png", [0.9886119961738586, 0.015969078987836838, -0.14963749051094055, 0.38041226293392005, -0.03244579955935478, -0.9483486413955688, -0.31556639075279236, 0.8037603137762653, -0.14694781601428986, 0.31682780385017395, -0.9370306730270386, 2.549363816368267, 0.0, 0.0, 0.0, 1.0, 4.2647, 0.0, 0.5, 0.0, 4.2647, 0.5, 0.0, 0.0, 1.0]], ["frame18.png", [0.9928519129753113, 0.0034096750896424055, 0.11930404603481293, -0.30604899221295967, 0.03822600468993187, -0.9560214281082153, -0.29079511761665344, 0.7411942071377483, 0.11306571215391159, 0.2932770252227783, -0.9493180513381958, 2.5781708945822186, 0.0, 0.0, 0.0, 1.0, 4.2647, 0.0, 0.5, 0.0, 4.2647, 0.5, 0.0, 0.0, 1.0]], ["frame18_mirror.png", [0.9928519129753113, -0.0034096750896424055, -0.11930404603481293, 0.30604899221295967, -0.03822600468993187, -0.9560214281082153, -0.29079511761665344, 0.7411942071377483, -0.11306571215391159, 0.2932770252227783, -0.9493180513381958, 2.5781708945822186, 0.0, 0.0, 0.0, 1.0, 4.2647, 0.0, 0.5, 0.0, 4.2647, 0.5, 0.0, 0.0, 1.0]], ["frame19.png", [0.9960975050926208, 0.032769761979579926, 0.08195062726736069, -0.21109787184079523, 0.055110394954681396, -0.956192672252655, -0.2875038683414459, 0.7297998532505158, 0.06893914937973022, 0.2908982038497925, -0.9542670845985413, 2.5909129400077906, 0.0, 0.0, 0.0, 1.0, 4.2647, 0.0, 0.5, 0.0, 4.2647, 0.5, 0.0, 0.0, 1.0]], ["frame19_mirror.png", [0.9960975050926208, -0.032769761979579926, -0.08195062726736069, 0.21109787184079523, -0.055110394954681396, -0.956192672252655, -0.2875038683414459, 0.7297998532505158, -0.06893914937973022, 0.2908982038497925, -0.9542670845985413, 2.5909129400077906, 0.0, 0.0, 0.0, 1.0, 4.2647, 0.0, 0.5, 0.0, 4.2647, 0.5, 0.0, 0.0, 1.0]], ["frame2.png", [0.8783261179924011, 0.11330248415470123, -0.46444132924079895, 1.1868831248831841, 0.11520642042160034, -0.9930421710014343, -0.024384882301092148, 0.05762597100365999, -0.46397271752357483, -0.0320887416601181, -0.8852681517601013, 2.4244561648611866, 0.0, 0.0, 0.0, 1.0, 4.2647, 0.0, 0.5, 0.0, 4.2647, 0.5, 0.0, 0.0, 1.0]], ["frame2_mirror.png", [0.8783261179924011, -0.11330248415470123, 0.46444132924079895, -1.1868831248831841, -0.11520642042160034, -0.9930421710014343, -0.024384882301092148, 0.05762597100365999, 0.46397271752357483, -0.0320887416601181, -0.8852681517601013, 2.4244561648611866, 0.0, 0.0, 0.0, 1.0, 4.2647, 0.0, 0.5, 0.0, 4.2647, 0.5, 0.0, 0.0, 1.0]], ["frame20.png", [0.9977917075157166, 0.06562821567058563, 0.010231527499854565, -0.027032869070697726, 0.0659966841340065, -0.9622012972831726, -0.2642218768596649, 0.6720495759339293, -0.007495620287954807, 0.26431363821029663, -0.9644076824188232, 2.614884049336956, 0.0, 0.0, 0.0, 1.0, 4.2647, 0.0, 0.5, 0.0, 4.2647, 0.5, 0.0, 0.0, 1.0]], ["frame20_mirror.png", [0.9977917075157166, -0.06562821567058563, -0.010231527499854565, 0.027032869070697726, -0.0659966841340065, -0.9622012972831726, -0.2642218768596649, 0.6720495759339293, 0.007495620287954807, 0.26431363821029663, -0.9644076824188232, 2.614884049336956, 0.0, 0.0, 0.0, 1.0, 4.2647, 0.0, 0.5, 0.0, 4.2647, 0.5, 0.0, 0.0, 1.0]], ["frame21.png", [0.9853344559669495, 0.10981570184230804, -0.13060085475444794, 0.3339830460581915, 0.07968318462371826, -0.9729337692260742, -0.2169114202260971, 0.5453377588237088, -0.15088626742362976, 0.2033236026763916, -0.9674155712127686, 2.6231778540058674, 0.0, 0.0, 0.0, 1.0, 4.2647, 0.0, 0.5, 0.0, 4.2647, 0.5, 0.0, 0.0, 1.0]], ["frame21_mirror.png", [0.9853344559669495, -0.10981570184230804, 0.13060085475444794, -0.3339830460581915, -0.07968318462371826, -0.9729337692260742, -0.2169114202260971, 0.5453377588237088, 0.15088626742362976, 0.2033236026763916, -0.9674155712127686, 2.6231778540058674, 0.0, 0.0, 0.0, 1.0, 4.2647, 0.0, 0.5, 0.0, 4.2647, 0.5, 0.0, 0.0, 1.0]], ["frame22.png", [0.9449643492698669, 0.14063923060894012, -0.29540324211120605, 0.7506788209816385, 0.09513324499130249, -0.9819958209991455, -0.1631992906332016, 0.40814674051575645, -0.3130369484424591, 0.1261148303747177, -0.9413304328918457, 2.5612296940992976, 0.0, 0.0, 0.0, 1.0, 4.2647, 0.0, 0.5, 0.0, 4.2647, 0.5, 0.0, 0.0, 1.0]], ["frame22_mirror.png", [0.9449643492698669, -0.14063923060894012, 0.29540324211120605, -0.7506788209816385, -0.09513324499130249, -0.9819958209991455, -0.1631992906332016, 0.40814674051575645, 0.3130369484424591, 0.1261148303747177, -0.9413304328918457, 2.5612296940992976, 0.0, 0.0, 0.0, 1.0, 4.2647, 0.0, 0.5, 0.0, 4.2647, 0.5, 0.0, 0.0, 1.0]], ["frame23.png", [0.9026087522506714, 0.15774980187416077, -0.4005151689052582, 1.022381516649001, 0.11698178946971893, -0.9853060841560364, -0.12444735318422318, 0.3150027241115122, -0.4142615795135498, 0.06547429412603378, -0.9077997207641602, 2.4790137793519453, 0.0, 0.0, 0.0, 1.0, 4.2647, 0.0, 0.5, 0.0, 4.2647, 0.5, 0.0, 0.0, 1.0]], ["frame23_mirror.png", [0.9026087522506714, -0.15774980187416077, 0.4005151689052582, -1.022381516649001, -0.11698178946971893, -0.9853060841560364, -0.12444735318422318, 0.3150027241115122, 0.4142615795135498, 0.06547429412603378, -0.9077997207641602, 2.4790137793519453, 0.0, 0.0, 0.0, 1.0, 4.2647, 0.0, 0.5, 0.0, 4.2647, 0.5, 0.0, 0.0, 1.0]], ["frame24.png", [0.8855789303779602, 0.15845641493797302, -0.4366251230239868, 1.1148842235912286, 0.12132027745246887, -0.9862892627716064, -0.11186981201171875, 0.28205859846836256, -0.448365181684494, 0.04609806835651398, -0.8926609754562378, 2.4428418112963124, 0.0, 0.0, 0.0, 1.0, 4.2647, 0.0, 0.5, 0.0, 4.2647, 0.5, 0.0, 0.0, 1.0]], ["frame24_mirror.png", [0.8855789303779602, -0.15845641493797302, 0.4366251230239868, -1.1148842235912286, -0.12132027745246887, -0.9862892627716064, -0.11186981201171875, 0.28205859846836256, 0.448365181684494, 0.04609806835651398, -0.8926609754562378, 2.4428418112963124, 0.0, 0.0, 0.0, 1.0, 4.2647, 0.0, 0.5, 0.0, 4.2647, 0.5, 0.0, 0.0, 1.0]], ["frame25.png", [0.8839941620826721, 0.14882856607437134, -0.44317546486854553, 1.1312869715173248, 0.1184622272849083, -0.9883443713188171, -0.09561441838741302, 0.24080647464796487, -0.45224010944366455, 0.032023027539253235, -0.8913211822509766, 2.4397135138869848, 0.0, 0.0, 0.0, 1.0, 4.2647, 0.0, 0.5, 0.0, 4.2647, 0.5, 0.0, 0.0, 1.0]], ["frame25_mirror.png", [0.8839941620826721, -0.14882856607437134, 0.44317546486854553, -1.1312869715173248, -0.1184622272849083, -0.9883443713188171, -0.09561441838741302, 0.24080647464796487, 0.45224010944366455, 0.032023027539253235, -0.8913211822509766, 2.4397135138869848, 0.0, 0.0, 0.0, 1.0, 4.2647, 0.0, 0.5, 0.0, 4.2647, 0.5, 0.0, 0.0, 1.0]], ["frame26.png", [0.8881163001060486, 0.1392904371023178, -0.43800410628318787, 1.1197595564478455, 0.10673362016677856, -0.989423394203186, -0.09823045879602432, 0.24827560322207837, -0.44705405831336975, 0.04049031436443329, -0.8935900330543518, 2.4442785767151087, 0.0, 0.0, 0.0, 1.0, 4.2647, 0.0, 0.5, 0.0, 4.2647, 0.5, 0.0, 0.0, 1.0]], ["frame26_mirror.png", [0.8881163001060486, -0.1392904371023178, 0.43800410628318787, -1.1197595564478455, -0.10673362016677856, -0.989423394203186, -0.09823045879602432, 0.24827560322207837, 0.44705405831336975, 0.04049031436443329, -0.8935900330543518, 2.4442785767151087, 0.0, 0.0, 0.0, 1.0, 4.2647, 0.0, 0.5, 0.0, 4.2647, 0.5, 0.0, 0.0, 1.0]], ["frame27.png", [0.8892205357551575, 0.1308971345424652, -0.4383522570133209, 1.1170236160894418, 0.09756487607955933, -0.9904090166091919, -0.09783229231834412, 0.2488371567456172, -0.44695398211479187, 0.04422669857740402, -0.8934629559516907, 2.4454730238792712, 0.0, 0.0, 0.0, 1.0, 4.2647, 0.0, 0.5, 0.0, 4.2647, 0.5, 0.0, 0.0, 1.0]], ["frame27_mirror.png", [0.8892205357551575, -0.1308971345424652, 0.4383522570133209, -1.1170236160894418, -0.09756487607955933, -0.9904090166091919, -0.09783229231834412, 0.2488371567456172, 0.44695398211479187, 0.04422669857740402, -0.8934629559516907, 2.4454730238792712, 0.0, 0.0, 0.0, 1.0, 4.2647, 0.0, 0.5, 0.0, 4.2647, 0.5, 0.0, 0.0, 1.0]], ["frame28.png", [0.8920873403549194, 0.13050399720668793, -0.43260711431503296, 1.101933165504486, 0.10062724351882935, -0.9907203912734985, -0.09136392921209335, 0.23053428797886613, -0.44051602482795715, 0.03797254338860512, -0.8969413042068481, 2.454098050369492, 0.0, 0.0, 0.0, 1.0, 4.2647, 0.0, 0.5, 0.0, 4.2647, 0.5, 0.0, 0.0, 1.0]], ["frame28_mirror.png", [0.8920873403549194, -0.13050399720668793, 0.43260711431503296, -1.101933165504486, -0.10062724351882935, -0.9907203912734985, -0.09136392921209335, 0.23053428797886613, 0.44051602482795715, 0.03797254338860512, -0.8969413042068481, 2.454098050369492, 0.0, 0.0, 0.0, 1.0, 4.2647, 0.0, 0.5, 0.0, 4.2647, 0.5, 0.0, 0.0, 1.0]], ["frame29.png", [0.8987951278686523, 0.13312985002994537, -0.41766464710235596, 1.0632610407373175, 0.10637291520833969, -0.9905287623405457, -0.0868196040391922, 0.2153335091039827, -0.4252671003341675, 0.03360482677817345, -0.9044438004493713, 2.4724699066130538, 0.0, 0.0, 0.0, 1.0, 4.2647, 0.0, 0.5, 0.0, 4.2647, 0.5, 0.0, 0.0, 1.0]], ["frame29_mirror.png", [0.8987951278686523, -0.13312985002994537, 0.41766464710235596, -1.0632610407373175, -0.10637291520833969, -0.9905287623405457, -0.0868196040391922, 0.2153335091039827, 0.4252671003341675, 0.03360482677817345, -0.9044438004493713, 2.4724699066130538, 0.0, 0.0, 0.0, 1.0, 4.2647, 0.0, 0.5, 0.0, 4.2647, 0.5, 0.0, 0.0, 1.0]], ["frame3.png", [0.8805339336395264, 0.11306624859571457, -0.4602998197078705, 1.1760304876843872, 0.11428529024124146, -0.9931251406669617, -0.025324491783976555, 0.06129489829191544, -0.45999863743782043, -0.030306413769721985, -0.8874021768569946, 2.429649198440015, 0.0, 0.0, 0.0, 1.0, 4.2647, 0.0, 0.5, 0.0, 4.2647, 0.5, 0.0, 0.0, 1.0]], ["frame3_mirror.png", [0.8805339336395264, -0.11306624859571457, 0.4602998197078705, -1.1760304876843872, -0.11428529024124146, -0.9931251406669617, -0.025324491783976555, 0.06129489829191544, 0.45999863743782043, -0.030306413769721985, -0.8874021768569946, 2.429649198440015, 0.0, 0.0, 0.0, 1.0, 4.2647, 0.0, 0.5, 0.0, 4.2647, 0.5, 0.0, 0.0, 1.0]], ["frame30.png", [0.9010583758354187, 0.13417451083660126, -0.4124208092689514, 1.0487687154776015, 0.11189177632331848, -0.9906672835350037, -0.07783620059490204, 0.19152623820886652, -0.41901540756225586, 0.02398846298456192, -0.9076621532440186, 2.480605144216432, 0.0, 0.0, 0.0, 1.0, 4.2647, 0.0, 0.5, 0.0, 4.2647, 0.5, 0.0, 0.0, 1.0]], ["frame30_mirror.png", [0.9010583758354187, -0.13417451083660126, 0.4124208092689514, -1.0487687154776015, -0.11189177632331848, -0.9906672835350037, -0.07783620059490204, 0.19152623820886652, 0.41901540756225586, 0.02398846298456192, -0.9076621532440186, 2.480605144216432, 0.0, 0.0, 0.0, 1.0, 4.2647, 0.0, 0.5, 0.0, 4.2647, 0.5, 0.0, 0.0, 1.0]], ["frame31.png", [0.905042290687561, 0.13556469976902008, -0.40313848853111267, 1.0311649127154334, 0.1097349002957344, -0.9901796579360962, -0.08661708980798721, 0.21358858193985056, -0.41092178225517273, 0.0341537706553936, -0.911030650138855, 2.486177556098819, 0.0, 0.0, 0.0, 1.0, 4.2647, 0.0, 0.5, 0.0, 4.2647, 0.5, 0.0, 0.0, 1.0]], ["frame31_mirror.png", [0.905042290687561, -0.13556469976902008, 0.40313848853111267, -1.0311649127154334, -0.1097349002957344, -0.9901796579360962, -0.08661708980798721, 0.21358858193985056, 0.41092178225517273, 0.0341537706553936, -0.911030650138855, 2.486177556098819, 0.0, 0.0, 0.0, 1.0, 4.2647, 0.0, 0.5, 0.0, 4.2647, 0.5, 0.0, 0.0, 1.0]], ["frame32.png", [0.9061548113822937, 0.13456447422504425, -0.4009685814380646, 1.0269490880830183, 0.10508167743682861, -0.98993980884552, -0.09474674612283707, 0.2364181943318457, -0.40968430042266846, 0.04372077062726021, -0.9111790060997009, 2.4858563932525004, 0.0, 0.0, 0.0, 1.0, 4.2647, 0.0, 0.5, 0.0, 4.2647, 0.5, 0.0, 0.0, 1.0]], ["frame32_mirror.png", [0.9061548113822937, -0.13456447422504425, 0.4009685814380646, -1.0269490880830183, -0.10508167743682861, -0.98993980884552, -0.09474674612283707, 0.2364181943318457, 0.40968430042266846, 0.04372077062726021, -0.9111790060997009, 2.4858563932525004, 0.0, 0.0, 0.0, 1.0, 4.2647, 0.0, 0.5, 0.0, 4.2647, 0.5, 0.0, 0.0, 1.0]], ["frame33.png", [0.8996999859809875, 0.1213383823633194, -0.41930538415908813, 1.0661255128320721, 0.09133577346801758, -0.9916548132896423, -0.09098616987466812, 0.22553695513963185, -0.42684629559516907, 0.043562665581703186, -0.9032742977142334, 2.470325782716704, 0.0, 0.0, 0.0, 1.0, 4.2647, 0.0, 0.5, 0.0, 4.2647, 0.5, 0.0, 0.0, 1.0]], ["frame33_mirror.png", [0.8996999859809875, -0.1213383823633194, 0.41930538415908813, -1.0661255128320721, -0.09133577346801758, -0.9916548132896423, -0.09098616987466812, 0.22553695513963185, 0.42684629559516907, 0.043562665581703186, -0.9032742977142334, 2.470325782716704, 0.0, 0.0, 0.0, 1.0, 4.2647, 0.0, 0.5, 0.0, 4.2647, 0.5, 0.0, 0.0, 1.0]], ["frame34.png", [0.9040259122848511, 0.12226426601409912, -0.4096200466156006, 1.046893927207354, 0.09694953262805939, -0.9918975234031677, -0.0820973664522171, 0.2013568646387738, -0.4163386821746826, 0.03450567275285721, -0.9085545539855957, 2.480618575726467, 0.0, 0.0, 0.0, 1.0, 4.2647, 0.0, 0.5, 0.0, 4.2647, 0.5, 0.0, 0.0, 1.0]], ["frame34_mirror.png", [0.9040259122848511, -0.12226426601409912, 0.4096200466156006, -1.046893927207354, -0.09694953262805939, -0.9918975234031677, -0.0820973664522171, 0.2013568646387738, 0.4163386821746826, 0.03450567275285721, -0.9085545539855957, 2.480618575726467, 0.0, 0.0, 0.0, 1.0, 4.2647, 0.0, 0.5, 0.0, 4.2647, 0.5, 0.0, 0.0, 1.0]], ["frame35.png", [0.9059263467788696, 0.12457913160324097, -0.4046943485736847, 1.0351807890209308, 0.10302356630563736, -0.9918692708015442, -0.07470932602882385, 0.1831568343114413, -0.4107111096382141, 0.025988087058067322, -0.9113950729370117, 2.4869367318223063, 0.0, 0.0, 0.0, 1.0, 4.2647, 0.0, 0.5, 0.0, 4.2647, 0.5, 0.0, 0.0, 1.0]], ["frame35_mirror.png", [0.9059263467788696, -0.12457913160324097, 0.4046943485736847, -1.0351807890209308, -0.10302356630563736, -0.9918692708015442, -0.07470932602882385, 0.1831568343114413, 0.4107111096382141, 0.025988087058067322, -0.9113950729370117, 2.4869367318223063, 0.0, 0.0, 0.0, 1.0, 4.2647, 0.0, 0.5, 0.0, 4.2647, 0.5, 0.0, 0.0, 1.0]], ["frame36.png", [0.9029956459999084, 0.13012968003749847, -0.4094693660736084, 1.046743235504383, 0.10470116883516312, -0.990947425365448, -0.08402819186449051, 0.2082185774647297, -0.4166972041130066, 0.03300516679883003, -0.9084459543228149, 2.4801156470867207, 0.0, 0.0, 0.0, 1.0, 4.2647, 0.0, 0.5, 0.0, 4.2647, 0.5, 0.0, 0.0, 1.0]], ["frame36_mirror.png", [0.9029956459999084, -0.13012968003749847, 0.4094693660736084, -1.046743235504383, -0.10470116883516312, -0.990947425365448, -0.08402819186449051, 0.2082185774647297, 0.4166972041130066, 0.03300516679883003, -0.9084459543228149, 2.4801156470867207, 0.0, 0.0, 0.0, 1.0, 4.2647, 0.0, 0.5, 0.0, 4.2647, 0.5, 0.0, 0.0, 1.0]], ["frame37.png", [0.9007635712623596, 0.12848182022571564, -0.41487041115760803, 1.0600894392310545, 0.10976385325193405, -0.9915761947631836, -0.06876420974731445, 0.17662734915058803, -0.4202105700969696, 0.01640252023935318, -0.9072783589363098, 2.4768958719257506, 0.0, 0.0, 0.0, 1.0, 4.2647, 0.0, 0.5, 0.0, 4.2647, 0.5, 0.0, 0.0, 1.0]], ["frame37_mirror.png", [0.9007635712623596, -0.12848182022571564, 0.41487041115760803, -1.0600894392310545, -0.10976385325193405, -0.9915761947631836, -0.06876420974731445, 0.17662734915058803, 0.4202105700969696, 0.01640252023935318, -0.9072783589363098, 2.4768958719257506, 0.0, 0.0, 0.0, 1.0, 4.2647, 0.0, 0.5, 0.0, 4.2647, 0.5, 0.0, 0.0, 1.0]], ["frame38.png", [0.889252781867981, 0.1337120682001114, -0.43743646144866943, 1.115100754392411, 0.10786628723144531, -0.9906495809555054, -0.08353536576032639, 0.210166849616777, -0.44451597332954407, 0.027099408209323883, -0.8953608870506287, 2.4499755514852866, 0.0, 0.0, 0.0, 1.0, 4.2647, 0.0, 0.5, 0.0, 4.2647, 0.5, 0.0, 0.0, 1.0]], ["frame38_mirror.png", [0.889252781867981, -0.1337120682001114, 0.43743646144866943, -1.115100754392411, -0.10786628723144531, -0.9906495809555054, -0.08353536576032639, 0.210166849616777, 0.44451597332954407, 0.027099408209323883, -0.8953608870506287, 2.4499755514852866, 0.0, 0.0, 0.0, 1.0, 4.2647, 0.0, 0.5, 0.0, 4.2647, 0.5, 0.0, 0.0, 1.0]], ["frame39.png", [0.8884296417236328, 0.1396772265434265, -0.4372449517250061, 1.1145867853854037, 0.11253774166107178, -0.989785373210907, -0.08752216398715973, 0.22029343229204446, -0.4450035095214844, 0.028550729155540466, -0.8950735926628113, 2.4493197221949656, 0.0, 0.0, 0.0, 1.0, 4.2647, 0.0, 0.5, 0.0, 4.2647, 0.5, 0.0, 0.0, 1.0]], ["frame39_mirror.png", [0.8884296417236328, -0.1396772265434265, 0.4372449517250061, -1.1145867853854037, -0.11253774166107178, -0.989785373210907, -0.08752216398715973, 0.22029343229204446, 0.4450035095214844, 0.028550729155540466, -0.8950735926628113, 2.4493197221949656, 0.0, 0.0, 0.0, 1.0, 4.2647, 0.0, 0.5, 0.0, 4.2647, 0.5, 0.0, 0.0, 1.0]], ["frame4.png", [0.8797934055328369, 0.11227504909038544, -0.461906760931015, 1.1795607225782232, 0.11238442361354828, -0.9932875037193298, -0.027378549799323082, 0.06516963031643355, -0.4618801772594452, -0.027823656797409058, -0.8865058422088623, 2.42783636619834, 0.0, 0.0, 0.0, 1.0, 4.2647, 0.0, 0.5, 0.0, 4.2647, 0.5, 0.0, 0.0, 1.0]], ["frame4_mirror.png", [0.8797934055328369, -0.11227504909038544, 0.461906760931015, -1.1795607225782232, -0.11238442361354828, -0.9932875037193298, -0.027378549799323082, 0.06516963031643355, 0.4618801772594452, -0.027823656797409058, -0.8865058422088623, 2.42783636619834, 0.0, 0.0, 0.0, 1.0, 4.2647, 0.0, 0.5, 0.0, 4.2647, 0.5, 0.0, 0.0, 1.0]], ["frame40.png", [0.8894330263137817, 0.14386627078056335, -0.43383336067199707, 1.1066744169824867, 0.11676850914955139, -0.9891958236694336, -0.08863802254199982, 0.22600800555256592, -0.4418981671333313, 0.028179511427879333, -0.8966224789619446, 2.452384985319928, 0.0, 0.0, 0.0, 1.0, 4.2647, 0.0, 0.5, 0.0, 4.2647, 0.5, 0.0, 0.0, 1.0]], ["frame40_mirror.png", [0.8894330263137817, -0.14386627078056335, 0.43383336067199707, -1.1066744169824867, -0.11676850914955139, -0.9891958236694336, -0.08863802254199982, 0.22600800555256592, 0.4418981671333313, 0.028179511427879333, -0.8966224789619446, 2.452384985319928, 0.0, 0.0, 0.0, 1.0, 4.2647, 0.0, 0.5, 0.0, 4.2647, 0.5, 0.0, 0.0, 1.0]], ["frame41.png", [0.8912127614021301, 0.14536699652671814, -0.4296605885028839, 1.0953986858485993, 0.1205291748046875, -0.9890952110290527, -0.08463580161333084, 0.2127790159484156, -0.43727850914001465, 0.02364186942577362, -0.8990153074264526, 2.458622949826424, 0.0, 0.0, 0.0, 1.0, 4.2647, 0.0, 0.5, 0.0, 4.2647, 0.5, 0.0, 0.0, 1.0]], ["frame41_mirror.png", [0.8912127614021301, -0.14536699652671814, 0.4296605885028839, -1.0953986858485993, -0.1205291748046875, -0.9890952110290527, -0.08463580161333084, 0.2127790159484156, 0.43727850914001465, 0.02364186942577362, -0.8990153074264526, 2.458622949826424, 0.0, 0.0, 0.0, 1.0, 4.2647, 0.0, 0.5, 0.0, 4.2647, 0.5, 0.0, 0.0, 1.0]], ["frame42.png", [0.8928893804550171, 0.14825445413589478, -0.425169438123703, 1.0848642663834203, 0.12374934554100037, -0.988677978515625, -0.08486367017030716, 0.2136764295494368, -0.4329370856285095, 0.02315942943096161, -0.9011265635490417, 2.46321170567602, 0.0, 0.0, 0.0, 1.0, 4.2647, 0.0, 0.5, 0.0, 4.2647, 0.5, 0.0, 0.0, 1.0]], ["frame42_mirror.png", [0.8928893804550171, -0.14825445413589478, 0.425169438123703, -1.0848642663834203, -0.12374934554100037, -0.988677978515625, -0.08486367017030716, 0.2136764295494368, 0.4329370856285095, 0.02315942943096161, -0.9011265635490417, 2.46321170567602, 0.0, 0.0, 0.0, 1.0, 4.2647, 0.0, 0.5, 0.0, 4.2647, 0.5, 0.0, 0.0, 1.0]], ["frame43.png", [0.8922821283340454, 0.1500837653875351, -0.42580220103263855, 1.0868045708985876, 0.12434877455234528, -0.9883473515510559, -0.08778886497020721, 0.22072185328658694, -0.4340161979198456, 0.02538444846868515, -0.9005473852157593, 2.461734690854332, 0.0, 0.0, 0.0, 1.0, 4.2647, 0.0, 0.5, 0.0, 4.2647, 0.5, 0.0, 0.0, 1.0]], ["frame43_mirror.png", [0.8922821283340454, -0.1500837653875351, 0.42580220103263855, -1.0868045708985876, -0.12434877455234528, -0.9883473515510559, -0.08778886497020721, 0.22072185328658694, 0.4340161979198456, 0.02538444846868515, -0.9005473852157593, 2.461734690854332, 0.0, 0.0, 0.0, 1.0, 4.2647, 0.0, 0.5, 0.0, 4.2647, 0.5, 0.0, 0.0, 1.0]], ["frame44.png", [0.8944227695465088, 0.15902887284755707, -0.417992502450943, 1.070485510063906, 0.12792934477329254, -0.9865651726722717, -0.10160334408283234, 0.25221561410746945, -0.42853471636772156, 0.037402838468551636, -0.9027508497238159, 2.4658564550159063, 0.0, 0.0, 0.0, 1.0, 4.2647, 0.0, 0.5, 0.0, 4.2647, 0.5, 0.0, 0.0, 1.0]], ["frame44_mirror.png", [0.8944227695465088, -0.15902887284755707, 0.417992502450943, -1.070485510063906, -0.12792934477329254, -0.9865651726722717, -0.10160334408283234, 0.25221561410746945, 0.42853471636772156, 0.037402838468551636, -0.9027508497238159, 2.4658564550159063, 0.0, 0.0, 0.0, 1.0, 4.2647, 0.0, 0.5, 0.0, 4.2647, 0.5, 0.0, 0.0, 1.0]], ["frame45.png", [0.8946886658668518, 0.1582563817501068, -0.4177164137363434, 1.0682329807395259, 0.13142143189907074, -0.9870060682296753, -0.09245206415653229, 0.23238578579456845, -0.42691975831985474, 0.02781892567873001, -0.9038614630699158, 2.4687800925600865, 0.0, 0.0, 0.0, 1.0, 4.2647, 0.0, 0.5, 0.0, 4.2647, 0.5, 0.0, 0.0, 1.0]], ["frame45_mirror.png", [0.8946886658668518, -0.1582563817501068, 0.4177164137363434, -1.0682329807395259, -0.13142143189907074, -0.9870060682296753, -0.09245206415653229, 0.23238578579456845, 0.42691975831985474, 0.02781892567873001, -0.9038614630699158, 2.4687800925600865, 0.0, 0.0, 0.0, 1.0, 4.2647, 0.0, 0.5, 0.0, 4.2647, 0.5, 0.0, 0.0, 1.0]], ["frame46.png", [0.8903048634529114, 0.16539467871189117, -0.4242663085460663, 1.0813416283317963, 0.13395117223262787, -0.9856065511703491, -0.10313499718904495, 0.2625562139886396, -0.43521764874458313, 0.034990616142749786, -0.8996450901031494, 2.460033438254995, 0.0, 0.0, 0.0, 1.0, 4.2647, 0.0, 0.5, 0.0, 4.2647, 0.5, 0.0, 0.0, 1.0]], ["frame46_mirror.png", [0.8903048634529114, -0.16539467871189117, 0.4242663085460663, -1.0813416283317963, -0.13395117223262787, -0.9856065511703491, -0.10313499718904495, 0.2625562139886396, 0.43521764874458313, 0.034990616142749786, -0.8996450901031494, 2.460033438254995, 0.0, 0.0, 0.0, 1.0, 4.2647, 0.0, 0.5, 0.0, 4.2647, 0.5, 0.0, 0.0, 1.0]], ["frame47.png", [0.8895460963249207, 0.17343616485595703, -0.42264363169670105, 1.0792704338604338, 0.14185059070587158, -0.9842662811279297, -0.10534818470478058, 0.2647456230663144, -0.43426504731178284, 0.033759817481040955, -0.9001522660255432, 2.4607082487897545, 0.0, 0.0, 0.0, 1.0, 4.2647, 0.0, 0.5, 0.0, 4.2647, 0.5, 0.0, 0.0, 1.0]], ["frame47_mirror.png", [0.8895460963249207, -0.17343616485595703, 0.42264363169670105, -1.0792704338604338, -0.14185059070587158, -0.9842662811279297, -0.10534818470478058, 0.2647456230663144, 0.43426504731178284, 0.033759817481040955, -0.9001522660255432, 2.4607082487897545, 0.0, 0.0, 0.0, 1.0, 4.2647, 0.0, 0.5, 0.0, 4.2647, 0.5, 0.0, 0.0, 1.0]], ["frame48.png", [0.8874527812004089, 0.1638709008693695, -0.4307827651500702, 1.0969928203558879, 0.13450480997562408, -0.986054539680481, -0.09800524264574051, 0.24738966014812583, -0.44083547592163086, 0.02903267741203308, -0.8971182703971863, 2.4546700609530867, 0.0, 0.0, 0.0, 1.0, 4.2647, 0.0, 0.5, 0.0, 4.2647, 0.5, 0.0, 0.0, 1.0]], ["frame48_mirror.png", [0.8874527812004089, -0.1638709008693695, 0.4307827651500702, -1.0969928203558879, -0.13450480997562408, -0.986054539680481, -0.09800524264574051, 0.24738966014812583, 0.44083547592163086, 0.02903267741203308, -0.8971182703971863, 2.4546700609530867, 0.0, 0.0, 0.0, 1.0, 4.2647, 0.0, 0.5, 0.0, 4.2647, 0.5, 0.0, 0.0, 1.0]], ["frame49.png", [0.8889775276184082, 0.15941041707992554, -0.42931029200553894, 1.097659871772648, 0.13332721590995789, -0.9869418144226074, -0.09038664400577545, 0.22600781321883845, -0.43811288475990295, 0.0231129452586174, -0.8986228108406067, 2.4564330388317313, 0.0, 0.0, 0.0, 1.0, 4.2647, 0.0, 0.5, 0.0, 4.2647, 0.5, 0.0, 0.0, 1.0]], ["frame49_mirror.png", [0.8889775276184082, -0.15941041707992554, 0.42931029200553894, -1.097659871772648, -0.13332721590995789, -0.9869418144226074, -0.09038664400577545, 0.22600781321883845, 0.43811288475990295, 0.0231129452586174, -0.8986228108406067, 2.4564330388317313, 0.0, 0.0, 0.0, 1.0, 4.2647, 0.0, 0.5, 0.0, 4.2647, 0.5, 0.0, 0.0, 1.0]], ["frame5.png", [0.8812562823295593, 0.10195685923099518, -0.4615108072757721, 1.180206204246674, 0.10503711551427841, -0.9942851066589355, -0.019088536500930786, 0.043780963545935504, -0.4608195424079895, -0.03165387362241745, -0.8869292140007019, 2.428002582924625, 0.0, 0.0, 0.0, 1.0, 4.2647, 0.0, 0.5, 0.0, 4.2647, 0.5, 0.0, 0.0, 1.0]], ["frame5_mirror.png", [0.8812562823295593, -0.10195685923099518, 0.4615108072757721, -1.180206204246674, -0.10503711551427841, -0.9942851066589355, -0.019088536500930786, 0.043780963545935504, 0.4608195424079895, -0.03165387362241745, -0.8869292140007019, 2.428002582924625, 0.0, 0.0, 0.0, 1.0, 4.2647, 0.0, 0.5, 0.0, 4.2647, 0.5, 0.0, 0.0, 1.0]], ["frame6.png", [0.8791669011116028, 0.09919799864292145, -0.4660743176937103, 1.1876258231462598, 0.10215740650892258, -0.9945870637893677, -0.018983308225870132, 0.04322547101074108, -0.46543461084365845, -0.030923446640372276, -0.884541928768158, 2.424391977971398, 0.0, 0.0, 0.0, 1.0, 4.2647, 0.0, 0.5, 0.0, 4.2647, 0.5, 0.0, 0.0, 1.0]], ["frame6_mirror.png", [0.8791669011116028, -0.09919799864292145, 0.4660743176937103, -1.1876258231462598, -0.10215740650892258, -0.9945870637893677, -0.018983308225870132, 0.04322547101074108, 0.46543461084365845, -0.030923446640372276, -0.884541928768158, 2.424391977971398, 0.0, 0.0, 0.0, 1.0, 4.2647, 0.0, 0.5, 0.0, 4.2647, 0.5, 0.0, 0.0, 1.0]], ["frame7.png", [0.8844355344772339, 0.10990051925182343, -0.45353683829307556, 1.1571446182936331, 0.11158725619316101, -0.9934852719306946, -0.02313552424311638, 0.05411688150342593, -0.4531247913837433, -0.03014705330133438, -0.8909372091293335, 2.438870167821655, 0.0, 0.0, 0.0, 1.0, 4.2647, 0.0, 0.5, 0.0, 4.2647, 0.5, 0.0, 0.0, 1.0]], ["frame7_mirror.png", [0.8844355344772339, -0.10990051925182343, 0.45353683829307556, -1.1571446182936331, -0.11158725619316101, -0.9934852719306946, -0.02313552424311638, 0.05411688150342593, 0.4531247913837433, -0.03014705330133438, -0.8909372091293335, 2.438870167821655, 0.0, 0.0, 0.0, 1.0, 4.2647, 0.0, 0.5, 0.0, 4.2647, 0.5, 0.0, 0.0, 1.0]], ["frame8.png", [0.887566328048706, 0.11337084323167801, -0.4465121328830719, 1.1408264121464018, 0.10940618813037872, -0.9933895468711853, -0.03474967181682587, 0.08216927003417045, -0.4475000500679016, -0.018008556216955185, -0.8941025733947754, 2.4457643607697004, 0.0, 0.0, 0.0, 1.0, 4.2647, 0.0, 0.5, 0.0, 4.2647, 0.5, 0.0, 0.0, 1.0]], ["frame8_mirror.png", [0.887566328048706, -0.11337084323167801, 0.4465121328830719, -1.1408264121464018, -0.10940618813037872, -0.9933895468711853, -0.03474967181682587, 0.08216927003417045, 0.4475000500679016, -0.018008556216955185, -0.8941025733947754, 2.4457643607697004, 0.0, 0.0, 0.0, 1.0, 4.2647, 0.0, 0.5, 0.0, 4.2647, 0.5, 0.0, 0.0, 1.0]], ["frame9.png", [0.8957326412200928, 0.12149471789598465, -0.4276704490184784, 1.0901894627175024, 0.10352200269699097, -0.9924923777580261, -0.06513087451457977, 0.15764879876313861, -0.4323727488517761, 0.014066547155380249, -0.9015852212905884, 2.4650829177997773, 0.0, 0.0, 0.0, 1.0, 4.2647, 0.0, 0.5, 0.0, 4.2647, 0.5, 0.0, 0.0, 1.0]], ["frame9_mirror.png", [0.8957326412200928, -0.12149471789598465, 0.4276704490184784, -1.0901894627175024, -0.10352200269699097, -0.9924923777580261, -0.06513087451457977, 0.15764879876313861, 0.4323727488517761, 0.014066547155380249, -0.9015852212905884, 2.4650829177997773, 0.0, 0.0, 0.0, 1.0, 4.2647, 0.0, 0.5, 0.0, 4.2647, 0.5, 0.0, 0.0, 1.0]]]}