{"labels": [["frame0.png", [0.9481652975082397, -0.14291703701019287, -0.28382638096809387, 0.7232374885405685, -0.15555712580680847, -0.9875733256340027, -0.022382738068699837, 0.06743393085336549, -0.27710047364234924, 0.0653737485408783, -0.9586144685745239, 2.6004576905112677, 0.0, 0.0, 0.0, 1.0, 4.2647, 0.0, 0.5, 0.0, 4.2647, 0.5, 0.0, 0.0, 1.0]], ["frame0_mirror.png", [0.9481652975082397, 0.14291703701019287, 0.28382638096809387, -0.7232374885405685, 0.15555712580680847, -0.9875733256340027, -0.022382738068699837, 0.06743393085336549, 0.27710047364234924, 0.0653737485408783, -0.9586144685745239, 2.6004576905112677, 0.0, 0.0, 0.0, 1.0, 4.2647, 0.0, 0.5, 0.0, 4.2647, 0.5, 0.0, 0.0, 1.0]], ["frame1.png", [0.9726522564888, -0.12369881570339203, -0.19658629596233368, 0.4982090125022156, -0.11190098524093628, -0.9912457466125488, 0.07007188349962234, -0.1705140166728215, -0.2035331428050995, -0.04615738242864609, -0.9779794216156006, 2.6481527051851956, 0.0, 0.0, 0.0, 1.0, 4.2647, 0.0, 0.5, 0.0, 4.2647, 0.5, 0.0, 0.0, 1.0]], ["frame1_mirror.png", [0.9726522564888, 0.12369881570339203, 0.19658629596233368, -0.4982090125022156, 0.11190098524093628, -0.9912457466125488, 0.07007188349962234, -0.1705140166728215, 0.2035331428050995, -0.04615738242864609, -0.9779794216156006, 2.6481527051851956, 0.0, 0.0, 0.0, 1.0, 4.2647, 0.0, 0.5, 0.0, 4.2647, 0.5, 0.0, 0.0, 1.0]], ["frame2.png", [0.9919488430023193, -0.09533850103616714, -0.0833548828959465, 0.21336498183244862, -0.09491010755300522, -0.9954442381858826, 0.009095972403883934, -0.019623464488735684, -0.08384232968091965, -0.0011115185916423798, -0.9964783787727356, 2.6914847768785726, 0.0, 0.0, 0.0, 1.0, 4.2647, 0.0, 0.5, 0.0, 4.2647, 0.5, 0.0, 0.0, 1.0]], ["frame2_mirror.png", [0.9919488430023193, 0.09533850103616714, 0.0833548828959465, -0.21336498183244862, 0.09491010755300522, -0.9954442381858826, 0.009095972403883934, -0.019623464488735684, 0.08384232968091965, -0.0011115185916423798, -0.9964783787727356, 2.6914847768785726, 0.0, 0.0, 0.0, 1.0, 4.2647, 0.0, 0.5, 0.0, 4.2647, 0.5, 0.0, 0.0, 1.0]]]}