{"labels": [["frame0.png", [0.9428623914718628, -0.1339515894651413, -0.30506962537765503, 0.7735345771991778, -0.13464732468128204, -0.9907140731811523, 0.018860632553696632, -0.041074587777441045, -0.30476316809654236, 0.023293832316994667, -0.9521432518959045, 2.586495145194787, 0.0, 0.0, 0.0, 1.0, 4.2647, 0.0, 0.5, 0.0, 4.2647, 0.5, 0.0, 0.0, 1.0]], ["frame0_mirror.png", [0.9428623914718628, 0.1339515894651413, 0.30506962537765503, -0.7735345771991778, 0.13464732468128204, -0.9907140731811523, 0.018860632553696632, -0.041074587777441045, 0.30476316809654236, 0.023293832316994667, -0.9521432518959045, 2.586495145194787, 0.0, 0.0, 0.0, 1.0, 4.2647, 0.0, 0.5, 0.0, 4.2647, 0.5, 0.0, 0.0, 1.0]], ["frame1.png", [0.9361867308616638, -0.14744976162910461, -0.3190814256668091, 0.8081339201706946, -0.12747368216514587, -0.9883855581283569, 0.08273136615753174, -0.20709632984920265, -0.3275741934776306, -0.036777518689632416, -0.9441094398498535, 2.5678844750557874, 0.0, 0.0, 0.0, 1.0, 4.2647, 0.0, 0.5, 0.0, 4.2647, 0.5, 0.0, 0.0, 1.0]], ["frame1_mirror.png", [0.9361867308616638, 0.14744976162910461, 0.3190814256668091, -0.8081339201706946, 0.12747368216514587, -0.9883855581283569, 0.08273136615753174, -0.20709632984920265, 0.3275741934776306, -0.036777518689632416, -0.9441094398498535, 2.5678844750557874, 0.0, 0.0, 0.0, 1.0, 4.2647, 0.0, 0.5, 0.0, 4.2647, 0.5, 0.0, 0.0, 1.0]], ["frame2.png", [0.9038283824920654, 0.05213567614555359, -0.42470720410346985, 1.08150239192221, 0.06290861964225769, -0.9979545474052429, 0.011371495202183723, -0.029666082917539326, -0.4232456386089325, -0.036995623260736465, -0.905259370803833, 2.4737567584123683, 0.0, 0.0, 0.0, 1.0, 4.2647, 0.0, 0.5, 0.0, 4.2647, 0.5, 0.0, 0.0, 1.0]], ["frame2_mirror.png", [0.9038283824920654, -0.05213567614555359, 0.42470720410346985, -1.08150239192221, -0.06290861964225769, -0.9979545474052429, 0.011371495202183723, -0.029666082917539326, 0.4232456386089325, -0.036995623260736465, -0.905259370803833, 2.4737567584123683, 0.0, 0.0, 0.0, 1.0, 4.2647, 0.0, 0.5, 0.0, 4.2647, 0.5, 0.0, 0.0, 1.0]], ["frame3.png", [0.9302594065666199, 0.1429453045129776, -0.3379114866256714, 0.855930382717875, 0.1345292031764984, -0.9897304773330688, -0.04832706227898598, 0.12541045475076545, -0.34134942293167114, -0.0005022622644901276, -0.9399363398551941, 2.5576660059084415, 0.0, 0.0, 0.0, 1.0, 4.2647, 0.0, 0.5, 0.0, 4.2647, 0.5, 0.0, 0.0, 1.0]], ["frame3_mirror.png", [0.9302594065666199, -0.1429453045129776, 0.3379114866256714, -0.855930382717875, -0.1345292031764984, -0.9897304773330688, -0.04832706227898598, 0.12541045475076545, 0.34134942293167114, -0.0005022622644901276, -0.9399363398551941, 2.5576660059084415, 0.0, 0.0, 0.0, 1.0, 4.2647, 0.0, 0.5, 0.0, 4.2647, 0.5, 0.0, 0.0, 1.0]], ["frame4.png", [0.9426319003105164, 0.11301068961620331, -0.31412363052368164, 0.7960999329719025, 0.09473016113042831, -0.9928290247917175, -0.0729159340262413, 0.19221997739903016, -0.32011133432388306, 0.03897590935230255, -0.946577787399292, 2.572795440179971, 0.0, 0.0, 0.0, 1.0, 4.2647, 0.0, 0.5, 0.0, 4.2647, 0.5, 0.0, 0.0, 1.0]], ["frame4_mirror.png", [0.9426319003105164, -0.11301068961620331, 0.31412363052368164, -0.7960999329719025, -0.09473016113042831, -0.9928290247917175, -0.0729159340262413, 0.19221997739903016, 0.32011133432388306, 0.03897590935230255, -0.946577787399292, 2.572795440179971, 0.0, 0.0, 0.0, 1.0, 4.2647, 0.0, 0.5, 0.0, 4.2647, 0.5, 0.0, 0.0, 1.0]], ["frame5.png", [0.9515169262886047, 0.12877558171749115, -0.2793428301811218, 0.7020375020249083, 0.10602754354476929, -0.9898017048835754, -0.09513502568006516, 0.24452039073894877, -0.28874507546424866, 0.060904551297426224, -0.9554668068885803, 2.5956411778717605, 0.0, 0.0, 0.0, 1.0, 4.2647, 0.0, 0.5, 0.0, 4.2647, 0.5, 0.0, 0.0, 1.0]], ["frame5_mirror.png", [0.9515169262886047, -0.12877558171749115, 0.2793428301811218, -0.7020375020249083, -0.10602754354476929, -0.9898017048835754, -0.09513502568006516, 0.24452039073894877, 0.28874507546424866, 0.060904551297426224, -0.9554668068885803, 2.5956411778717605, 0.0, 0.0, 0.0, 1.0, 4.2647, 0.0, 0.5, 0.0, 4.2647, 0.5, 0.0, 0.0, 1.0]], ["frame6.png", [0.9443448781967163, 0.10554436594247818, -0.31156569719314575, 0.7865101070559029, 0.09463641047477722, -0.9942570328712463, -0.049969591200351715, 0.12922648064732448, -0.3150503933429718, 0.017703067511320114, -0.9489098191261292, 2.5796709806094302, 0.0, 0.0, 0.0, 1.0, 4.2647, 0.0, 0.5, 0.0, 4.2647, 0.5, 0.0, 0.0, 1.0]], ["frame6_mirror.png", [0.9443448781967163, -0.10554436594247818, 0.31156569719314575, -0.7865101070559029, -0.09463641047477722, -0.9942570328712463, -0.049969591200351715, 0.12922648064732448, 0.3150503933429718, 0.017703067511320114, -0.9489098191261292, 2.5796709806094302, 0.0, 0.0, 0.0, 1.0, 4.2647, 0.0, 0.5, 0.0, 4.2647, 0.5, 0.0, 0.0, 1.0]], ["frame7.png", [0.9528806805610657, 0.13288545608520508, -0.27268996834754944, 0.6897619889175867, 0.10402195155620575, -0.9875779151916504, -0.11776826530694962, 0.3062737336134462, -0.2849522829055786, 0.08385336399078369, -0.954866886138916, 2.5923782129046944, 0.0, 0.0, 0.0, 1.0, 4.2647, 0.0, 0.5, 0.0, 4.2647, 0.5, 0.0, 0.0, 1.0]], ["frame7_mirror.png", [0.9528806805610657, -0.13288545608520508, 0.27268996834754944, -0.6897619889175867, -0.10402195155620575, -0.9875779151916504, -0.11776826530694962, 0.3062737336134462, 0.2849522829055786, 0.08385336399078369, -0.954866886138916, 2.5923782129046944, 0.0, 0.0, 0.0, 1.0, 4.2647, 0.0, 0.5, 0.0, 4.2647, 0.5, 0.0, 0.0, 1.0]], ["frame8.png", [0.9424185156822205, 0.13112607598304749, -0.30765780806541443, 0.7778637147256083, 0.10015323758125305, -0.9883664846420288, -0.11445951461791992, 0.29259914910856855, -0.31908732652664185, 0.07705584168434143, -0.9445875883102417, 2.5689129567297955, 0.0, 0.0, 0.0, 1.0, 4.2647, 0.0, 0.5, 0.0, 4.2647, 0.5, 0.0, 0.0, 1.0]], ["frame8_mirror.png", [0.9424185156822205, -0.13112607598304749, 0.30765780806541443, -0.7778637147256083, -0.10015323758125305, -0.9883664846420288, -0.11445951461791992, 0.29259914910856855, 0.31908732652664185, 0.07705584168434143, -0.9445875883102417, 2.5689129567297955, 0.0, 0.0, 0.0, 1.0, 4.2647, 0.0, 0.5, 0.0, 4.2647, 0.5, 0.0, 0.0, 1.0]]]}