{"labels": [["frame0.png", [0.9315582513809204, 0.005585018545389175, 0.3635493218898773, -0.9270215208749513, 0.101400226354599, -0.9642020463943481, -0.2450152486562729, 0.6224547103864922, 0.349166601896286, 0.26510995626449585, -0.8987765908241272, 2.4582882730372293, 0.0, 0.0, 0.0, 1.0, 4.2647, 0.0, 0.5, 0.0, 4.2647, 0.5, 0.0, 0.0, 1.0]], ["frame0_mirror.png", [0.9315582513809204, -0.005585018545389175, -0.3635493218898773, 0.9270215208749513, -0.101400226354599, -0.9642020463943481, -0.2450152486562729, 0.6224547103864922, -0.349166601896286, 0.26510995626449585, -0.8987765908241272, 2.4582882730372293, 0.0, 0.0, 0.0, 1.0, 4.2647, 0.0, 0.5, 0.0, 4.2647, 0.5, 0.0, 0.0, 1.0]], ["frame1.png", [0.9289335608482361, -0.0054392204619944096, 0.37020644545555115, -0.9468233537906039, 0.09428779780864716, -0.9634503722190857, -0.2507452964782715, 0.6416269144538527, 0.35803940892219543, 0.2678316831588745, -0.8944686055183411, 2.4457801289905725, 0.0, 0.0, 0.0, 1.0, 4.2647, 0.0, 0.5, 0.0, 4.2647, 0.5, 0.0, 0.0, 1.0]], ["frame1_mirror.png", [0.9289335608482361, 0.0054392204619944096, -0.37020644545555115, 0.9468233537906039, -0.09428779780864716, -0.9634503722190857, -0.2507452964782715, 0.6416269144538527, -0.35803940892219543, 0.2678316831588745, -0.8944686055183411, 2.4457801289905725, 0.0, 0.0, 0.0, 1.0, 4.2647, 0.0, 0.5, 0.0, 4.2647, 0.5, 0.0, 0.0, 1.0]], ["frame2.png", [0.9238919019699097, -0.03638915345072746, 0.380919486284256, -0.977534127257173, 0.07215028256177902, -0.9610463976860046, -0.26680368185043335, 0.6782342109291641, 0.3757900595664978, 0.2739812135696411, -0.8852774500846863, 2.423721391821439, 0.0, 0.0, 0.0, 1.0, 4.2647, 0.0, 0.5, 0.0, 4.2647, 0.5, 0.0, 0.0, 1.0]], ["frame2_mirror.png", [0.9238919019699097, 0.03638915345072746, -0.380919486284256, 0.977534127257173, -0.07215028256177902, -0.9610463976860046, -0.26680368185043335, 0.6782342109291641, -0.3757900595664978, 0.2739812135696411, -0.8852774500846863, 2.423721391821439, 0.0, 0.0, 0.0, 1.0, 4.2647, 0.0, 0.5, 0.0, 4.2647, 0.5, 0.0, 0.0, 1.0]], ["frame3.png", [0.9084928631782532, 0.1007399782538414, 0.40557634830474854, -1.0324929805970795, 0.17572593688964844, -0.9726276993751526, -0.15203861892223358, 0.3908585071826772, 0.3791584372520447, 0.20939628779888153, -0.9013279676437378, 2.4639780584211155, 0.0, 0.0, 0.0, 1.0, 4.2647, 0.0, 0.5, 0.0, 4.2647, 0.5, 0.0, 0.0, 1.0]], ["frame3_mirror.png", [0.9084928631782532, -0.1007399782538414, -0.40557634830474854, 1.0324929805970795, -0.17572593688964844, -0.9726276993751526, -0.15203861892223358, 0.3908585071826772, -0.3791584372520447, 0.20939628779888153, -0.9013279676437378, 2.4639780584211155, 0.0, 0.0, 0.0, 1.0, 4.2647, 0.0, 0.5, 0.0, 4.2647, 0.5, 0.0, 0.0, 1.0]]]}