{"frame0.png": {"intrinsics": [[2985.29, 0.0, 512.0], [0.0, 2985.29, 512.0], [0.0, 0.0, 1.0]], "pose": [[0.943137526512146, 0.13326682150363922, 0.30451858043670654, -0.8454170227050781], [0.11518795788288116, -0.990380585193634, 0.07666784524917603, -0.2039898931980133], [0.3118065893650055, -0.0372314490377903, -0.9494158625602722, 2.7893519401550293], [0.0, 0.0, 0.0, 1.0]]}, "frame1.png": {"intrinsics": [[2985.29, 0.0, 512.0], [0.0, 2985.29, 512.0], [0.0, 0.0, 1.0]], "pose": [[0.9459187984466553, 0.12581205368041992, 0.29901352524757385, -0.8312167525291443], [0.1082996279001236, -0.9913225173950195, 0.07450387626886368, -0.1978483498096466], [0.30579233169555664, -0.03809155896306038, -0.9513359665870667, 2.7930428981781006], [0.0, 0.0, 0.0, 1.0]]}, "frame10.png": {"intrinsics": [[2985.29, 0.0, 512.0], [0.0, 2985.29, 512.0], [0.0, 0.0, 1.0]], "pose": [[0.9454283118247986, 0.17160651087760925, 0.27697744965553284, -0.7566954493522644], [0.1492694765329361, -0.9837294220924377, 0.0999748557806015, -0.2635197937488556], [0.28962719440460205, -0.05317477509379387, -0.9556612968444824, 2.776963949203491], [0.0, 0.0, 0.0, 1.0]]}, "frame11.png": {"intrinsics": [[2985.29, 0.0, 512.0], [0.0, 2985.29, 512.0], [0.0, 0.0, 1.0]], "pose": [[0.944831371307373, 0.17872242629528046, 0.2745031416416168, -0.7467157244682312], [0.15853221714496613, -0.9828456044197083, 0.09424425661563873, -0.24765931069850922], [0.2866377830505371, -0.04552733525633812, -0.956956684589386, 2.7705087661743164], [0.0, 0.0, 0.0, 1.0]]}, "frame12.png": {"intrinsics": [[2985.29, 0.0, 512.0], [0.0, 2985.29, 512.0], [0.0, 0.0, 1.0]], "pose": [[0.9436070919036865, 0.18614940345287323, 0.2737773358821869, -0.7442556619644165], [0.16469791531562805, -0.9813056588172913, 0.09956751018762589, -0.2608853578567505], [0.2871936857700348, -0.048862047493457794, -0.9566254615783691, 2.7629239559173584], [0.0, 0.0, 0.0, 1.0]]}, "frame13.png": {"intrinsics": [[2985.29, 0.0, 512.0], [0.0, 2985.29, 512.0], [0.0, 0.0, 1.0]], "pose": [[0.9413474202156067, 0.1785757690668106, 0.2863140404224396, -0.790425717830658], [0.1578255146741867, -0.9829654693603516, 0.09418042004108429, -0.25137653946876526], [0.29825514554977417, -0.043468836694955826, -0.9534958004951477, 2.797748565673828], [0.0, 0.0, 0.0, 1.0]]}, "frame14.png": {"intrinsics": [[2985.29, 0.0, 512.0], [0.0, 2985.29, 512.0], [0.0, 0.0, 1.0]], "pose": [[0.9380509853363037, 0.19040897488594055, 0.2894904315471649, -0.7953821420669556], [0.16698922216892242, -0.9804800152778625, 0.10379541665315628, -0.27381616830825806], [0.3036031424999237, -0.049023617058992386, -0.9515365362167358, 2.7750470638275146], [0.0, 0.0, 0.0, 1.0]]}, "frame15.png": {"intrinsics": [[2985.29, 0.0, 512.0], [0.0, 2985.29, 512.0], [0.0, 0.0, 1.0]], "pose": [[0.9380021095275879, 0.18893837928771973, 0.29061034321784973, -0.7946980595588684], [0.1628854125738144, -0.9803131818771362, 0.1115993931889534, -0.293468713760376], [0.3059745728969574, -0.057344287633895874, -0.9503111243247986, 2.7562742233276367], [0.0, 0.0, 0.0, 1.0]]}, "frame16.png": {"intrinsics": [[2985.29, 0.0, 512.0], [0.0, 2985.29, 512.0], [0.0, 0.0, 1.0]], "pose": [[0.9398115277290344, 0.18887078762054443, 0.28474920988082886, -0.7838861346244812], [0.16368970274925232, -0.9803594946861267, 0.11000486463308334, -0.2901958227157593], [0.2999332845211029, -0.05677333101630211, -0.9522693157196045, 2.7820353507995605], [0.0, 0.0, 0.0, 1.0]]}, "frame17.png": {"intrinsics": [[2985.29, 0.0, 512.0], [0.0, 2985.29, 512.0], [0.0, 0.0, 1.0]], "pose": [[0.9397614598274231, 0.19201047718524933, 0.2828080952167511, -0.7860111594200134], [0.16620203852653503, -0.9796165823936462, 0.11281989514827728, -0.3010809123516083], [0.2987060844898224, -0.059020500630140305, -0.9525184035301208, 2.797445297241211], [0.0, 0.0, 0.0, 1.0]]}, "frame18.png": {"intrinsics": [[2985.29, 0.0, 512.0], [0.0, 2985.29, 512.0], [0.0, 0.0, 1.0]], "pose": [[0.9384400844573975, 0.18784624338150024, 0.28990334272384644, -0.81015545129776], [0.16079255938529968, -0.9803008437156677, 0.11469913274049759, -0.3121325373649597], [0.30573827028274536, -0.06102396920323372, -0.9501579403877258, 2.814467430114746], [0.0, 0.0, 0.0, 1.0]]}, "frame19.png": {"intrinsics": [[2985.29, 0.0, 512.0], [0.0, 2985.29, 512.0], [0.0, 0.0, 1.0]], "pose": [[0.941416323184967, 0.18193086981773376, 0.2839656472206116, -0.7924959063529968], [0.15775008499622345, -0.9817712306976318, 0.10601979494094849, -0.2849237620830536], [0.2980775535106659, -0.055013157427310944, -0.9529550671577454, 2.81906795501709], [0.0, 0.0, 0.0, 1.0]]}, "frame2.png": {"intrinsics": [[2985.29, 0.0, 512.0], [0.0, 2985.29, 512.0], [0.0, 0.0, 1.0]], "pose": [[0.9518319964408875, 0.12475647032260895, 0.28009232878685, -0.7655192017555237], [0.11019617319107056, -0.9916348457336426, 0.0672086700797081, -0.17267084121704102], [0.2861340343952179, -0.033106256276369095, -0.9576175212860107, 2.782630681991577], [0.0, 0.0, 0.0, 1.0]]}, "frame20.png": {"intrinsics": [[2985.29, 0.0, 512.0], [0.0, 2985.29, 512.0], [0.0, 0.0, 1.0]], "pose": [[0.9459234476089478, 0.17506763339042664, 0.27309367060661316, -0.7530009150505066], [0.15433315932750702, -0.9833616018295288, 0.09581852704286575, -0.24956820905208588], [0.2853245437145233, -0.04848958179354668, -0.9572035074234009, 2.7885944843292236], [0.0, 0.0, 0.0, 1.0]]}, "frame21.png": {"intrinsics": [[2985.29, 0.0, 512.0], [0.0, 2985.29, 512.0], [0.0, 0.0, 1.0]], "pose": [[0.9457556009292603, 0.17544449865818024, 0.27343297004699707, -0.7574426531791687], [0.15451234579086304, -0.9832696914672852, 0.09647094458341599, -0.25471144914627075], [0.28578367829322815, -0.04898916557431221, -0.9570411443710327, 2.811771869659424], [0.0, 0.0, 0.0, 1.0]]}, "frame22.png": {"intrinsics": [[2985.29, 0.0, 512.0], [0.0, 2985.29, 512.0], [0.0, 0.0, 1.0]], "pose": [[0.9466652274131775, 0.17479076981544495, 0.2706899046897888, -0.7508066892623901], [0.15438708662986755, -0.98342365026474, 0.09509216248989105, -0.24971716105937958], [0.2828240990638733, -0.04822941869497299, -0.957958459854126, 2.8094544410705566], [0.0, 0.0, 0.0, 1.0]]}, "frame23.png": {"intrinsics": [[2985.29, 0.0, 512.0], [0.0, 2985.29, 512.0], [0.0, 0.0, 1.0]], "pose": [[0.9476902484893799, 0.17356379330158234, 0.26787862181663513, -0.7434195280075073], [0.15392185747623444, -0.983712911605835, 0.09282822906970978, -0.24357257783412933], [0.27962726354599, -0.04674002155661583, -0.958970308303833, 2.816128969192505], [0.0, 0.0, 0.0, 1.0]]}, "frame24.png": {"intrinsics": [[2985.29, 0.0, 512.0], [0.0, 2985.29, 512.0], [0.0, 0.0, 1.0]], "pose": [[0.9472804665565491, 0.17366701364517212, 0.269257128238678, -0.739695131778717], [0.1528223156929016, -0.9835110306739807, 0.0967024639248848, -0.2503000795841217], [0.2816113829612732, -0.050455860793590546, -0.958200991153717, 2.7960927486419678], [0.0, 0.0, 0.0, 1.0]]}, "frame25.png": {"intrinsics": [[2985.29, 0.0, 512.0], [0.0, 2985.29, 512.0], [0.0, 0.0, 1.0]], "pose": [[0.9472163915634155, 0.18017597496509552, 0.2651749849319458, -0.7345607280731201], [0.16212919354438782, -0.9827812910079956, 0.08862882852554321, -0.2323763519525528], [0.27657777070999146, -0.04095806926488876, -0.9601183533668518, 2.812035083770752], [0.0, 0.0, 0.0, 1.0]]}, "frame26.png": {"intrinsics": [[2985.29, 0.0, 512.0], [0.0, 2985.29, 512.0], [0.0, 0.0, 1.0]], "pose": [[0.9459480047225952, 0.18480899930000305, 0.2665107250213623, -0.7363414168357849], [0.16391316056251526, -0.9815117716789246, 0.09882855415344238, -0.2600231468677521], [0.2798478305339813, -0.04980205371975899, -0.9587517380714417, 2.80006742477417], [0.0, 0.0, 0.0, 1.0]]}, "frame27.png": {"intrinsics": [[2985.29, 0.0, 512.0], [0.0, 2985.29, 512.0], [0.0, 0.0, 1.0]], "pose": [[0.9443907737731934, 0.1913590282201767, 0.2674095928668976, -0.7429999113082886], [0.1698969155550003, -0.9802269339561462, 0.10144063085317612, -0.26734253764152527], [0.2815336585044861, -0.05036752298474312, -0.9582285284996033, 2.818777322769165], [0.0, 0.0, 0.0, 1.0]]}, "frame28.png": {"intrinsics": [[2985.29, 0.0, 512.0], [0.0, 2985.29, 512.0], [0.0, 0.0, 1.0]], "pose": [[0.942662239074707, 0.19461402297019958, 0.27113330364227295, -0.759491503238678], [0.17424535751342773, -0.9798616766929626, 0.09751768410205841, -0.26024943590164185], [0.2846514582633972, -0.044682521373033524, -0.9575892090797424, 2.8326282501220703], [0.0, 0.0, 0.0, 1.0]]}, "frame29.png": {"intrinsics": [[2985.29, 0.0, 512.0], [0.0, 2985.29, 512.0], [0.0, 0.0, 1.0]], "pose": [[0.9381977915763855, 0.19377778470516205, 0.28676655888557434, -0.786304771900177], [0.17190545797348022, -0.9800416827201843, 0.09983379393815994, -0.2605557143688202], [0.30038875341415405, -0.04436711594462395, -0.9527844190597534, 2.7671799659729004], [0.0, 0.0, 0.0, 1.0]]}, "frame3.png": {"intrinsics": [[2985.29, 0.0, 512.0], [0.0, 2985.29, 512.0], [0.0, 0.0, 1.0]], "pose": [[0.9521375298500061, 0.12220089137554169, 0.2801803946495056, -0.759698212146759], [0.10546422004699707, -0.9916574954986572, 0.0741128921508789, -0.1916494071483612], [0.2868996560573578, -0.04101666435599327, -0.9570821523666382, 2.7666513919830322], [0.0, 0.0, 0.0, 1.0]]}, "frame30.png": {"intrinsics": [[2985.29, 0.0, 512.0], [0.0, 2985.29, 512.0], [0.0, 0.0, 1.0]], "pose": [[0.9340043067932129, 0.19784775376319885, 0.2974763810634613, -0.796259880065918], [0.17612038552761078, -0.9794347286224365, 0.09843388944864273, -0.25295501947402954], [0.310833603143692, -0.039546024054288864, -0.9496413469314575, 2.713291883468628], [0.0, 0.0, 0.0, 1.0]]}, "frame31.png": {"intrinsics": [[2985.29, 0.0, 512.0], [0.0, 2985.29, 512.0], [0.0, 0.0, 1.0]], "pose": [[0.9333854913711548, 0.19822905957698822, 0.2991602122783661, -0.8256082534790039], [0.17108522355556488, -0.9785656332969666, 0.114626444876194, -0.3072458803653717], [0.3154701888561249, -0.05580877140164375, -0.9472929239273071, 2.7734694480895996], [0.0, 0.0, 0.0, 1.0]]}, "frame32.png": {"intrinsics": [[2985.29, 0.0, 512.0], [0.0, 2985.29, 512.0], [0.0, 0.0, 1.0]], "pose": [[0.9342982172966003, 0.19810685515403748, 0.2963791787624359, -0.814397394657135], [0.17236676812171936, -0.9787734150886536, 0.11087068170309067, -0.29246801137924194], [0.31205227971076965, -0.05250035226345062, -0.9486132264137268, 2.765056610107422], [0.0, 0.0, 0.0, 1.0]]}, "frame33.png": {"intrinsics": [[2985.29, 0.0, 512.0], [0.0, 2985.29, 512.0], [0.0, 0.0, 1.0]], "pose": [[0.9368705749511719, 0.19194066524505615, 0.2922879457473755, -0.8025041818618774], [0.16690312325954437, -0.9799784421920776, 0.10856103897094727, -0.2844715416431427], [0.30727317929267883, -0.05292387306690216, -0.9501485228538513, 2.7689132690429688], [0.0, 0.0, 0.0, 1.0]]}, "frame34.png": {"intrinsics": [[2985.29, 0.0, 512.0], [0.0, 2985.29, 512.0], [0.0, 0.0, 1.0]], "pose": [[0.9436702728271484, 0.17877699434757233, 0.2784336805343628, -0.7608934640884399], [0.15789538621902466, -0.9827890396118164, 0.0958896204829216, -0.2486778050661087], [0.29078441858291626, -0.04652479290962219, -0.9556568264961243, 2.7714433670043945], [0.0, 0.0, 0.0, 1.0]]}, "frame35.png": {"intrinsics": [[2985.29, 0.0, 512.0], [0.0, 2985.29, 512.0], [0.0, 0.0, 1.0]], "pose": [[0.9492149353027344, 0.1744091659784317, 0.2618635296821594, -0.732463538646698], [0.15315833687782288, -0.9831652045249939, 0.09964290261268616, -0.2658185362815857], [0.2748337388038635, -0.054475944489240646, -0.9599473476409912, 2.8302321434020996], [0.0, 0.0, 0.0, 1.0]]}, "frame36.png": {"intrinsics": [[2985.29, 0.0, 512.0], [0.0, 2985.29, 512.0], [0.0, 0.0, 1.0]], "pose": [[0.9538334012031555, 0.1581144779920578, 0.25534600019454956, -0.711090087890625], [0.13839256763458252, -0.9859486222267151, 0.09355650842189789, -0.24997080862522125], [0.2665506899356842, -0.053899332880973816, -0.962312638759613, 2.840881586074829], [0.0, 0.0, 0.0, 1.0]]}, "frame37.png": {"intrinsics": [[2985.29, 0.0, 512.0], [0.0, 2985.29, 512.0], [0.0, 0.0, 1.0]], "pose": [[0.9630379676818848, 0.1329914629459381, 0.23424582183361053, -0.6369755268096924], [0.11591196805238724, -0.989590585231781, 0.08529277890920639, -0.2206711769104004], [0.24315068125724792, -0.05498829483985901, -0.9684286117553711, 2.8068432807922363], [0.0, 0.0, 0.0, 1.0]]}, "frame38.png": {"intrinsics": [[2985.29, 0.0, 512.0], [0.0, 2985.29, 512.0], [0.0, 0.0, 1.0]], "pose": [[0.9720965027809143, 0.11378432810306549, 0.2051377147436142, -0.5630079507827759], [0.09731943905353546, -0.9912952184677124, 0.0886719673871994, -0.22928422689437866], [0.21344150602817535, -0.06623382121324539, -0.9747080206871033, 2.8350987434387207], [0.0, 0.0, 0.0, 1.0]]}, "frame39.png": {"intrinsics": [[2985.29, 0.0, 512.0], [0.0, 2985.29, 512.0], [0.0, 0.0, 1.0]], "pose": [[0.9815163016319275, 0.09168778359889984, 0.1679852306842804, -0.45720797777175903], [0.07676265388727188, -0.9926747679710388, 0.09329604357481003, -0.24150221049785614], [0.17530880868434906, -0.07867658883333206, -0.9813647866249084, 2.8358023166656494], [0.0, 0.0, 0.0, 1.0]]}, "frame4.png": {"intrinsics": [[2985.29, 0.0, 512.0], [0.0, 2985.29, 512.0], [0.0, 0.0, 1.0]], "pose": [[0.955180287361145, 0.12588118016719818, 0.267926424741745, -0.7314302921295166], [0.10973051190376282, -0.9911664724349976, 0.07448603957891464, -0.19395817816257477], [0.27493607997894287, -0.04174788296222687, -0.9605557322502136, 2.789635181427002], [0.0, 0.0, 0.0, 1.0]]}, "frame40.png": {"intrinsics": [[2985.29, 0.0, 512.0], [0.0, 2985.29, 512.0], [0.0, 0.0, 1.0]], "pose": [[0.9877647757530212, 0.07139743119478226, 0.1386474221944809, -0.3687802851200104], [0.05819614976644516, -0.9935773015022278, 0.0970430001616478, -0.24282492697238922], [0.1446855366230011, -0.08778691291809082, -0.9855757355690002, 2.8124659061431885], [0.0, 0.0, 0.0, 1.0]]}, "frame41.png": {"intrinsics": [[2985.29, 0.0, 512.0], [0.0, 2985.29, 512.0], [0.0, 0.0, 1.0]], "pose": [[0.992659330368042, 0.05368170142173767, 0.10837754607200623, -0.29158616065979004], [0.04513467103242874, -0.9957858920097351, 0.07983317971229553, -0.20493221282958984], [0.11220640689134598, -0.07435556501150131, -0.9908990859985352, 2.8468472957611084], [0.0, 0.0, 0.0, 1.0]]}, "frame42.png": {"intrinsics": [[2985.29, 0.0, 512.0], [0.0, 2985.29, 512.0], [0.0, 0.0, 1.0]], "pose": [[0.9955092072486877, 0.040346410125494, 0.08563631027936935, -0.23208186030387878], [0.03327532485127449, -0.9960395097732544, 0.08245019614696503, -0.21788041293621063], [0.08862371742725372, -0.07923035323619843, -0.9929090142250061, 2.886532783508301], [0.0, 0.0, 0.0, 1.0]]}, "frame43.png": {"intrinsics": [[2985.29, 0.0, 512.0], [0.0, 2985.29, 512.0], [0.0, 0.0, 1.0]], "pose": [[0.9979007244110107, 0.02128303237259388, 0.06116586551070213, -0.16628730297088623], [0.016873816028237343, -0.997282087802887, 0.07171963155269623, -0.18070341646671295], [0.06252603232860565, -0.07053697109222412, -0.9955475926399231, 2.853896141052246], [0.0, 0.0, 0.0, 1.0]]}, "frame44.png": {"intrinsics": [[2985.29, 0.0, 512.0], [0.0, 2985.29, 512.0], [0.0, 0.0, 1.0]], "pose": [[0.9989854693412781, 0.01845291256904602, 0.0410800576210022, -0.11115836352109909], [0.01574731431901455, -0.9977455139160156, 0.06523778289556503, -0.1622178852558136], [0.0421912707388401, -0.06452469527721405, -0.9970238208770752, 2.8661458492279053], [0.0, 0.0, 0.0, 1.0]]}, "frame45.png": {"intrinsics": [[2985.29, 0.0, 512.0], [0.0, 2985.29, 512.0], [0.0, 0.0, 1.0]], "pose": [[0.9990594983100891, 0.009731899946928024, 0.04225415363907814, -0.11498643457889557], [0.0067667411640286446, -0.9975409507751465, 0.06975863128900528, -0.17524580657482147], [0.042829133570194244, -0.06940709799528122, -0.9966686367988586, 2.869049072265625], [0.0, 0.0, 0.0, 1.0]]}, "frame46.png": {"intrinsics": [[2985.29, 0.0, 512.0], [0.0, 2985.29, 512.0], [0.0, 0.0, 1.0]], "pose": [[0.9991928339004517, 0.004675222095102072, 0.0398968867957592, -0.10707201063632965], [0.0020791408605873585, -0.9978918433189392, 0.06486479938030243, -0.15913839638233185], [0.04011603817343712, -0.0647294893860817, -0.9970961809158325, 2.8585472106933594], [0.0, 0.0, 0.0, 1.0]]}, "frame47.png": {"intrinsics": [[2985.29, 0.0, 512.0], [0.0, 2985.29, 512.0], [0.0, 0.0, 1.0]], "pose": [[0.9992914795875549, -0.0020129492040723562, 0.03758344426751137, -0.09781613945960999], [-0.004592088051140308, -0.9976292252540588, 0.06866474449634552, -0.17642539739608765], [0.03735612705349922, -0.06878867745399475, -0.9969316124916077, 2.8712360858917236], [0.0, 0.0, 0.0, 1.0]]}, "frame48.png": {"intrinsics": [[2985.29, 0.0, 512.0], [0.0, 2985.29, 512.0], [0.0, 0.0, 1.0]], "pose": [[0.9995414018630981, -0.002936767879873514, 0.030140524730086327, -0.08039943873882294], [-0.00481064897030592, -0.9980465769767761, 0.06228860467672348, -0.15355104207992554], [0.02989872172474861, -0.06240503117442131, -0.9976029992103577, 2.846174955368042], [0.0, 0.0, 0.0, 1.0]]}, "frame49.png": {"intrinsics": [[2985.29, 0.0, 512.0], [0.0, 2985.29, 512.0], [0.0, 0.0, 1.0]], "pose": [[0.9995338916778564, -0.005509860813617706, 0.030026501044631004, -0.08078521490097046], [-0.007493980228900909, -0.9977667927742004, 0.06637240201234818, -0.16569848358631134], [0.02959374152123928, -0.06656648963689804, -0.9973430037498474, 2.84391450881958], [0.0, 0.0, 0.0, 1.0]]}, "frame5.png": {"intrinsics": [[2985.29, 0.0, 512.0], [0.0, 2985.29, 512.0], [0.0, 0.0, 1.0]], "pose": [[0.954375147819519, 0.1384420543909073, 0.264578640460968, -0.7194414734840393], [0.12075001001358032, -0.9892834424972534, 0.0820838063955307, -0.21169953048229218], [0.27310711145401, -0.046390872448682785, -0.9608644247055054, 2.7799768447875977], [0.0, 0.0, 0.0, 1.0]]}, "frame6.png": {"intrinsics": [[2985.29, 0.0, 512.0], [0.0, 2985.29, 512.0], [0.0, 0.0, 1.0]], "pose": [[0.9512991905212402, 0.14754711091518402, 0.27066513895988464, -0.7486717700958252], [0.12745042145252228, -0.9877092242240906, 0.09048137068748474, -0.242015540599823], [0.28068870306015015, -0.05157846957445145, -0.9584119319915771, 2.8140270709991455], [0.0, 0.0, 0.0, 1.0]]}, "frame7.png": {"intrinsics": [[2985.29, 0.0, 512.0], [0.0, 2985.29, 512.0], [0.0, 0.0, 1.0]], "pose": [[0.9497553706169128, 0.1530691236257553, 0.27301037311553955, -0.7572386860847473], [0.13350796699523926, -0.9870471954345703, 0.08895830065011978, -0.2381935566663742], [0.28309088945388794, -0.04803956672549248, -0.9578892588615417, 2.8162949085235596], [0.0, 0.0, 0.0, 1.0]]}, "frame8.png": {"intrinsics": [[2985.29, 0.0, 512.0], [0.0, 2985.29, 512.0], [0.0, 0.0, 1.0]], "pose": [[0.9493337869644165, 0.16231364011764526, 0.26910892128944397, -0.7311527132987976], [0.14361226558685303, -0.9857208132743835, 0.087919682264328, -0.22631199657917023], [0.2795368432998657, -0.04481778293848038, -0.9590883255004883, 2.7628188133239746], [0.0, 0.0, 0.0, 1.0]]}, "frame9.png": {"intrinsics": [[2985.29, 0.0, 512.0], [0.0, 2985.29, 512.0], [0.0, 0.0, 1.0]], "pose": [[0.9486224055290222, 0.16375809907913208, 0.2707374393939972, -0.7399803400039673], [0.14423970878124237, -0.9853841662406921, 0.09062512218952179, -0.23641520738601685], [0.28162097930908203, -0.046917933970689774, -0.9583779573440552, 2.7785537242889404], [0.0, 0.0, 0.0, 1.0]]}}