{"labels": [["frame0.png", [0.9834632873535156, -0.1433643102645874, -0.110664501786232, 0.28010843883567377, -0.17024753987789154, -0.9402367472648621, -0.29490771889686584, 0.7576147749153038, -0.061771590262651443, 0.3088712990283966, -0.9490957260131836, 2.576346078329361, 0.0, 0.0, 0.0, 1.0, 4.2647, 0.0, 0.5, 0.0, 4.2647, 0.5, 0.0, 0.0, 1.0]], ["frame0_mirror.png", [0.9834632873535156, 0.1433643102645874, 0.110664501786232, -0.28010843883567377, 0.17024753987789154, -0.9402367472648621, -0.29490771889686584, 0.7576147749153038, 0.061771590262651443, 0.3088712990283966, -0.9490957260131836, 2.576346078329361, 0.0, 0.0, 0.0, 1.0, 4.2647, 0.0, 0.5, 0.0, 4.2647, 0.5, 0.0, 0.0, 1.0]], ["frame1.png", [0.9834572076797485, -0.1433686912059784, -0.11071304976940155, 0.28023411786601005, -0.17027314007282257, -0.9402017593383789, -0.29500454664230347, 0.7578439371122153, -0.06179819256067276, 0.30897578597068787, -0.9490600228309631, 2.576265010857019, 0.0, 0.0, 0.0, 1.0, 4.2647, 0.0, 0.5, 0.0, 4.2647, 0.5, 0.0, 0.0, 1.0]], ["frame1_mirror.png", [0.9834572076797485, 0.1433686912059784, 0.11071304976940155, -0.28023411786601005, 0.17027314007282257, -0.9402017593383789, -0.29500454664230347, 0.7578439371122153, 0.06179819256067276, 0.30897578597068787, -0.9490600228309631, 2.576265010857019, 0.0, 0.0, 0.0, 1.0, 4.2647, 0.0, 0.5, 0.0, 4.2647, 0.5, 0.0, 0.0, 1.0]], ["frame10.png", [0.9852567315101624, -0.1527172327041626, -0.07711506634950638, 0.20046638556394972, -0.1700204759836197, -0.9241811037063599, -0.3420267105102539, 0.8877275981655963, -0.019034914672374725, 0.3500952422618866, -0.9365206956863403, 2.5419978244904278, 0.0, 0.0, 0.0, 1.0, 4.2647, 0.0, 0.5, 0.0, 4.2647, 0.5, 0.0, 0.0, 1.0]], ["frame10_mirror.png", [0.9852567315101624, 0.1527172327041626, 0.07711506634950638, -0.20046638556394972, 0.1700204759836197, -0.9241811037063599, -0.3420267105102539, 0.8877275981655963, 0.019034914672374725, 0.3500952422618866, -0.9365206956863403, 2.5419978244904278, 0.0, 0.0, 0.0, 1.0, 4.2647, 0.0, 0.5, 0.0, 4.2647, 0.5, 0.0, 0.0, 1.0]], ["frame11.png", [0.985459566116333, -0.15198375284671783, -0.0759623572230339, 0.1966059816611279, -0.16902807354927063, -0.92240309715271, -0.3472779393196106, 0.9006845661640878, -0.017287302762269974, 0.3550681471824646, -0.9346805214881897, 2.5377378509705992, 0.0, 0.0, 0.0, 1.0, 4.2647, 0.0, 0.5, 0.0, 4.2647, 0.5, 0.0, 0.0, 1.0]], ["frame11_mirror.png", [0.985459566116333, 0.15198375284671783, 0.0759623572230339, -0.1966059816611279, 0.16902807354927063, -0.92240309715271, -0.3472779393196106, 0.9006845661640878, 0.017287302762269974, 0.3550681471824646, -0.9346805214881897, 2.5377378509705992, 0.0, 0.0, 0.0, 1.0, 4.2647, 0.0, 0.5, 0.0, 4.2647, 0.5, 0.0, 0.0, 1.0]], ["frame12.png", [0.9850367903709412, -0.15801489353179932, -0.06880277395248413, 0.17217775232505694, -0.17194029688835144, -0.9283362030982971, -0.3295882046222687, 0.8450248216961718, -0.011792264878749847, 0.33648645877838135, -0.9416144490242004, 2.5585714514786657, 0.0, 0.0, 0.0, 1.0, 4.2647, 0.0, 0.5, 0.0, 4.2647, 0.5, 0.0, 0.0, 1.0]], ["frame12_mirror.png", [0.9850367903709412, 0.15801489353179932, 0.06880277395248413, -0.17217775232505694, 0.17194029688835144, -0.9283362030982971, -0.3295882046222687, 0.8450248216961718, 0.011792264878749847, 0.33648645877838135, -0.9416144490242004, 2.5585714514786657, 0.0, 0.0, 0.0, 1.0, 4.2647, 0.0, 0.5, 0.0, 4.2647, 0.5, 0.0, 0.0, 1.0]], ["frame13.png", [0.9851236939430237, -0.15704265236854553, -0.06977749615907669, 0.17562585006576706, -0.1714099794626236, -0.9269004464149475, -0.33387741446495056, 0.8560346070223432, -0.01224379613995552, 0.34087109565734863, -0.9400302767753601, 2.5546742086553387, 0.0, 0.0, 0.0, 1.0, 4.2647, 0.0, 0.5, 0.0, 4.2647, 0.5, 0.0, 0.0, 1.0]], ["frame13_mirror.png", [0.9851236939430237, 0.15704265236854553, 0.06977749615907669, -0.17562585006576706, 0.1714099794626236, -0.9269004464149475, -0.33387741446495056, 0.8560346070223432, 0.01224379613995552, 0.34087109565734863, -0.9400302767753601, 2.5546742086553387, 0.0, 0.0, 0.0, 1.0, 4.2647, 0.0, 0.5, 0.0, 4.2647, 0.5, 0.0, 0.0, 1.0]], ["frame14.png", [0.9853832721710205, -0.1524239033460617, -0.07607050240039825, 0.19276200813812236, -0.16929659247398376, -0.9258465766906738, -0.3378562033176422, 0.8637090975240349, -0.01893225684762001, 0.3457963466644287, -0.938118577003479, 2.5508526815699835, 0.0, 0.0, 0.0, 1.0, 4.2647, 0.0, 0.5, 0.0, 4.2647, 0.5, 0.0, 0.0, 1.0]], ["frame14_mirror.png", [0.9853832721710205, 0.1524239033460617, 0.07607050240039825, -0.19276200813812236, 0.16929659247398376, -0.9258465766906738, -0.3378562033176422, 0.8637090975240349, 0.01893225684762001, 0.3457963466644287, -0.938118577003479, 2.5508526815699835, 0.0, 0.0, 0.0, 1.0, 4.2647, 0.0, 0.5, 0.0, 4.2647, 0.5, 0.0, 0.0, 1.0]], ["frame15.png", [0.9853070974349976, -0.14904144406318665, -0.08340605348348618, 0.21695510592281267, -0.16822654008865356, -0.9312371611595154, -0.3232603073120117, 0.8376259958538188, -0.02949162945151329, 0.3325417637825012, -0.9426272511482239, 2.5575991032771186, 0.0, 0.0, 0.0, 1.0, 4.2647, 0.0, 0.5, 0.0, 4.2647, 0.5, 0.0, 0.0, 1.0]], ["frame15_mirror.png", [0.9853070974349976, 0.14904144406318665, 0.08340605348348618, -0.21695510592281267, 0.16822654008865356, -0.9312371611595154, -0.3232603073120117, 0.8376259958538188, 0.02949162945151329, 0.3325417637825012, -0.9426272511482239, 2.5575991032771186, 0.0, 0.0, 0.0, 1.0, 4.2647, 0.0, 0.5, 0.0, 4.2647, 0.5, 0.0, 0.0, 1.0]], ["frame16.png", [0.9850943088531494, -0.1499347686767578, -0.08431311696767807, 0.21390554234921913, -0.16924446821212769, -0.9324319958686829, -0.3192598819732666, 0.8164416153983407, -0.030748087912797928, 0.32877063751220703, -0.9439090490341187, 2.5646963772731532, 0.0, 0.0, 0.0, 1.0, 4.2647, 0.0, 0.5, 0.0, 4.2647, 0.5, 0.0, 0.0, 1.0]], ["frame16_mirror.png", [0.9850943088531494, 0.1499347686767578, 0.08431311696767807, -0.21390554234921913, 0.16924446821212769, -0.9324319958686829, -0.3192598819732666, 0.8164416153983407, 0.030748087912797928, 0.32877063751220703, -0.9439090490341187, 2.5646963772731532, 0.0, 0.0, 0.0, 1.0, 4.2647, 0.0, 0.5, 0.0, 4.2647, 0.5, 0.0, 0.0, 1.0]], ["frame17.png", [0.9856259226799011, -0.14888130128383636, -0.07984992861747742, 0.19990438028882573, -0.1664249300956726, -0.9369367957115173, -0.3073308765888214, 0.7888915111688766, -0.029058516025543213, 0.3162022829055786, -0.9482467174530029, 2.574429727599304, 0.0, 0.0, 0.0, 1.0, 4.2647, 0.0, 0.5, 0.0, 4.2647, 0.5, 0.0, 0.0, 1.0]], ["frame17_mirror.png", [0.9856259226799011, 0.14888130128383636, 0.07984992861747742, -0.19990438028882573, 0.1664249300956726, -0.9369367957115173, -0.3073308765888214, 0.7888915111688766, 0.029058516025543213, 0.3162022829055786, -0.9482467174530029, 2.574429727599304, 0.0, 0.0, 0.0, 1.0, 4.2647, 0.0, 0.5, 0.0, 4.2647, 0.5, 0.0, 0.0, 1.0]], ["frame18.png", [0.9867232441902161, -0.1385708749294281, -0.0847078338265419, 0.21535412584313296, -0.15745536983013153, -0.9440524578094482, -0.28978079557418823, 0.7399220854199308, -0.039813462644815445, 0.2992711663246155, -0.9533371329307556, 2.5876896854124842, 0.0, 0.0, 0.0, 1.0, 4.2647, 0.0, 0.5, 0.0, 4.2647, 0.5, 0.0, 0.0, 1.0]], ["frame18_mirror.png", [0.9867232441902161, 0.1385708749294281, 0.0847078338265419, -0.21535412584313296, 0.15745536983013153, -0.9440524578094482, -0.28978079557418823, 0.7399220854199308, 0.039813462644815445, 0.2992711663246155, -0.9533371329307556, 2.5876896854124842, 0.0, 0.0, 0.0, 1.0, 4.2647, 0.0, 0.5, 0.0, 4.2647, 0.5, 0.0, 0.0, 1.0]], ["frame19.png", [0.9873034954071045, -0.13101395964622498, -0.08981691300868988, 0.22652022089269142, -0.15150479972362518, -0.9465887546539307, -0.28463318943977356, 0.7265231675374261, -0.047728754580020905, 0.2946270704269409, -0.9544196128845215, 2.5905313502364944, 0.0, 0.0, 0.0, 1.0, 4.2647, 0.0, 0.5, 0.0, 4.2647, 0.5, 0.0, 0.0, 1.0]], ["frame19_mirror.png", [0.9873034954071045, 0.13101395964622498, 0.08981691300868988, -0.22652022089269142, 0.15150479972362518, -0.9465887546539307, -0.28463318943977356, 0.7265231675374261, 0.047728754580020905, 0.2946270704269409, -0.9544196128845215, 2.5905313502364944, 0.0, 0.0, 0.0, 1.0, 4.2647, 0.0, 0.5, 0.0, 4.2647, 0.5, 0.0, 0.0, 1.0]], ["frame2.png", [0.9829943180084229, -0.149239182472229, -0.10700348764657974, 0.27067200228906185, -0.17590652406215668, -0.9325197339057922, -0.31537893414497375, 0.8037631993658325, -0.0527159683406353, 0.3288383185863495, -0.9429137706756592, 2.5633379384158523, 0.0, 0.0, 0.0, 1.0, 4.2647, 0.0, 0.5, 0.0, 4.2647, 0.5, 0.0, 0.0, 1.0]], ["frame2_mirror.png", [0.9829943180084229, 0.149239182472229, 0.10700348764657974, -0.27067200228906185, 0.17590652406215668, -0.9325197339057922, -0.31537893414497375, 0.8037631993658325, 0.0527159683406353, 0.3288383185863495, -0.9429137706756592, 2.5633379384158523, 0.0, 0.0, 0.0, 1.0, 4.2647, 0.0, 0.5, 0.0, 4.2647, 0.5, 0.0, 0.0, 1.0]], ["frame20.png", [0.9872140288352966, -0.13044373691082, -0.09161285310983658, 0.23228689927025928, -0.15118734538555145, -0.9483562707901001, -0.2788597047328949, 0.7136693052604052, -0.05050612986087799, 0.289144903421402, -0.9559521079063416, 2.5935918952596495, 0.0, 0.0, 0.0, 1.0, 4.2647, 0.0, 0.5, 0.0, 4.2647, 0.5, 0.0, 0.0, 1.0]], ["frame20_mirror.png", [0.9872140288352966, 0.13044373691082, 0.09161285310983658, -0.23228689927025928, 0.15118734538555145, -0.9483562707901001, -0.2788597047328949, 0.7136693052604052, 0.05050612986087799, 0.289144903421402, -0.9559521079063416, 2.5935918952596495, 0.0, 0.0, 0.0, 1.0, 4.2647, 0.0, 0.5, 0.0, 4.2647, 0.5, 0.0, 0.0, 1.0]], ["frame21.png", [0.9871276021003723, -0.12980522215366364, -0.09343267232179642, 0.2366978389088105, -0.15113070607185364, -0.9482164978981018, -0.2793654501438141, 0.7142668551877789, -0.05233130231499672, 0.2898898720741272, -0.9556282162666321, 2.593028536795548, 0.0, 0.0, 0.0, 1.0, 4.2647, 0.0, 0.5, 0.0, 4.2647, 0.5, 0.0, 0.0, 1.0]], ["frame21_mirror.png", [0.9871276021003723, 0.12980522215366364, 0.09343267232179642, -0.2366978389088105, 0.15113070607185364, -0.9482164978981018, -0.2793654501438141, 0.7142668551877789, 0.05233130231499672, 0.2898898720741272, -0.9556282162666321, 2.593028536795548, 0.0, 0.0, 0.0, 1.0, 4.2647, 0.0, 0.5, 0.0, 4.2647, 0.5, 0.0, 0.0, 1.0]], ["frame22.png", [0.986631453037262, -0.13085873425006866, -0.09713055193424225, 0.24649512631073153, -0.15328289568424225, -0.9475597739219666, -0.28041914105415344, 0.7161968213562762, -0.055341701954603195, 0.2915588319301605, -0.9549506306648254, 2.591582965251976, 0.0, 0.0, 0.0, 1.0, 4.2647, 0.0, 0.5, 0.0, 4.2647, 0.5, 0.0, 0.0, 1.0]], ["frame22_mirror.png", [0.986631453037262, 0.13085873425006866, 0.09713055193424225, -0.24649512631073153, 0.15328289568424225, -0.9475597739219666, -0.28041914105415344, 0.7161968213562762, 0.055341701954603195, 0.2915588319301605, -0.9549506306648254, 2.591582965251976, 0.0, 0.0, 0.0, 1.0, 4.2647, 0.0, 0.5, 0.0, 4.2647, 0.5, 0.0, 0.0, 1.0]], ["frame23.png", [0.9860864281654358, -0.1314150094985962, -0.10180208086967468, 0.25892420773380076, -0.15566092729568481, -0.9448806047439575, -0.2880455553531647, 0.736875717760872, -0.05833730846643448, 0.2998844087123871, -0.9521901607513428, 2.5845642633186396, 0.0, 0.0, 0.0, 1.0, 4.2647, 0.0, 0.5, 0.0, 4.2647, 0.5, 0.0, 0.0, 1.0]], ["frame23_mirror.png", [0.9860864281654358, 0.1314150094985962, 0.10180208086967468, -0.25892420773380076, 0.15566092729568481, -0.9448806047439575, -0.2880455553531647, 0.736875717760872, 0.05833730846643448, 0.2998844087123871, -0.9521901607513428, 2.5845642633186396, 0.0, 0.0, 0.0, 1.0, 4.2647, 0.0, 0.5, 0.0, 4.2647, 0.5, 0.0, 0.0, 1.0]], ["frame24.png", [0.985534131526947, -0.13490398228168488, -0.10258372873067856, 0.2616925040211499, -0.1599331647157669, -0.9405663013458252, -0.2995937466621399, 0.7658401234310986, -0.05607040971517563, 0.3116663694381714, -0.9485358595848083, 2.5758505272399215, 0.0, 0.0, 0.0, 1.0, 4.2647, 0.0, 0.5, 0.0, 4.2647, 0.5, 0.0, 0.0, 1.0]], ["frame24_mirror.png", [0.985534131526947, 0.13490398228168488, 0.10258372873067856, -0.2616925040211499, 0.1599331647157669, -0.9405663013458252, -0.2995937466621399, 0.7658401234310986, 0.05607040971517563, 0.3116663694381714, -0.9485358595848083, 2.5758505272399215, 0.0, 0.0, 0.0, 1.0, 4.2647, 0.0, 0.5, 0.0, 4.2647, 0.5, 0.0, 0.0, 1.0]], ["frame25.png", [0.9846438765525818, -0.13699139654636383, -0.1082117110490799, 0.27663257470600344, -0.16475088894367218, -0.934187650680542, -0.3164655864238739, 0.8121005697739844, -0.05773698911070824, 0.3294338583946228, -0.9424116611480713, 2.560071694930495, 0.0, 0.0, 0.0, 1.0, 4.2647, 0.0, 0.5, 0.0, 4.2647, 0.5, 0.0, 0.0, 1.0]], ["frame25_mirror.png", [0.9846438765525818, 0.13699139654636383, 0.1082117110490799, -0.27663257470600344, 0.16475088894367218, -0.934187650680542, -0.3164655864238739, 0.8121005697739844, 0.05773698911070824, 0.3294338583946228, -0.9424116611480713, 2.560071694930495, 0.0, 0.0, 0.0, 1.0, 4.2647, 0.0, 0.5, 0.0, 4.2647, 0.5, 0.0, 0.0, 1.0]], ["frame26.png", [0.9837784767150879, -0.14013028144836426, -0.11199720203876495, 0.2874953217045257, -0.16966167092323303, -0.92960524559021, -0.3271835744380951, 0.8391680977266175, -0.05826486274600029, 0.34087780117988586, -0.938300371170044, 2.5501261427144937, 0.0, 0.0, 0.0, 1.0, 4.2647, 0.0, 0.5, 0.0, 4.2647, 0.5, 0.0, 0.0, 1.0]], ["frame26_mirror.png", [0.9837784767150879, 0.14013028144836426, 0.11199720203876495, -0.2874953217045257, 0.16966167092323303, -0.92960524559021, -0.3271835744380951, 0.8391680977266175, 0.05826486274600029, 0.34087780117988586, -0.938300371170044, 2.5501261427144937, 0.0, 0.0, 0.0, 1.0, 4.2647, 0.0, 0.5, 0.0, 4.2647, 0.5, 0.0, 0.0, 1.0]], ["frame27.png", [0.9818426966667175, -0.14479637145996094, -0.12255121022462845, 0.3140915669888851, -0.17825385928153992, -0.9252206087112427, -0.3349512815475464, 0.8545087543540668, -0.06488718092441559, 0.35071471333503723, -0.9342316389083862, 2.541881444182385, 0.0, 0.0, 0.0, 1.0, 4.2647, 0.0, 0.5, 0.0, 4.2647, 0.5, 0.0, 0.0, 1.0]], ["frame27_mirror.png", [0.9818426966667175, 0.14479637145996094, 0.12255121022462845, -0.3140915669888851, 0.17825385928153992, -0.9252206087112427, -0.3349512815475464, 0.8545087543540668, 0.06488718092441559, 0.35071471333503723, -0.9342316389083862, 2.541881444182385, 0.0, 0.0, 0.0, 1.0, 4.2647, 0.0, 0.5, 0.0, 4.2647, 0.5, 0.0, 0.0, 1.0]], ["frame28.png", [0.9812862277030945, -0.13901712000370026, -0.13323521614074707, 0.342072482671016, -0.17711786925792694, -0.9231109023094177, -0.341314435005188, 0.8688331255469339, -0.07554232329130173, 0.35852551460266113, -0.9304584264755249, 2.5333999716885676, 0.0, 0.0, 0.0, 1.0, 4.2647, 0.0, 0.5, 0.0, 4.2647, 0.5, 0.0, 0.0, 1.0]], ["frame28_mirror.png", [0.9812862277030945, 0.13901712000370026, 0.13323521614074707, -0.342072482671016, 0.17711786925792694, -0.9231109023094177, -0.341314435005188, 0.8688331255469339, 0.07554232329130173, 0.35852551460266113, -0.9304584264755249, 2.5333999716885676, 0.0, 0.0, 0.0, 1.0, 4.2647, 0.0, 0.5, 0.0, 4.2647, 0.5, 0.0, 0.0, 1.0]], ["frame29.png", [0.9792492985725403, -0.14011478424072266, -0.14641930162906647, 0.37192584791107136, -0.18576054275035858, -0.9094104170799255, -0.37210965156555176, 0.9474470454095286, -0.08101716637611389, 0.3915870487689972, -0.916567325592041, 2.5008029230230013, 0.0, 0.0, 0.0, 1.0, 4.2647, 0.0, 0.5, 0.0, 4.2647, 0.5, 0.0, 0.0, 1.0]], ["frame29_mirror.png", [0.9792492985725403, 0.14011478424072266, 0.14641930162906647, -0.37192584791107136, 0.18576054275035858, -0.9094104170799255, -0.37210965156555176, 0.9474470454095286, 0.08101716637611389, 0.3915870487689972, -0.916567325592041, 2.5008029230230013, 0.0, 0.0, 0.0, 1.0, 4.2647, 0.0, 0.5, 0.0, 4.2647, 0.5, 0.0, 0.0, 1.0]], ["frame3.png", [0.9825040698051453, -0.15403760969638824, -0.10468131303787231, 0.2652821330537446, -0.17987579107284546, -0.9305357933044434, -0.31897932291030884, 0.8113477273038653, -0.048274893313646317, 0.3322281241416931, -0.9419628381729126, 2.561511322497191, 0.0, 0.0, 0.0, 1.0, 4.2647, 0.0, 0.5, 0.0, 4.2647, 0.5, 0.0, 0.0, 1.0]], ["frame3_mirror.png", [0.9825040698051453, 0.15403760969638824, 0.10468131303787231, -0.2652821330537446, 0.17987579107284546, -0.9305357933044434, -0.31897932291030884, 0.8113477273038653, 0.048274893313646317, 0.3322281241416931, -0.9419628381729126, 2.561511322497191, 0.0, 0.0, 0.0, 1.0, 4.2647, 0.0, 0.5, 0.0, 4.2647, 0.5, 0.0, 0.0, 1.0]], ["frame30.png", [0.9781122803688049, -0.1427028924226761, -0.15143392980098724, 0.3854751073119511, -0.18911239504814148, -0.9132285118103027, -0.3609020411968231, 0.9194978377254778, -0.08679202198982239, 0.381640762090683, -0.9202269315719604, 2.5091697168707046, 0.0, 0.0, 0.0, 1.0, 4.2647, 0.0, 0.5, 0.0, 4.2647, 0.5, 0.0, 0.0, 1.0]], ["frame30_mirror.png", [0.9781122803688049, 0.1427028924226761, 0.15143392980098724, -0.3854751073119511, 0.18911239504814148, -0.9132285118103027, -0.3609020411968231, 0.9194978377254778, 0.08679202198982239, 0.381640762090683, -0.9202269315719604, 2.5091697168707046, 0.0, 0.0, 0.0, 1.0, 4.2647, 0.0, 0.5, 0.0, 4.2647, 0.5, 0.0, 0.0, 1.0]], ["frame31.png", [0.979236364364624, -0.14005039632320404, -0.1465674340724945, 0.3734513964999727, -0.1849754899740219, -0.9131107330322266, -0.36333584785461426, 0.9275116327402281, -0.08294697105884552, 0.3829030692577362, -0.9200570583343506, 2.508038322192023, 0.0, 0.0, 0.0, 1.0, 4.2647, 0.0, 0.5, 0.0, 4.2647, 0.5, 0.0, 0.0, 1.0]], ["frame31_mirror.png", [0.979236364364624, 0.14005039632320404, 0.1465674340724945, -0.3734513964999727, 0.1849754899740219, -0.9131107330322266, -0.36333584785461426, 0.9275116327402281, 0.08294697105884552, 0.3829030692577362, -0.9200570583343506, 2.508038322192023, 0.0, 0.0, 0.0, 1.0, 4.2647, 0.0, 0.5, 0.0, 4.2647, 0.5, 0.0, 0.0, 1.0]], ["frame32.png", [0.9803709983825684, -0.13903740048408508, -0.13978999853134155, 0.35544967855081727, -0.1817861795425415, -0.9119336605072021, -0.36787325143814087, 0.9369898681362833, -0.07633106410503387, 0.38606417179107666, -0.9193084239959717, 2.507130932565763, 0.0, 0.0, 0.0, 1.0, 4.2647, 0.0, 0.5, 0.0, 4.2647, 0.5, 0.0, 0.0, 1.0]], ["frame32_mirror.png", [0.9803709983825684, 0.13903740048408508, 0.13978999853134155, -0.35544967855081727, 0.1817861795425415, -0.9119336605072021, -0.36787325143814087, 0.9369898681362833, 0.07633106410503387, 0.38606417179107666, -0.9193084239959717, 2.507130932565763, 0.0, 0.0, 0.0, 1.0, 4.2647, 0.0, 0.5, 0.0, 4.2647, 0.5, 0.0, 0.0, 1.0]], ["frame33.png", [0.9810269474983215, -0.1380317360162735, -0.13613750040531158, 0.34667149846214146, -0.17895947396755219, -0.9148116707801819, -0.3620677888393402, 0.9239149937172721, -0.07456333935260773, 0.3795613646507263, -0.9221569299697876, 2.5132051162884474, 0.0, 0.0, 0.0, 1.0, 4.2647, 0.0, 0.5, 0.0, 4.2647, 0.5, 0.0, 0.0, 1.0]], ["frame33_mirror.png", [0.9810269474983215, 0.1380317360162735, 0.13613750040531158, -0.34667149846214146, 0.17895947396755219, -0.9148116707801819, -0.3620677888393402, 0.9239149937172721, 0.07456333935260773, 0.3795613646507263, -0.9221569299697876, 2.5132051162884474, 0.0, 0.0, 0.0, 1.0, 4.2647, 0.0, 0.5, 0.0, 4.2647, 0.5, 0.0, 0.0, 1.0]], ["frame34.png", [0.9813741445541382, -0.13740457594394684, -0.1342562735080719, 0.3428023954251719, -0.1771194338798523, -0.917786180973053, -0.35538312792778015, 0.9064089691064173, -0.07438728213310242, 0.37254321575164795, -0.9250286817550659, 2.5201010492466778, 0.0, 0.0, 0.0, 1.0, 4.2647, 0.0, 0.5, 0.0, 4.2647, 0.5, 0.0, 0.0, 1.0]], ["frame34_mirror.png", [0.9813741445541382, 0.13740457594394684, 0.1342562735080719, -0.3428023954251719, 0.1771194338798523, -0.917786180973053, -0.35538312792778015, 0.9064089691064173, 0.07438728213310242, 0.37254321575164795, -0.9250286817550659, 2.5201010492466778, 0.0, 0.0, 0.0, 1.0, 4.2647, 0.0, 0.5, 0.0, 4.2647, 0.5, 0.0, 0.0, 1.0]], ["frame35.png", [0.9806616306304932, -0.13799665868282318, -0.1387796550989151, 0.3525634403835832, -0.17975616455078125, -0.9155304431915283, -0.3598496913909912, 0.9203006872397222, -0.07739894092082977, 0.37783727049827576, -0.9226312637329102, 2.513711531892828, 0.0, 0.0, 0.0, 1.0, 4.2647, 0.0, 0.5, 0.0, 4.2647, 0.5, 0.0, 0.0, 1.0]], ["frame35_mirror.png", [0.9806616306304932, 0.13799665868282318, 0.1387796550989151, -0.3525634403835832, 0.17975616455078125, -0.9155304431915283, -0.3598496913909912, 0.9203006872397222, 0.07739894092082977, 0.37783727049827576, -0.9226312637329102, 2.513711531892828, 0.0, 0.0, 0.0, 1.0, 4.2647, 0.0, 0.5, 0.0, 4.2647, 0.5, 0.0, 0.0, 1.0]], ["frame36.png", [0.9808630347251892, -0.13502614200115204, -0.1402704119682312, 0.35780434383463633, -0.17762528359889984, -0.9156161546707153, -0.3606887757778168, 0.9227006921745621, -0.07973143458366394, 0.3787018358707428, -0.922078013420105, 2.5120906600267534, 0.0, 0.0, 0.0, 1.0, 4.2647, 0.0, 0.5, 0.0, 4.2647, 0.5, 0.0, 0.0, 1.0]], ["frame36_mirror.png", [0.9808630347251892, 0.13502614200115204, 0.1402704119682312, -0.35780434383463633, 0.17762528359889984, -0.9156161546707153, -0.3606887757778168, 0.9227006921745621, 0.07973143458366394, 0.3787018358707428, -0.922078013420105, 2.5120906600267534, 0.0, 0.0, 0.0, 1.0, 4.2647, 0.0, 0.5, 0.0, 4.2647, 0.5, 0.0, 0.0, 1.0]], ["frame37.png", [0.9806450605392456, -0.13436751067638397, -0.1424100399017334, 0.36263441405265445, -0.17741739749908447, -0.917469322681427, -0.3560521900653839, 0.9045438235006638, -0.0828150063753128, 0.37442684173583984, -0.9235508441925049, 2.5179945895715283, 0.0, 0.0, 0.0, 1.0, 4.2647, 0.0, 0.5, 0.0, 4.2647, 0.5, 0.0, 0.0, 1.0]], ["frame37_mirror.png", [0.9806450605392456, 0.13436751067638397, 0.1424100399017334, -0.36263441405265445, 0.17741739749908447, -0.917469322681427, -0.3560521900653839, 0.9045438235006638, 0.0828150063753128, 0.37442684173583984, -0.9235508441925049, 2.5179945895715283, 0.0, 0.0, 0.0, 1.0, 4.2647, 0.0, 0.5, 0.0, 4.2647, 0.5, 0.0, 0.0, 1.0]], ["frame38.png", [0.9802209734916687, -0.1339816302061081, -0.145656019449234, 0.3706928704137012, -0.17781341075897217, -0.9193501472473145, -0.3509666919708252, 0.8911264035652917, -0.08688579499721527, 0.36992451548576355, -0.9249901175498962, 2.5216027698059897, 0.0, 0.0, 0.0, 1.0, 4.2647, 0.0, 0.5, 0.0, 4.2647, 0.5, 0.0, 0.0, 1.0]], ["frame38_mirror.png", [0.9802209734916687, 0.1339816302061081, 0.145656019449234, -0.3706928704137012, 0.17781341075897217, -0.9193501472473145, -0.3509666919708252, 0.8911264035652917, 0.08688579499721527, 0.36992451548576355, -0.9249901175498962, 2.5216027698059897, 0.0, 0.0, 0.0, 1.0, 4.2647, 0.0, 0.5, 0.0, 4.2647, 0.5, 0.0, 0.0, 1.0]], ["frame39.png", [0.9803192019462585, -0.13050270080566406, -0.148132786154747, 0.376256436440684, -0.17654569447040558, -0.9153197407722473, -0.3619687259197235, 0.9246502502475885, -0.08835096657276154, 0.38099709153175354, -0.9203451871871948, 2.5086755487216816, 0.0, 0.0, 0.0, 1.0, 4.2647, 0.0, 0.5, 0.0, 4.2647, 0.5, 0.0, 0.0, 1.0]], ["frame39_mirror.png", [0.9803192019462585, 0.13050270080566406, 0.148132786154747, -0.376256436440684, 0.17654569447040558, -0.9153197407722473, -0.3619687259197235, 0.9246502502475885, 0.08835096657276154, 0.38099709153175354, -0.9203451871871948, 2.5086755487216816, 0.0, 0.0, 0.0, 1.0, 4.2647, 0.0, 0.5, 0.0, 4.2647, 0.5, 0.0, 0.0, 1.0]], ["frame4.png", [0.9814345836639404, -0.1576896756887436, -0.10917919129133224, 0.27835311168108245, -0.1847284883260727, -0.9302828907966614, -0.3169369697570801, 0.8035981730718569, -0.05158984661102295, 0.33122140169143677, -0.9421416521072388, 2.562566978920363, 0.0, 0.0, 0.0, 1.0, 4.2647, 0.0, 0.5, 0.0, 4.2647, 0.5, 0.0, 0.0, 1.0]], ["frame4_mirror.png", [0.9814345836639404, 0.1576896756887436, 0.10917919129133224, -0.27835311168108245, 0.1847284883260727, -0.9302828907966614, -0.3169369697570801, 0.8035981730718569, 0.05158984661102295, 0.33122140169143677, -0.9421416521072388, 2.562566978920363, 0.0, 0.0, 0.0, 1.0, 4.2647, 0.0, 0.5, 0.0, 4.2647, 0.5, 0.0, 0.0, 1.0]], ["frame40.png", [0.9803902506828308, -0.13227178156375885, -0.14607931673526764, 0.37117614899186263, -0.17682501673698425, -0.9176849722862244, -0.35579100251197815, 0.910592310059641, -0.08699367940425873, 0.37464451789855957, -0.9230782985687256, 2.5145675396138834, 0.0, 0.0, 0.0, 1.0, 4.2647, 0.0, 0.5, 0.0, 4.2647, 0.5, 0.0, 0.0, 1.0]], ["frame40_mirror.png", [0.9803902506828308, 0.13227178156375885, 0.14607931673526764, -0.37117614899186263, 0.17682501673698425, -0.9176849722862244, -0.35579100251197815, 0.910592310059641, 0.08699367940425873, 0.37464451789855957, -0.9230782985687256, 2.5145675396138834, 0.0, 0.0, 0.0, 1.0, 4.2647, 0.0, 0.5, 0.0, 4.2647, 0.5, 0.0, 0.0, 1.0]], ["frame41.png", [0.9802699685096741, -0.13523651659488678, -0.14415909349918365, 0.367877437493774, -0.17936424911022186, -0.9150601029396057, -0.36123886704444885, 0.9212604485575063, -0.08306154608726501, 0.3799686133861542, -0.9212625026702881, 2.511164147742365, 0.0, 0.0, 0.0, 1.0, 4.2647, 0.0, 0.5, 0.0, 4.2647, 0.5, 0.0, 0.0, 1.0]], ["frame41_mirror.png", [0.9802699685096741, 0.13523651659488678, 0.14415909349918365, -0.367877437493774, 0.17936424911022186, -0.9150601029396057, -0.36123886704444885, 0.9212604485575063, 0.08306154608726501, 0.3799686133861542, -0.9212625026702881, 2.511164147742365, 0.0, 0.0, 0.0, 1.0, 4.2647, 0.0, 0.5, 0.0, 4.2647, 0.5, 0.0, 0.0, 1.0]], ["frame42.png", [0.980277955532074, -0.13380786776542664, -0.1454325020313263, 0.37000008090808556, -0.17807728052139282, -0.9171910285949707, -0.3564392626285553, 0.9106202104086256, -0.08569501340389252, 0.37530773878097534, -0.9229303598403931, 2.5147307554733094, 0.0, 0.0, 0.0, 1.0, 4.2647, 0.0, 0.5, 0.0, 4.2647, 0.5, 0.0, 0.0, 1.0]], ["frame42_mirror.png", [0.980277955532074, 0.13380786776542664, 0.1454325020313263, -0.37000008090808556, 0.17807728052139282, -0.9171910285949707, -0.3564392626285553, 0.9106202104086256, 0.08569501340389252, 0.37530773878097534, -0.9229303598403931, 2.5147307554733094, 0.0, 0.0, 0.0, 1.0, 4.2647, 0.0, 0.5, 0.0, 4.2647, 0.5, 0.0, 0.0, 1.0]], ["frame43.png", [0.9806604981422424, -0.13236039876937866, -0.14417271316051483, 0.36756084853442167, -0.17500782012939453, -0.9228176474571228, -0.3431907892227173, 0.874140670051253, -0.08762025833129883, 0.361784964799881, -0.9281349182128906, 2.5279986375761765, 0.0, 0.0, 0.0, 1.0, 4.2647, 0.0, 0.5, 0.0, 4.2647, 0.5, 0.0, 0.0, 1.0]], ["frame43_mirror.png", [0.9806604981422424, 0.13236039876937866, 0.14417271316051483, -0.36756084853442167, 0.17500782012939453, -0.9228176474571228, -0.3431907892227173, 0.874140670051253, 0.08762025833129883, 0.361784964799881, -0.9281349182128906, 2.5279986375761765, 0.0, 0.0, 0.0, 1.0, 4.2647, 0.0, 0.5, 0.0, 4.2647, 0.5, 0.0, 0.0, 1.0]], ["frame44.png", [0.9817030429840088, -0.12804317474365234, -0.14093999564647675, 0.36087361627379705, -0.1697743982076645, -0.9237424731254578, -0.3433314561843872, 0.8781333616163958, -0.08623100817203522, 0.36097753047943115, -0.9285792708396912, 2.527578293998776, 0.0, 0.0, 0.0, 1.0, 4.2647, 0.0, 0.5, 0.0, 4.2647, 0.5, 0.0, 0.0, 1.0]], ["frame44_mirror.png", [0.9817030429840088, 0.12804317474365234, 0.14093999564647675, -0.36087361627379705, 0.1697743982076645, -0.9237424731254578, -0.3433314561843872, 0.8781333616163958, 0.08623100817203522, 0.36097753047943115, -0.9285792708396912, 2.527578293998776, 0.0, 0.0, 0.0, 1.0, 4.2647, 0.0, 0.5, 0.0, 4.2647, 0.5, 0.0, 0.0, 1.0]], ["frame45.png", [0.9827892780303955, -0.1222848892211914, -0.13846184313297272, 0.3526667396379524, -0.161933034658432, -0.930988073348999, -0.3271680176258087, 0.8341572732349032, -0.08889861404895782, 0.3439587354660034, -0.9347670674324036, 2.5435816901099226, 0.0, 0.0, 0.0, 1.0, 4.2647, 0.0, 0.5, 0.0, 4.2647, 0.5, 0.0, 0.0, 1.0]], ["frame45_mirror.png", [0.9827892780303955, 0.1222848892211914, 0.13846184313297272, -0.3526667396379524, 0.161933034658432, -0.930988073348999, -0.3271680176258087, 0.8341572732349032, 0.08889861404895782, 0.3439587354660034, -0.9347670674324036, 2.5435816901099226, 0.0, 0.0, 0.0, 1.0, 4.2647, 0.0, 0.5, 0.0, 4.2647, 0.5, 0.0, 0.0, 1.0]], ["frame46.png", [0.9826429486274719, -0.11588028818368912, -0.14486058056354523, 0.36852991872848, -0.15650925040245056, -0.9370882511138916, -0.3120425045490265, 0.7914694791633942, -0.0995875671505928, 0.3292984068393707, -0.9389594793319702, 2.554948485303531, 0.0, 0.0, 0.0, 1.0, 4.2647, 0.0, 0.5, 0.0, 4.2647, 0.5, 0.0, 0.0, 1.0]], ["frame46_mirror.png", [0.9826429486274719, 0.11588028818368912, 0.14486058056354523, -0.36852991872848, 0.15650925040245056, -0.9370882511138916, -0.3120425045490265, 0.7914694791633942, 0.0995875671505928, 0.3292984068393707, -0.9389594793319702, 2.554948485303531, 0.0, 0.0, 0.0, 1.0, 4.2647, 0.0, 0.5, 0.0, 4.2647, 0.5, 0.0, 0.0, 1.0]], ["frame47.png", [0.9829972982406616, -0.11243477463722229, -0.1451714038848877, 0.36890306247751375, -0.15301400423049927, -0.9386267066001892, -0.3091384768486023, 0.7838404250469578, -0.10150384157896042, 0.3260955214500427, -0.939871609210968, 2.557245533490462, 0.0, 0.0, 0.0, 1.0, 4.2647, 0.0, 0.5, 0.0, 4.2647, 0.5, 0.0, 0.0, 1.0]], ["frame47_mirror.png", [0.9829972982406616, 0.11243477463722229, 0.1451714038848877, -0.36890306247751375, 0.15301400423049927, -0.9386267066001892, -0.3091384768486023, 0.7838404250469578, 0.10150384157896042, 0.3260955214500427, -0.939871609210968, 2.557245533490462, 0.0, 0.0, 0.0, 1.0, 4.2647, 0.0, 0.5, 0.0, 4.2647, 0.5, 0.0, 0.0, 1.0]], ["frame48.png", [0.9839184880256653, -0.10760430246591568, -0.14256851375102997, 0.3624256809741016, -0.14708274602890015, -0.9409670233726501, -0.3048733174800873, 0.7779696366597718, -0.10134658962488174, 0.3209398686885834, -0.9416615962982178, 2.5599630603205825, 0.0, 0.0, 0.0, 1.0, 4.2647, 0.0, 0.5, 0.0, 4.2647, 0.5, 0.0, 0.0, 1.0]], ["frame48_mirror.png", [0.9839184880256653, 0.10760430246591568, 0.14256851375102997, -0.3624256809741016, 0.14708274602890015, -0.9409670233726501, -0.3048733174800873, 0.7779696366597718, 0.10134658962488174, 0.3209398686885834, -0.9416615962982178, 2.5599630603205825, 0.0, 0.0, 0.0, 1.0, 4.2647, 0.0, 0.5, 0.0, 4.2647, 0.5, 0.0, 0.0, 1.0]], ["frame49.png", [0.9842987656593323, -0.10644111782312393, -0.1408056616783142, 0.3560183498476994, -0.1447049379348755, -0.9434102177619934, -0.29839178919792175, 0.7617178617519755, -0.10107634216547012, 0.31408193707466125, -0.9440000653266907, 2.565742939902538, 0.0, 0.0, 0.0, 1.0, 4.2647, 0.0, 0.5, 0.0, 4.2647, 0.5, 0.0, 0.0, 1.0]], ["frame49_mirror.png", [0.9842987656593323, 0.10644111782312393, 0.1408056616783142, -0.3560183498476994, 0.1447049379348755, -0.9434102177619934, -0.29839178919792175, 0.7617178617519755, 0.10107634216547012, 0.31408193707466125, -0.9440000653266907, 2.565742939902538, 0.0, 0.0, 0.0, 1.0, 4.2647, 0.0, 0.5, 0.0, 4.2647, 0.5, 0.0, 0.0, 1.0]], ["frame5.png", [0.9819604754447937, -0.15524539351463318, -0.10794662684202194, 0.2755552912506608, -0.18279831111431122, -0.9254065752029419, -0.3319751024246216, 0.8433125609141379, -0.048356909304857254, 0.3457189202308655, -0.9370912313461304, 2.5500770980635474, 0.0, 0.0, 0.0, 1.0, 4.2647, 0.0, 0.5, 0.0, 4.2647, 0.5, 0.0, 0.0, 1.0]], ["frame5_mirror.png", [0.9819604754447937, 0.15524539351463318, 0.10794662684202194, -0.2755552912506608, 0.18279831111431122, -0.9254065752029419, -0.3319751024246216, 0.8433125609141379, 0.048356909304857254, 0.3457189202308655, -0.9370912313461304, 2.5500770980635474, 0.0, 0.0, 0.0, 1.0, 4.2647, 0.0, 0.5, 0.0, 4.2647, 0.5, 0.0, 0.0, 1.0]], ["frame6.png", [0.9828543663024902, -0.14960674941539764, -0.10777334123849869, 0.2810715582439836, -0.177246555685997, -0.9276573061943054, -0.3286875784397125, 0.856452556850062, -0.05080285295844078, 0.34215447306632996, -0.9382693767547607, 2.5450909211679043, 0.0, 0.0, 0.0, 1.0, 4.2647, 0.0, 0.5, 0.0, 4.2647, 0.5, 0.0, 0.0, 1.0]], ["frame6_mirror.png", [0.9828543663024902, 0.14960674941539764, 0.10777334123849869, -0.2810715582439836, 0.177246555685997, -0.9276573061943054, -0.3286875784397125, 0.856452556850062, 0.05080285295844078, 0.34215447306632996, -0.9382693767547607, 2.5450909211679043, 0.0, 0.0, 0.0, 1.0, 4.2647, 0.0, 0.5, 0.0, 4.2647, 0.5, 0.0, 0.0, 1.0]], ["frame7.png", [0.9836991429328918, -0.1545729786157608, -0.09188631176948547, 0.23287450422782074, -0.17654791474342346, -0.9272448420524597, -0.3302237093448639, 0.8385754680866466, -0.03415745496749878, 0.34106311202049255, -0.9394195675849915, 2.5558874485399214, 0.0, 0.0, 0.0, 1.0, 4.2647, 0.0, 0.5, 0.0, 4.2647, 0.5, 0.0, 0.0, 1.0]], ["frame7_mirror.png", [0.9836991429328918, 0.1545729786157608, 0.09188631176948547, -0.23287450422782074, 0.17654791474342346, -0.9272448420524597, -0.3302237093448639, 0.8385754680866466, 0.03415745496749878, 0.34106311202049255, -0.9394195675849915, 2.5558874485399214, 0.0, 0.0, 0.0, 1.0, 4.2647, 0.0, 0.5, 0.0, 4.2647, 0.5, 0.0, 0.0, 1.0]], ["frame8.png", [0.9841904640197754, -0.15692219138145447, -0.08212500810623169, 0.20821381983953086, -0.17538981139659882, -0.9280353784561157, -0.32861649990081787, 0.8337009128074612, -0.024647679179906845, 0.33782511949539185, -0.9408860802650452, 2.559607351374784, 0.0, 0.0, 0.0, 1.0, 4.2647, 0.0, 0.5, 0.0, 4.2647, 0.5, 0.0, 0.0, 1.0]], ["frame8_mirror.png", [0.9841904640197754, 0.15692219138145447, 0.08212500810623169, -0.20821381983953086, 0.17538981139659882, -0.9280353784561157, -0.32861649990081787, 0.8337009128074612, 0.024647679179906845, 0.33782511949539185, -0.9408860802650452, 2.559607351374784, 0.0, 0.0, 0.0, 1.0, 4.2647, 0.0, 0.5, 0.0, 4.2647, 0.5, 0.0, 0.0, 1.0]], ["frame9.png", [0.9844348430633545, -0.15687838196754456, -0.07922858744859695, 0.20497041402133603, -0.1743684709072113, -0.9282320141792297, -0.3286045789718628, 0.8505463261832453, -0.0219915509223938, 0.3373048007488251, -0.9411385655403137, 2.554321451264916, 0.0, 0.0, 0.0, 1.0, 4.2647, 0.0, 0.5, 0.0, 4.2647, 0.5, 0.0, 0.0, 1.0]], ["frame9_mirror.png", [0.9844348430633545, 0.15687838196754456, 0.07922858744859695, -0.20497041402133603, 0.1743684709072113, -0.9282320141792297, -0.3286045789718628, 0.8505463261832453, 0.0219915509223938, 0.3373048007488251, -0.9411385655403137, 2.554321451264916, 0.0, 0.0, 0.0, 1.0, 4.2647, 0.0, 0.5, 0.0, 4.2647, 0.5, 0.0, 0.0, 1.0]]]}