{"labels": [["frame0.png", [0.8891422152519226, -0.20992513000965118, 0.4066418409347534, -1.0396579141810873, -0.1539304256439209, -0.9739966988563538, -0.16624051332473755, 0.43249787132369305, 0.4309658706188202, 0.08521690964698792, -0.8983354568481445, 2.4539879813848122, 0.0, 0.0, 0.0, 1.0, 4.2647, 0.0, 0.5, 0.0, 4.2647, 0.5, 0.0, 0.0, 1.0]], ["frame0_mirror.png", [0.8891422152519226, 0.20992513000965118, -0.4066418409347534, 1.0396579141810873, 0.1539304256439209, -0.9739966988563538, -0.16624051332473755, 0.43249787132369305, -0.4309658706188202, 0.08521690964698792, -0.8983354568481445, 2.4539879813848122, 0.0, 0.0, 0.0, 1.0, 4.2647, 0.0, 0.5, 0.0, 4.2647, 0.5, 0.0, 0.0, 1.0]], ["frame1.png", [0.8862681984901428, -0.2076570987701416, 0.41401350498199463, -1.0578354683751525, -0.1531303972005844, -0.9749674201011658, -0.16121284663677216, 0.4221856188082165, 0.43712666630744934, 0.07947977632284164, -0.8958812355995178, 2.448008052502901, 0.0, 0.0, 0.0, 1.0, 4.2647, 0.0, 0.5, 0.0, 4.2647, 0.5, 0.0, 0.0, 1.0]], ["frame1_mirror.png", [0.8862681984901428, 0.2076570987701416, -0.41401350498199463, 1.0578354683751525, 0.1531303972005844, -0.9749674201011658, -0.16121284663677216, 0.4221856188082165, -0.43712666630744934, 0.07947977632284164, -0.8958812355995178, 2.448008052502901, 0.0, 0.0, 0.0, 1.0, 4.2647, 0.0, 0.5, 0.0, 4.2647, 0.5, 0.0, 0.0, 1.0]], ["frame10.png", [0.9000990390777588, -0.17179183661937714, 0.40038636326789856, -1.02236835503155, -0.12601692974567413, -0.9823547601699829, -0.13819856941699982, 0.35861858033119076, 0.4170628488063812, 0.07393694669008255, -0.9058653116226196, 2.473086262238203, 0.0, 0.0, 0.0, 1.0, 4.2647, 0.0, 0.5, 0.0, 4.2647, 0.5, 0.0, 0.0, 1.0]], ["frame10_mirror.png", [0.9000990390777588, 0.17179183661937714, -0.40038636326789856, 1.02236835503155, 0.12601692974567413, -0.9823547601699829, -0.13819856941699982, 0.35861858033119076, -0.4170628488063812, 0.07393694669008255, -0.9058653116226196, 2.473086262238203, 0.0, 0.0, 0.0, 1.0, 4.2647, 0.0, 0.5, 0.0, 4.2647, 0.5, 0.0, 0.0, 1.0]], ["frame11.png", [0.9005168080329895, -0.17072352766990662, 0.3999037742614746, -1.020167530409158, -0.1264989674091339, -0.982778012752533, -0.13470464944839478, 0.35194488629066606, 0.4160138964653015, 0.07071638852357864, -0.9066044688224792, 2.474953132265888, 0.0, 0.0, 0.0, 1.0, 4.2647, 0.0, 0.5, 0.0, 4.2647, 0.5, 0.0, 0.0, 1.0]], ["frame11_mirror.png", [0.9005168080329895, 0.17072352766990662, -0.3999037742614746, 1.020167530409158, 0.1264989674091339, -0.982778012752533, -0.13470464944839478, 0.35194488629066606, -0.4160138964653015, 0.07071638852357864, -0.9066044688224792, 2.474953132265888, 0.0, 0.0, 0.0, 1.0, 4.2647, 0.0, 0.5, 0.0, 4.2647, 0.5, 0.0, 0.0, 1.0]], ["frame12.png", [0.8993533849716187, -0.16975568234920502, 0.4029223918914795, -1.0287373052657598, -0.12607774138450623, -0.9830949306488037, -0.13277369737625122, 0.35130767558114495, 0.4186500608921051, 0.06861093640327454, -0.9055521488189697, 2.471493976086593, 0.0, 0.0, 0.0, 1.0, 4.2647, 0.0, 0.5, 0.0, 4.2647, 0.5, 0.0, 0.0, 1.0]], ["frame12_mirror.png", [0.8993533849716187, 0.16975568234920502, -0.4029223918914795, 1.0287373052657598, 0.12607774138450623, -0.9830949306488037, -0.13277369737625122, 0.35130767558114495, -0.4186500608921051, 0.06861093640327454, -0.9055521488189697, 2.471493976086593, 0.0, 0.0, 0.0, 1.0, 4.2647, 0.0, 0.5, 0.0, 4.2647, 0.5, 0.0, 0.0, 1.0]], ["frame13.png", [0.9002887010574341, -0.1691150665283203, 0.4010990560054779, -1.0233328312156558, -0.1260785609483719, -0.9832554459571838, -0.1315789818763733, 0.3480863275196886, 0.41663479804992676, 0.06788907200098038, -0.9065354466438293, 2.4741919539821495, 0.0, 0.0, 0.0, 1.0, 4.2647, 0.0, 0.5, 0.0, 4.2647, 0.5, 0.0, 0.0, 1.0]], ["frame13_mirror.png", [0.9002887010574341, 0.1691150665283203, -0.4010990560054779, 1.0233328312156558, 0.1260785609483719, -0.9832554459571838, -0.1315789818763733, 0.3480863275196886, -0.41663479804992676, 0.06788907200098038, -0.9065354466438293, 2.4741919539821495, 0.0, 0.0, 0.0, 1.0, 4.2647, 0.0, 0.5, 0.0, 4.2647, 0.5, 0.0, 0.0, 1.0]], ["frame14.png", [0.9011210799217224, -0.1680738776922226, 0.39966490864753723, -1.0191144714650078, -0.12614688277244568, -0.9835617542266846, -0.12920181453227997, 0.3420341959283682, 0.41481056809425354, 0.0660099908709526, -0.9075102210044861, 2.4767757877664733, 0.0, 0.0, 0.0, 1.0, 4.2647, 0.0, 0.5, 0.0, 4.2647, 0.5, 0.0, 0.0, 1.0]], ["frame14_mirror.png", [0.9011210799217224, 0.1680738776922226, -0.39966490864753723, 1.0191144714650078, 0.12614688277244568, -0.9835617542266846, -0.12920181453227997, 0.3420341959283682, -0.41481056809425354, 0.0660099908709526, -0.9075102210044861, 2.4767757877664733, 0.0, 0.0, 0.0, 1.0, 4.2647, 0.0, 0.5, 0.0, 4.2647, 0.5, 0.0, 0.0, 1.0]], ["frame15.png", [0.9007188081741333, -0.17118847370147705, 0.39924952387809753, -1.01885511203129, -0.1348622888326645, -0.9838606715202332, -0.1176021546125412, 0.3113182665556324, 0.41293802857398987, 0.05208275467157364, -0.9092687368392944, 2.480930308895537, 0.0, 0.0, 0.0, 1.0, 4.2647, 0.0, 0.5, 0.0, 4.2647, 0.5, 0.0, 0.0, 1.0]], ["frame15_mirror.png", [0.9007188081741333, 0.17118847370147705, -0.39924952387809753, 1.01885511203129, 0.1348622888326645, -0.9838606715202332, -0.1176021546125412, 0.3113182665556324, -0.41293802857398987, 0.05208275467157364, -0.9092687368392944, 2.480930308895537, 0.0, 0.0, 0.0, 1.0, 4.2647, 0.0, 0.5, 0.0, 4.2647, 0.5, 0.0, 0.0, 1.0]], ["frame16.png", [0.8921704888343811, -0.17702673375606537, 0.41556403040885925, -1.0588897206951606, -0.1405850499868393, -0.9831328988075256, -0.1169854998588562, 0.30281761086103043, 0.42926421761512756, 0.04594890773296356, -0.9020094275474548, 2.465168159367337, 0.0, 0.0, 0.0, 1.0, 4.2647, 0.0, 0.5, 0.0, 4.2647, 0.5, 0.0, 0.0, 1.0]], ["frame16_mirror.png", [0.8921704888343811, 0.17702673375606537, -0.41556403040885925, 1.0588897206951606, 0.1405850499868393, -0.9831328988075256, -0.1169854998588562, 0.30281761086103043, -0.42926421761512756, 0.04594890773296356, -0.9020094275474548, 2.465168159367337, 0.0, 0.0, 0.0, 1.0, 4.2647, 0.0, 0.5, 0.0, 4.2647, 0.5, 0.0, 0.0, 1.0]], ["frame17.png", [0.8798858523368835, -0.1944340318441391, 0.4335855543613434, -1.1024137316026845, -0.16056926548480988, -0.980440616607666, -0.11381465941667557, 0.2914298980098992, 0.4472343325614929, 0.030523382127285004, -0.8938959240913391, 2.447397102825732, 0.0, 0.0, 0.0, 1.0, 4.2647, 0.0, 0.5, 0.0, 4.2647, 0.5, 0.0, 0.0, 1.0]], ["frame17_mirror.png", [0.8798858523368835, 0.1944340318441391, -0.4335855543613434, 1.1024137316026845, 0.16056926548480988, -0.980440616607666, -0.11381465941667557, 0.2914298980098992, -0.4472343325614929, 0.030523382127285004, -0.8938959240913391, 2.447397102825732, 0.0, 0.0, 0.0, 1.0, 4.2647, 0.0, 0.5, 0.0, 4.2647, 0.5, 0.0, 0.0, 1.0]], ["frame18.png", [0.8541560173034668, -0.2303900122642517, 0.4661951959133148, -1.186076453026573, -0.19642455875873566, -0.9730272889137268, -0.12097623944282532, 0.3121027314144947, 0.48149237036705017, 0.011760391294956207, -0.8763713240623474, 2.405372015431192, 0.0, 0.0, 0.0, 1.0, 4.2647, 0.0, 0.5, 0.0, 4.2647, 0.5, 0.0, 0.0, 1.0]], ["frame18_mirror.png", [0.8541560173034668, 0.2303900122642517, -0.4661951959133148, 1.186076453026573, 0.19642455875873566, -0.9730272889137268, -0.12097623944282532, 0.3121027314144947, -0.48149237036705017, 0.011760391294956207, -0.8763713240623474, 2.405372015431192, 0.0, 0.0, 0.0, 1.0, 4.2647, 0.0, 0.5, 0.0, 4.2647, 0.5, 0.0, 0.0, 1.0]], ["frame19.png", [0.8368676900863647, -0.269574373960495, 0.476426362991333, -1.216758308842807, -0.22016194462776184, -0.962593138217926, -0.15793423354625702, 0.3974621770285686, 0.5011798143386841, 0.02727910876274109, -0.8649131059646606, 2.377293216179633, 0.0, 0.0, 0.0, 1.0, 4.2647, 0.0, 0.5, 0.0, 4.2647, 0.5, 0.0, 0.0, 1.0]], ["frame19_mirror.png", [0.8368676900863647, 0.269574373960495, -0.476426362991333, 1.216758308842807, 0.22016194462776184, -0.962593138217926, -0.15793423354625702, 0.3974621770285686, -0.5011798143386841, 0.02727910876274109, -0.8649131059646606, 2.377293216179633, 0.0, 0.0, 0.0, 1.0, 4.2647, 0.0, 0.5, 0.0, 4.2647, 0.5, 0.0, 0.0, 1.0]], ["frame2.png", [0.8846661448478699, -0.2062412053346634, 0.4181272089481354, -1.0676845251743388, -0.15424539148807526, -0.9758042097091675, -0.15496569871902466, 0.4043921024239693, 0.43997061252593994, 0.07259871065616608, -0.8950727581977844, 2.4467359445188133, 0.0, 0.0, 0.0, 1.0, 4.2647, 0.0, 0.5, 0.0, 4.2647, 0.5, 0.0, 0.0, 1.0]], ["frame2_mirror.png", [0.8846661448478699, 0.2062412053346634, -0.4181272089481354, 1.0676845251743388, 0.15424539148807526, -0.9758042097091675, -0.15496569871902466, 0.4043921024239693, -0.43997061252593994, 0.07259871065616608, -0.8950727581977844, 2.4467359445188133, 0.0, 0.0, 0.0, 1.0, 4.2647, 0.0, 0.5, 0.0, 4.2647, 0.5, 0.0, 0.0, 1.0]], ["frame20.png", [0.8325728178024292, -0.3060077428817749, 0.4617161154747009, -1.180494230932838, -0.23297245800495148, -0.9496892094612122, -0.20931845903396606, 0.5334215876834669, 0.502539873123169, 0.06670571863651276, -0.8619768023490906, 2.3689438111798977, 0.0, 0.0, 0.0, 1.0, 4.2647, 0.0, 0.5, 0.0, 4.2647, 0.5, 0.0, 0.0, 1.0]], ["frame20_mirror.png", [0.8325728178024292, 0.3060077428817749, -0.4617161154747009, 1.180494230932838, 0.23297245800495148, -0.9496892094612122, -0.20931845903396606, 0.5334215876834669, -0.502539873123169, 0.06670571863651276, -0.8619768023490906, 2.3689438111798977, 0.0, 0.0, 0.0, 1.0, 4.2647, 0.0, 0.5, 0.0, 4.2647, 0.5, 0.0, 0.0, 1.0]], ["frame21.png", [0.828740119934082, -0.3215668797492981, 0.4580225348472595, -1.1760246466860598, -0.2345343381166458, -0.9426602721214294, -0.23745618760585785, 0.6018136866358972, 0.50811767578125, 0.08936746418476105, -0.8566387295722961, 2.354736995285172, 0.0, 0.0, 0.0, 1.0, 4.2647, 0.0, 0.5, 0.0, 4.2647, 0.5, 0.0, 0.0, 1.0]], ["frame21_mirror.png", [0.828740119934082, 0.3215668797492981, -0.4580225348472595, 1.1760246466860598, 0.2345343381166458, -0.9426602721214294, -0.23745618760585785, 0.6018136866358972, -0.50811767578125, 0.08936746418476105, -0.8566387295722961, 2.354736995285172, 0.0, 0.0, 0.0, 1.0, 4.2647, 0.0, 0.5, 0.0, 4.2647, 0.5, 0.0, 0.0, 1.0]], ["frame22.png", [0.8340207934379578, -0.32076457142829895, 0.44890907406806946, -1.1488182203419042, -0.23351235687732697, -0.9423873424530029, -0.23953700065612793, 0.6156868602329408, 0.49988120794296265, 0.0949530303478241, -0.8608732223510742, 2.364560506044826, 0.0, 0.0, 0.0, 1.0, 4.2647, 0.0, 0.5, 0.0, 4.2647, 0.5, 0.0, 0.0, 1.0]], ["frame22_mirror.png", [0.8340207934379578, 0.32076457142829895, -0.44890907406806946, 1.1488182203419042, 0.23351235687732697, -0.9423873424530029, -0.23953700065612793, 0.6156868602329408, -0.49988120794296265, 0.0949530303478241, -0.8608732223510742, 2.364560506044826, 0.0, 0.0, 0.0, 1.0, 4.2647, 0.0, 0.5, 0.0, 4.2647, 0.5, 0.0, 0.0, 1.0]], ["frame23.png", [0.8379210829734802, -0.3195739686489105, 0.4424484968185425, -1.1318700416369256, -0.23573680222034454, -0.9430490136146545, -0.23470547795295715, 0.6057251801606538, 0.49225640296936035, 0.09236329793930054, -0.8655360341072083, 2.3752825547635736, 0.0, 0.0, 0.0, 1.0, 4.2647, 0.0, 0.5, 0.0, 4.2647, 0.5, 0.0, 0.0, 1.0]], ["frame23_mirror.png", [0.8379210829734802, 0.3195739686489105, -0.4424484968185425, 1.1318700416369256, 0.23573680222034454, -0.9430490136146545, -0.23470547795295715, 0.6057251801606538, -0.49225640296936035, 0.09236329793930054, -0.8655360341072083, 2.3752825547635736, 0.0, 0.0, 0.0, 1.0, 4.2647, 0.0, 0.5, 0.0, 4.2647, 0.5, 0.0, 0.0, 1.0]], ["frame24.png", [0.8405687808990479, -0.31806695461273193, 0.43849465250968933, -1.120171042749828, -0.23967181146144867, -0.944297730922699, -0.22551992535591125, 0.5831756424872863, 0.4857999384403229, 0.08447021245956421, -0.8699788451194763, 2.386445684484418, 0.0, 0.0, 0.0, 1.0, 4.2647, 0.0, 0.5, 0.0, 4.2647, 0.5, 0.0, 0.0, 1.0]], ["frame24_mirror.png", [0.8405687808990479, 0.31806695461273193, -0.43849465250968933, 1.120171042749828, 0.23967181146144867, -0.944297730922699, -0.22551992535591125, 0.5831756424872863, -0.4857999384403229, 0.08447021245956421, -0.8699788451194763, 2.386445684484418, 0.0, 0.0, 0.0, 1.0, 4.2647, 0.0, 0.5, 0.0, 4.2647, 0.5, 0.0, 0.0, 1.0]], ["frame25.png", [0.8458619713783264, -0.3202110826969147, 0.42659392952919006, -1.090667955079157, -0.2440367341041565, -0.9434685111045837, -0.22430627048015594, 0.5774032113216386, 0.474303275346756, 0.08562755584716797, -0.8761873841285706, 2.401468080845321, 0.0, 0.0, 0.0, 1.0, 4.2647, 0.0, 0.5, 0.0, 4.2647, 0.5, 0.0, 0.0, 1.0]], ["frame25_mirror.png", [0.8458619713783264, 0.3202110826969147, -0.42659392952919006, 1.090667955079157, 0.2440367341041565, -0.9434685111045837, -0.22430627048015594, 0.5774032113216386, -0.474303275346756, 0.08562755584716797, -0.8761873841285706, 2.401468080845321, 0.0, 0.0, 0.0, 1.0, 4.2647, 0.0, 0.5, 0.0, 4.2647, 0.5, 0.0, 0.0, 1.0]], ["frame26.png", [0.8523509502410889, -0.32130178809165955, 0.41262945532798767, -1.0551838809171559, -0.2464158535003662, -0.9426788091659546, -0.22502416372299194, 0.5787479548319224, 0.46127772331237793, 0.09012110531330109, -0.8826670050621033, 2.416948030519167, 0.0, 0.0, 0.0, 1.0, 4.2647, 0.0, 0.5, 0.0, 4.2647, 0.5, 0.0, 0.0, 1.0]], ["frame26_mirror.png", [0.8523509502410889, 0.32130178809165955, -0.41262945532798767, 1.0551838809171559, 0.2464158535003662, -0.9426788091659546, -0.22502416372299194, 0.5787479548319224, -0.46127772331237793, 0.09012110531330109, -0.8826670050621033, 2.416948030519167, 0.0, 0.0, 0.0, 1.0, 4.2647, 0.0, 0.5, 0.0, 4.2647, 0.5, 0.0, 0.0, 1.0]], ["frame27.png", [0.8565370440483093, -0.3215806782245636, 0.4036460220813751, -1.0313622306130867, -0.2523612380027771, -0.9432282447814941, -0.21594968438148499, 0.55461066853057, 0.45017558336257935, 0.08310428261756897, -0.8890644311904907, 2.432837634454234, 0.0, 0.0, 0.0, 1.0, 4.2647, 0.0, 0.5, 0.0, 4.2647, 0.5, 0.0, 0.0, 1.0]], ["frame27_mirror.png", [0.8565370440483093, 0.3215806782245636, -0.4036460220813751, 1.0313622306130867, 0.2523612380027771, -0.9432282447814941, -0.21594968438148499, 0.55461066853057, -0.45017558336257935, 0.08310428261756897, -0.8890644311904907, 2.432837634454234, 0.0, 0.0, 0.0, 1.0, 4.2647, 0.0, 0.5, 0.0, 4.2647, 0.5, 0.0, 0.0, 1.0]], ["frame28.png", [0.8628913164138794, -0.3155336380004883, 0.3947873115539551, -1.0067285766180856, -0.24602165818214417, -0.9446051120758057, -0.21724292635917664, 0.5567954116930695, 0.4414655864238739, 0.0903308242559433, -0.8927196860313416, 2.4426371901160575, 0.0, 0.0, 0.0, 1.0, 4.2647, 0.0, 0.5, 0.0, 4.2647, 0.5, 0.0, 0.0, 1.0]], ["frame28_mirror.png", [0.8628913164138794, 0.3155336380004883, -0.3947873115539551, 1.0067285766180856, 0.24602165818214417, -0.9446051120758057, -0.21724292635917664, 0.5567954116930695, -0.4414655864238739, 0.0903308242559433, -0.8927196860313416, 2.4426371901160575, 0.0, 0.0, 0.0, 1.0, 4.2647, 0.0, 0.5, 0.0, 4.2647, 0.5, 0.0, 0.0, 1.0]], ["frame29.png", [0.869782030582428, -0.3090851604938507, 0.3846369683742523, -0.9833787894163643, -0.2393883466720581, -0.9459468126296997, -0.2188100516796112, 0.5638534994581026, 0.43147706985473633, 0.09823943674564362, -0.8967589139938354, 2.450517371428911, 0.0, 0.0, 0.0, 1.0, 4.2647, 0.0, 0.5, 0.0, 4.2647, 0.5, 0.0, 0.0, 1.0]], ["frame29_mirror.png", [0.869782030582428, 0.3090851604938507, -0.3846369683742523, 0.9833787894163643, 0.2393883466720581, -0.9459468126296997, -0.2188100516796112, 0.5638534994581026, -0.43147706985473633, 0.09823943674564362, -0.8967589139938354, 2.450517371428911, 0.0, 0.0, 0.0, 1.0, 4.2647, 0.0, 0.5, 0.0, 4.2647, 0.5, 0.0, 0.0, 1.0]], ["frame3.png", [0.8834026455879211, -0.20267389714717865, 0.4225199520587921, -1.0795486551358526, -0.150849848985672, -0.9766332507133484, -0.153074249625206, 0.3992407208833343, 0.44367119669914246, 0.071489118039608, -0.8933337330818176, 2.442372114969979, 0.0, 0.0, 0.0, 1.0, 4.2647, 0.0, 0.5, 0.0, 4.2647, 0.5, 0.0, 0.0, 1.0]], ["frame3_mirror.png", [0.8834026455879211, 0.20267389714717865, -0.4225199520587921, 1.0795486551358526, 0.150849848985672, -0.9766332507133484, -0.153074249625206, 0.3992407208833343, -0.44367119669914246, 0.071489118039608, -0.8933337330818176, 2.442372114969979, 0.0, 0.0, 0.0, 1.0, 4.2647, 0.0, 0.5, 0.0, 4.2647, 0.5, 0.0, 0.0, 1.0]], ["frame30.png", [0.878993570804596, -0.29502958059310913, 0.37460362911224365, -0.9547237600271948, -0.23178556561470032, -0.9509119987487793, -0.20504112541675568, 0.5272179715497328, 0.4167082607746124, 0.09340212494134903, -0.9042291045188904, 2.4699278840716223, 0.0, 0.0, 0.0, 1.0, 4.2647, 0.0, 0.5, 0.0, 4.2647, 0.5, 0.0, 0.0, 1.0]], ["frame30_mirror.png", [0.878993570804596, 0.29502958059310913, -0.37460362911224365, 0.9547237600271948, 0.23178556561470032, -0.9509119987487793, -0.20504112541675568, 0.5272179715497328, -0.4167082607746124, 0.09340212494134903, -0.9042291045188904, 2.4699278840716223, 0.0, 0.0, 0.0, 1.0, 4.2647, 0.0, 0.5, 0.0, 4.2647, 0.5, 0.0, 0.0, 1.0]], ["frame31.png", [0.8831915259361267, -0.28424835205078125, 0.37306252121925354, -0.9480418114325988, -0.22272524237632751, -0.9541974067687988, -0.1997520476579666, 0.5111107980877471, 0.41275447607040405, 0.09332887828350067, -0.9060482978820801, 2.4758801416574476, 0.0, 0.0, 0.0, 1.0, 4.2647, 0.0, 0.5, 0.0, 4.2647, 0.5, 0.0, 0.0, 1.0]], ["frame31_mirror.png", [0.8831915259361267, 0.28424835205078125, -0.37306252121925354, 0.9480418114325988, 0.22272524237632751, -0.9541974067687988, -0.1997520476579666, 0.5111107980877471, -0.41275447607040405, 0.09332887828350067, -0.9060482978820801, 2.4758801416574476, 0.0, 0.0, 0.0, 1.0, 4.2647, 0.0, 0.5, 0.0, 4.2647, 0.5, 0.0, 0.0, 1.0]], ["frame32.png", [0.8795926570892334, -0.27532508969306946, 0.38795995712280273, -0.9860225508863776, -0.21426671743392944, -0.9573883414268494, -0.19364269077777863, 0.49151595282147514, 0.42474299669265747, 0.08719978481531143, -0.9011046290397644, 2.464989167778536, 0.0, 0.0, 0.0, 1.0, 4.2647, 0.0, 0.5, 0.0, 4.2647, 0.5, 0.0, 0.0, 1.0]], ["frame32_mirror.png", [0.8795926570892334, 0.27532508969306946, -0.38795995712280273, 0.9860225508863776, 0.21426671743392944, -0.9573883414268494, -0.19364269077777863, 0.49151595282147514, -0.42474299669265747, 0.08719978481531143, -0.9011046290397644, 2.464989167778536, 0.0, 0.0, 0.0, 1.0, 4.2647, 0.0, 0.5, 0.0, 4.2647, 0.5, 0.0, 0.0, 1.0]], ["frame33.png", [0.8808783888816833, -0.27229607105255127, 0.38717973232269287, -0.9836840148459003, -0.21376772224903107, -0.9586520791053772, -0.18785545229911804, 0.4788792349969875, 0.42232292890548706, 0.08271127194166183, -0.9026640057563782, 2.4684084826513932, 0.0, 0.0, 0.0, 1.0, 4.2647, 0.0, 0.5, 0.0, 4.2647, 0.5, 0.0, 0.0, 1.0]], ["frame33_mirror.png", [0.8808783888816833, 0.27229607105255127, -0.38717973232269287, 0.9836840148459003, 0.21376772224903107, -0.9586520791053772, -0.18785545229911804, 0.4788792349969875, -0.42232292890548706, 0.08271127194166183, -0.9026640057563782, 2.4684084826513932, 0.0, 0.0, 0.0, 1.0, 4.2647, 0.0, 0.5, 0.0, 4.2647, 0.5, 0.0, 0.0, 1.0]], ["frame34.png", [0.8819769024848938, -0.2703096270561218, 0.38606923818588257, -0.983400561418451, -0.20991642773151398, -0.9587391018867493, -0.19171428680419922, 0.48592898184436745, 0.4219619333744049, 0.08804529905319214, -0.9023281931877136, 2.467143360326994, 0.0, 0.0, 0.0, 1.0, 4.2647, 0.0, 0.5, 0.0, 4.2647, 0.5, 0.0, 0.0, 1.0]], ["frame34_mirror.png", [0.8819769024848938, 0.2703096270561218, -0.38606923818588257, 0.983400561418451, 0.20991642773151398, -0.9587391018867493, -0.19171428680419922, 0.48592898184436745, -0.4219619333744049, 0.08804529905319214, -0.9023281931877136, 2.467143360326994, 0.0, 0.0, 0.0, 1.0, 4.2647, 0.0, 0.5, 0.0, 4.2647, 0.5, 0.0, 0.0, 1.0]], ["frame35.png", [0.8839100003242493, -0.2720848619937897, 0.38035890460014343, -0.968786383569514, -0.21213263273239136, -0.9581133127212524, -0.1924024224281311, 0.49301940502024433, 0.41677671670913696, 0.08937989920377731, -0.9046040177345276, 2.4715146791560407, 0.0, 0.0, 0.0, 1.0, 4.2647, 0.0, 0.5, 0.0, 4.2647, 0.5, 0.0, 0.0, 1.0]], ["frame35_mirror.png", [0.8839100003242493, 0.2720848619937897, -0.38035890460014343, 0.968786383569514, 0.21213263273239136, -0.9581133127212524, -0.1924024224281311, 0.49301940502024433, -0.41677671670913696, 0.08937989920377731, -0.9046040177345276, 2.4715146791560407, 0.0, 0.0, 0.0, 1.0, 4.2647, 0.0, 0.5, 0.0, 4.2647, 0.5, 0.0, 0.0, 1.0]], ["frame36.png", [0.8828579187393188, -0.2781769037246704, 0.37839072942733765, -0.9630666361225305, -0.2188883125782013, -0.956568717956543, -0.19252070784568787, 0.49178419349802066, 0.4155115783214569, 0.08714311569929123, -0.9054038524627686, 2.4739949396498644, 0.0, 0.0, 0.0, 1.0, 4.2647, 0.0, 0.5, 0.0, 4.2647, 0.5, 0.0, 0.0, 1.0]], ["frame36_mirror.png", [0.8828579187393188, 0.2781769037246704, -0.37839072942733765, 0.9630666361225305, 0.2188883125782013, -0.956568717956543, -0.19252070784568787, 0.49178419349802066, -0.4155115783214569, 0.08714311569929123, -0.9054038524627686, 2.4739949396498644, 0.0, 0.0, 0.0, 1.0, 4.2647, 0.0, 0.5, 0.0, 4.2647, 0.5, 0.0, 0.0, 1.0]], ["frame37.png", [0.879300057888031, -0.2839359939098358, 0.38237661123275757, -0.9732619732198883, -0.22370697557926178, -0.9550079703330994, -0.1947178691625595, 0.5001538560499548, 0.4204601049423218, 0.08567509800195694, -0.9032569527626038, 2.4683207351887013, 0.0, 0.0, 0.0, 1.0, 4.2647, 0.0, 0.5, 0.0, 4.2647, 0.5, 0.0, 0.0, 1.0]], ["frame37_mirror.png", [0.879300057888031, 0.2839359939098358, -0.38237661123275757, 0.9732619732198883, 0.22370697557926178, -0.9550079703330994, -0.1947178691625595, 0.5001538560499548, -0.4204601049423218, 0.08567509800195694, -0.9032569527626038, 2.4683207351887013, 0.0, 0.0, 0.0, 1.0, 4.2647, 0.0, 0.5, 0.0, 4.2647, 0.5, 0.0, 0.0, 1.0]], ["frame38.png", [0.8779518604278564, -0.2912200093269348, 0.37998875975608826, -0.9662717589910582, -0.22986942529678345, -0.9526582956314087, -0.19900290668010712, 0.5095698017206155, 0.41995304822921753, 0.08736717700958252, -0.9033307433128357, 2.4691410459815253, 0.0, 0.0, 0.0, 1.0, 4.2647, 0.0, 0.5, 0.0, 4.2647, 0.5, 0.0, 0.0, 1.0]], ["frame38_mirror.png", [0.8779518604278564, 0.2912200093269348, -0.37998875975608826, 0.9662717589910582, 0.22986942529678345, -0.9526582956314087, -0.19900290668010712, 0.5095698017206155, -0.41995304822921753, 0.08736717700958252, -0.9033307433128357, 2.4691410459815253, 0.0, 0.0, 0.0, 1.0, 4.2647, 0.0, 0.5, 0.0, 4.2647, 0.5, 0.0, 0.0, 1.0]], ["frame39.png", [0.874884843826294, -0.2994818091392517, 0.3806404173374176, -0.9711591473082658, -0.23608122766017914, -0.9499160051345825, -0.2047566920518875, 0.5256478901238589, 0.4228973090648651, 0.08927647024393082, -0.9017691612243652, 2.463847439718583, 0.0, 0.0, 0.0, 1.0, 4.2647, 0.0, 0.5, 0.0, 4.2647, 0.5, 0.0, 0.0, 1.0]], ["frame39_mirror.png", [0.874884843826294, 0.2994818091392517, -0.3806404173374176, 0.9711591473082658, 0.23608122766017914, -0.9499160051345825, -0.2047566920518875, 0.5256478901238589, -0.4228973090648651, 0.08927647024393082, -0.9017691612243652, 2.463847439718583, 0.0, 0.0, 0.0, 1.0, 4.2647, 0.0, 0.5, 0.0, 4.2647, 0.5, 0.0, 0.0, 1.0]], ["frame4.png", [0.8856795430183411, -0.19668899476528168, 0.4205772578716278, -1.0741530509463146, -0.14566248655319214, -0.9778134822845459, -0.15054278075695038, 0.39256936347354227, 0.4408562481403351, 0.07207033038139343, -0.894679605960846, 2.4458300263928203, 0.0, 0.0, 0.0, 1.0, 4.2647, 0.0, 0.5, 0.0, 4.2647, 0.5, 0.0, 0.0, 1.0]], ["frame4_mirror.png", [0.8856795430183411, 0.19668899476528168, -0.4205772578716278, 1.0741530509463146, 0.14566248655319214, -0.9778134822845459, -0.15054278075695038, 0.39256936347354227, -0.4408562481403351, 0.07207033038139343, -0.894679605960846, 2.4458300263928203, 0.0, 0.0, 0.0, 1.0, 4.2647, 0.0, 0.5, 0.0, 4.2647, 0.5, 0.0, 0.0, 1.0]], ["frame40.png", [0.8736754655838013, -0.3023785650730133, 0.3811277747154236, -0.9711561278022484, -0.2407330572605133, -0.949458122253418, -0.20143692195415497, 0.5154384339867185, 0.4227750599384308, 0.08424042165279388, -0.902310848236084, 2.466004662647957, 0.0, 0.0, 0.0, 1.0, 4.2647, 0.0, 0.5, 0.0, 4.2647, 0.5, 0.0, 0.0, 1.0]], ["frame40_mirror.png", [0.8736754655838013, 0.3023785650730133, -0.3811277747154236, 0.9711561278022484, 0.2407330572605133, -0.949458122253418, -0.20143692195415497, 0.5154384339867185, -0.4227750599384308, 0.08424042165279388, -0.902310848236084, 2.466004662647957, 0.0, 0.0, 0.0, 1.0, 4.2647, 0.0, 0.5, 0.0, 4.2647, 0.5, 0.0, 0.0, 1.0]], ["frame41.png", [0.8667346239089966, -0.30230095982551575, 0.3967181146144867, -1.0090572490975462, -0.24880936741828918, -0.951414942741394, -0.18139322102069855, 0.46454014422441775, 0.4322788715362549, 0.05851258337497711, -0.8998395800590515, 2.460895349755379, 0.0, 0.0, 0.0, 1.0, 4.2647, 0.0, 0.5, 0.0, 4.2647, 0.5, 0.0, 0.0, 1.0]], ["frame41_mirror.png", [0.8667346239089966, 0.30230095982551575, -0.3967181146144867, 1.0090572490975462, 0.24880936741828918, -0.951414942741394, -0.18139322102069855, 0.46454014422441775, -0.4322788715362549, 0.05851258337497711, -0.8998395800590515, 2.460895349755379, 0.0, 0.0, 0.0, 1.0, 4.2647, 0.0, 0.5, 0.0, 4.2647, 0.5, 0.0, 0.0, 1.0]], ["frame42.png", [0.8570783734321594, -0.31676673889160156, 0.4062948524951935, -1.035356010177818, -0.26579749584198, -0.9474565982818604, -0.17798267304897308, 0.45579590596943487, 0.44132572412490845, 0.04455295205116272, -0.8962402939796448, 2.451588877501726, 0.0, 0.0, 0.0, 1.0, 4.2647, 0.0, 0.5, 0.0, 4.2647, 0.5, 0.0, 0.0, 1.0]], ["frame42_mirror.png", [0.8570783734321594, 0.31676673889160156, -0.4062948524951935, 1.035356010177818, 0.26579749584198, -0.9474565982818604, -0.17798267304897308, 0.45579590596943487, -0.44132572412490845, 0.04455295205116272, -0.8962402939796448, 2.451588877501726, 0.0, 0.0, 0.0, 1.0, 4.2647, 0.0, 0.5, 0.0, 4.2647, 0.5, 0.0, 0.0, 1.0]], ["frame43.png", [0.8410194516181946, -0.33241724967956543, 0.42683145403862, -1.0884310657788985, -0.2841571271419525, -0.9427918195724487, -0.17435121536254883, 0.45589105142973607, 0.4603705406188965, 0.025345563888549805, -0.8873649835586548, 2.428473010818465, 0.0, 0.0, 0.0, 1.0, 4.2647, 0.0, 0.5, 0.0, 4.2647, 0.5, 0.0, 0.0, 1.0]], ["frame43_mirror.png", [0.8410194516181946, 0.33241724967956543, -0.42683145403862, 1.0884310657788985, 0.2841571271419525, -0.9427918195724487, -0.17435121536254883, 0.45589105142973607, -0.4603705406188965, 0.025345563888549805, -0.8873649835586548, 2.428473010818465, 0.0, 0.0, 0.0, 1.0, 4.2647, 0.0, 0.5, 0.0, 4.2647, 0.5, 0.0, 0.0, 1.0]], ["frame44.png", [0.835223913192749, -0.3469003438949585, 0.4266863167285919, -1.088371048492134, -0.29593783617019653, -0.9375271201133728, -0.18293091654777527, 0.4736690247135837, 0.46348878741264343, 0.026515647768974304, -0.8857059478759766, 2.4250950735653674, 0.0, 0.0, 0.0, 1.0, 4.2647, 0.0, 0.5, 0.0, 4.2647, 0.5, 0.0, 0.0, 1.0]], ["frame44_mirror.png", [0.835223913192749, 0.3469003438949585, -0.4266863167285919, 1.088371048492134, 0.29593783617019653, -0.9375271201133728, -0.18293091654777527, 0.4736690247135837, -0.46348878741264343, 0.026515647768974304, -0.8857059478759766, 2.4250950735653674, 0.0, 0.0, 0.0, 1.0, 4.2647, 0.0, 0.5, 0.0, 4.2647, 0.5, 0.0, 0.0, 1.0]], ["frame45.png", [0.8203046321868896, -0.36579230427742004, 0.4396548271179199, -1.1261750060845657, -0.3065565824508667, -0.9301842451095581, -0.20194128155708313, 0.5202059780727487, 0.4828285872936249, 0.030874282121658325, -0.8751704692840576, 2.3981483682307494, 0.0, 0.0, 0.0, 1.0, 4.2647, 0.0, 0.5, 0.0, 4.2647, 0.5, 0.0, 0.0, 1.0]], ["frame45_mirror.png", [0.8203046321868896, 0.36579230427742004, -0.4396548271179199, 1.1261750060845657, 0.3065565824508667, -0.9301842451095581, -0.20194128155708313, 0.5202059780727487, -0.4828285872936249, 0.030874282121658325, -0.8751704692840576, 2.3981483682307494, 0.0, 0.0, 0.0, 1.0, 4.2647, 0.0, 0.5, 0.0, 4.2647, 0.5, 0.0, 0.0, 1.0]], ["frame46.png", [0.8159933686256409, -0.3658548593521118, 0.4475545585155487, -1.1430636028850094, -0.3085566759109497, -0.9303765892982483, -0.19797047972679138, 0.513708793246276, 0.4888227581977844, 0.023446649312973022, -0.8720680475234985, 2.3915494716816954, 0.0, 0.0, 0.0, 1.0, 4.2647, 0.0, 0.5, 0.0, 4.2647, 0.5, 0.0, 0.0, 1.0]], ["frame46_mirror.png", [0.8159933686256409, 0.3658548593521118, -0.4475545585155487, 1.1430636028850094, 0.3085566759109497, -0.9303765892982483, -0.19797047972679138, 0.513708793246276, -0.4888227581977844, 0.023446649312973022, -0.8720680475234985, 2.3915494716816954, 0.0, 0.0, 0.0, 1.0, 4.2647, 0.0, 0.5, 0.0, 4.2647, 0.5, 0.0, 0.0, 1.0]], ["frame47.png", [0.8100115656852722, -0.3696160316467285, 0.4552639126777649, -1.1645354266206942, -0.3109845519065857, -0.9289442300796509, -0.20087605714797974, 0.5199013305817025, 0.4971618056297302, 0.021131902933120728, -0.8674004673957825, 2.379823490640584, 0.0, 0.0, 0.0, 1.0, 4.2647, 0.0, 0.5, 0.0, 4.2647, 0.5, 0.0, 0.0, 1.0]], ["frame47_mirror.png", [0.8100115656852722, 0.3696160316467285, -0.4552639126777649, 1.1645354266206942, 0.3109845519065857, -0.9289442300796509, -0.20087605714797974, 0.5199013305817025, -0.4971618056297302, 0.021131902933120728, -0.8674004673957825, 2.379823490640584, 0.0, 0.0, 0.0, 1.0, 4.2647, 0.0, 0.5, 0.0, 4.2647, 0.5, 0.0, 0.0, 1.0]], ["frame48.png", [0.812551736831665, -0.366839736700058, 0.4529770612716675, -1.1585273943901997, -0.31185048818588257, -0.9301418662071228, -0.19386932253837585, 0.49951498450881054, 0.49245190620422363, 0.016267746686935425, -0.8701875805854797, 2.3871110273086624, 0.0, 0.0, 0.0, 1.0, 4.2647, 0.0, 0.5, 0.0, 4.2647, 0.5, 0.0, 0.0, 1.0]], ["frame48_mirror.png", [0.812551736831665, 0.366839736700058, -0.4529770612716675, 1.1585273943901997, 0.31185048818588257, -0.9301418662071228, -0.19386932253837585, 0.49951498450881054, -0.49245190620422363, 0.016267746686935425, -0.8701875805854797, 2.3871110273086624, 0.0, 0.0, 0.0, 1.0, 4.2647, 0.0, 0.5, 0.0, 4.2647, 0.5, 0.0, 0.0, 1.0]], ["frame49.png", [0.8205738067626953, -0.36661890149116516, 0.43846240639686584, -1.119999367627279, -0.3101532757282257, -0.930013120174408, -0.1971816122531891, 0.5080084150829599, 0.4800662696361542, 0.025811493396759033, -0.8768523931503296, 2.403649073121822, 0.0, 0.0, 0.0, 1.0, 4.2647, 0.0, 0.5, 0.0, 4.2647, 0.5, 0.0, 0.0, 1.0]], ["frame49_mirror.png", [0.8205738067626953, 0.36661890149116516, -0.43846240639686584, 1.119999367627279, 0.3101532757282257, -0.930013120174408, -0.1971816122531891, 0.5080084150829599, -0.4800662696361542, 0.025811493396759033, -0.8768523931503296, 2.403649073121822, 0.0, 0.0, 0.0, 1.0, 4.2647, 0.0, 0.5, 0.0, 4.2647, 0.5, 0.0, 0.0, 1.0]], ["frame5.png", [0.888340950012207, -0.19007782638072968, 0.41799622774124146, -1.0680610244192754, -0.13801705837249756, -0.9787359237670898, -0.15174733102321625, 0.39422653985777123, 0.4379517138004303, 0.07711275666952133, -0.8956851363182068, 2.4482301941174196, 0.0, 0.0, 0.0, 1.0, 4.2647, 0.0, 0.5, 0.0, 4.2647, 0.5, 0.0, 0.0, 1.0]], ["frame5_mirror.png", [0.888340950012207, 0.19007782638072968, -0.41799622774124146, 1.0680610244192754, 0.13801705837249756, -0.9787359237670898, -0.15174733102321625, 0.39422653985777123, -0.4379517138004303, 0.07711275666952133, -0.8956851363182068, 2.4482301941174196, 0.0, 0.0, 0.0, 1.0, 4.2647, 0.0, 0.5, 0.0, 4.2647, 0.5, 0.0, 0.0, 1.0]], ["frame6.png", [0.8924153447151184, -0.18243123590946198, 0.41269075870513916, -1.053077784561169, -0.132979154586792, -0.9803357720375061, -0.14580219984054565, 0.37963873799943476, 0.4311743974685669, 0.07523683458566666, -0.8991262912750244, 2.457010705771128, 0.0, 0.0, 0.0, 1.0, 4.2647, 0.0, 0.5, 0.0, 4.2647, 0.5, 0.0, 0.0, 1.0]], ["frame6_mirror.png", [0.8924153447151184, 0.18243123590946198, -0.41269075870513916, 1.053077784561169, 0.132979154586792, -0.9803357720375061, -0.14580219984054565, 0.37963873799943476, -0.4311743974685669, 0.07523683458566666, -0.8991262912750244, 2.457010705771128, 0.0, 0.0, 0.0, 1.0, 4.2647, 0.0, 0.5, 0.0, 4.2647, 0.5, 0.0, 0.0, 1.0]], ["frame7.png", [0.896452009677887, -0.1772415190935135, 0.4061517119407654, -1.036286193739838, -0.12878993153572083, -0.9811738133430481, -0.14391353726387024, 0.37519475984077066, 0.4240128993988037, 0.07670331746339798, -0.9024021625518799, 2.4648204431260763, 0.0, 0.0, 0.0, 1.0, 4.2647, 0.0, 0.5, 0.0, 4.2647, 0.5, 0.0, 0.0, 1.0]], ["frame7_mirror.png", [0.896452009677887, 0.1772415190935135, -0.4061517119407654, 1.036286193739838, 0.12878993153572083, -0.9811738133430481, -0.14391353726387024, 0.37519475984077066, -0.4240128993988037, 0.07670331746339798, -0.9024021625518799, 2.4648204431260763, 0.0, 0.0, 0.0, 1.0, 4.2647, 0.0, 0.5, 0.0, 4.2647, 0.5, 0.0, 0.0, 1.0]], ["frame8.png", [0.8972427845001221, -0.1722072958946228, 0.40657100081443787, -1.036626454768789, -0.12683914601802826, -0.9825222492218018, -0.1362418532371521, 0.3611639123066998, 0.4229268729686737, 0.070672906935215, -0.9034035801887512, 2.466772430063384, 0.0, 0.0, 0.0, 1.0, 4.2647, 0.0, 0.5, 0.0, 4.2647, 0.5, 0.0, 0.0, 1.0]], ["frame8_mirror.png", [0.8972427845001221, 0.1722072958946228, -0.40657100081443787, 1.036626454768789, 0.12683914601802826, -0.9825222492218018, -0.1362418532371521, 0.3611639123066998, -0.4229268729686737, 0.070672906935215, -0.9034035801887512, 2.466772430063384, 0.0, 0.0, 0.0, 1.0, 4.2647, 0.0, 0.5, 0.0, 4.2647, 0.5, 0.0, 0.0, 1.0]], ["frame9.png", [0.8984829783439636, -0.17257805168628693, 0.40366464853286743, -1.0302702115130273, -0.12739841639995575, -0.982421338558197, -0.13644756376743317, 0.35350163531701073, 0.4201166033744812, 0.07116956263780594, -0.9046750664710999, 2.470542427301564, 0.0, 0.0, 0.0, 1.0, 4.2647, 0.0, 0.5, 0.0, 4.2647, 0.5, 0.0, 0.0, 1.0]], ["frame9_mirror.png", [0.8984829783439636, 0.17257805168628693, -0.40366464853286743, 1.0302702115130273, 0.12739841639995575, -0.982421338558197, -0.13644756376743317, 0.35350163531701073, -0.4201166033744812, 0.07116956263780594, -0.9046750664710999, 2.470542427301564, 0.0, 0.0, 0.0, 1.0, 4.2647, 0.0, 0.5, 0.0, 4.2647, 0.5, 0.0, 0.0, 1.0]]]}