{"labels": [["frame0.png", [0.9253256916999817, 0.14152324199676514, 0.35177212953567505, -0.9004052969932891, 0.07322435081005096, -0.976966917514801, 0.200434148311615, -0.5154076390725739, 0.37203580141067505, -0.15970857441425323, -0.9143754839897156, 2.492714437462114, 0.0, 0.0, 0.0, 1.0, 4.2647, 0.0, 0.5, 0.0, 4.2647, 0.5, 0.0, 0.0, 1.0]], ["frame0_mirror.png", [0.9253256916999817, -0.14152324199676514, -0.35177212953567505, 0.9004052969932891, -0.07322435081005096, -0.976966917514801, 0.200434148311615, -0.5154076390725739, -0.37203580141067505, -0.15970857441425323, -0.9143754839897156, 2.492714437462114, 0.0, 0.0, 0.0, 1.0, 4.2647, 0.0, 0.5, 0.0, 4.2647, 0.5, 0.0, 0.0, 1.0]], ["frame1.png", [0.8754174113273621, 0.18703404068946838, 0.44571587443351746, -1.149078723435299, 0.075319305062294, -0.9636238813400269, 0.2564293444156647, -0.6601469525730747, 0.4774634838104248, -0.19091171026229858, -0.8576604127883911, 2.3524081466354403, 0.0, 0.0, 0.0, 1.0, 4.2647, 0.0, 0.5, 0.0, 4.2647, 0.5, 0.0, 0.0, 1.0]], ["frame1_mirror.png", [0.8754174113273621, -0.18703404068946838, -0.44571587443351746, 1.149078723435299, -0.075319305062294, -0.9636238813400269, 0.2564293444156647, -0.6601469525730747, -0.4774634838104248, -0.19091171026229858, -0.8576604127883911, 2.3524081466354403, 0.0, 0.0, 0.0, 1.0, 4.2647, 0.0, 0.5, 0.0, 4.2647, 0.5, 0.0, 0.0, 1.0]], ["frame10.png", [0.900005042552948, 0.16487732529640198, 0.40349286794662476, -1.0299605246499173, 0.11366179585456848, -0.9824455380439758, 0.14792530238628387, -0.38736798350743573, 0.42079928517341614, -0.0872717872262001, -0.9029461145401001, 2.4655886443233492, 0.0, 0.0, 0.0, 1.0, 4.2647, 0.0, 0.5, 0.0, 4.2647, 0.5, 0.0, 0.0, 1.0]], ["frame10_mirror.png", [0.900005042552948, -0.16487732529640198, -0.40349286794662476, 1.0299605246499173, -0.11366179585456848, -0.9824455380439758, 0.14792530238628387, -0.38736798350743573, -0.42079928517341614, -0.0872717872262001, -0.9029461145401001, 2.4655886443233492, 0.0, 0.0, 0.0, 1.0, 4.2647, 0.0, 0.5, 0.0, 4.2647, 0.5, 0.0, 0.0, 1.0]], ["frame11.png", [0.9057434797286987, 0.15227122604846954, 0.3955276906490326, -1.0101615601382328, 0.10802361369132996, -0.985349714756012, 0.13197238743305206, -0.3415837997543795, 0.40982869267463684, -0.07680681347846985, -0.9089230298995972, 2.480502797854591, 0.0, 0.0, 0.0, 1.0, 4.2647, 0.0, 0.5, 0.0, 4.2647, 0.5, 0.0, 0.0, 1.0]], ["frame11_mirror.png", [0.9057434797286987, -0.15227122604846954, -0.3955276906490326, 1.0101615601382328, -0.10802361369132996, -0.985349714756012, 0.13197238743305206, -0.3415837997543795, -0.40982869267463684, -0.07680681347846985, -0.9089230298995972, 2.480502797854591, 0.0, 0.0, 0.0, 1.0, 4.2647, 0.0, 0.5, 0.0, 4.2647, 0.5, 0.0, 0.0, 1.0]], ["frame12.png", [0.9109326004981995, 0.14312228560447693, 0.386933833360672, -0.9866377294600962, 0.10256888717412949, -0.9870152473449707, 0.12361422926187515, -0.31879893959105005, 0.399601548910141, -0.07291686534881592, -0.9137842655181885, 2.4929727689891537, 0.0, 0.0, 0.0, 1.0, 4.2647, 0.0, 0.5, 0.0, 4.2647, 0.5, 0.0, 0.0, 1.0]], ["frame12_mirror.png", [0.9109326004981995, -0.14312228560447693, -0.386933833360672, 0.9866377294600962, -0.10256888717412949, -0.9870152473449707, 0.12361422926187515, -0.31879893959105005, -0.399601548910141, -0.07291686534881592, -0.9137842655181885, 2.4929727689891537, 0.0, 0.0, 0.0, 1.0, 4.2647, 0.0, 0.5, 0.0, 4.2647, 0.5, 0.0, 0.0, 1.0]], ["frame13.png", [0.9186317920684814, 0.1334925889968872, 0.3718809187412262, -0.9460399606072841, 0.0962003767490387, -0.9884403944015503, 0.11717930436134338, -0.3009374504429768, 0.3832246661186218, -0.07186954468488693, -0.9208548069000244, 2.5108653973988826, 0.0, 0.0, 0.0, 1.0, 4.2647, 0.0, 0.5, 0.0, 4.2647, 0.5, 0.0, 0.0, 1.0]], ["frame13_mirror.png", [0.9186317920684814, -0.1334925889968872, -0.3718809187412262, 0.9460399606072841, -0.0962003767490387, -0.9884403944015503, 0.11717930436134338, -0.3009374504429768, -0.3832246661186218, -0.07186954468488693, -0.9208548069000244, 2.5108653973988826, 0.0, 0.0, 0.0, 1.0, 4.2647, 0.0, 0.5, 0.0, 4.2647, 0.5, 0.0, 0.0, 1.0]], ["frame14.png", [0.9367594718933105, 0.102024145424366, 0.33477282524108887, -0.8497283488822246, 0.06830401718616486, -0.991467297077179, 0.1110280305147171, -0.2794401916129297, 0.3432438373565674, -0.08114022761583328, -0.9357349872589111, 2.547523289867478, 0.0, 0.0, 0.0, 1.0, 4.2647, 0.0, 0.5, 0.0, 4.2647, 0.5, 0.0, 0.0, 1.0]], ["frame14_mirror.png", [0.9367594718933105, -0.102024145424366, -0.33477282524108887, 0.8497283488822246, -0.06830401718616486, -0.991467297077179, 0.1110280305147171, -0.2794401916129297, -0.3432438373565674, -0.08114022761583328, -0.9357349872589111, 2.547523289867478, 0.0, 0.0, 0.0, 1.0, 4.2647, 0.0, 0.5, 0.0, 4.2647, 0.5, 0.0, 0.0, 1.0]], ["frame15.png", [0.9474184513092041, 0.08477246016263962, 0.3085644543170929, -0.7832891025426038, 0.05683977156877518, -0.9935193657875061, 0.09843011200428009, -0.2471806149395059, 0.3149089217185974, -0.07571576535701752, -0.9460970163345337, 2.572034199896287, 0.0, 0.0, 0.0, 1.0, 4.2647, 0.0, 0.5, 0.0, 4.2647, 0.5, 0.0, 0.0, 1.0]], ["frame15_mirror.png", [0.9474184513092041, -0.08477246016263962, -0.3085644543170929, 0.7832891025426038, -0.05683977156877518, -0.9935193657875061, 0.09843011200428009, -0.2471806149395059, -0.3149089217185974, -0.07571576535701752, -0.9460970163345337, 2.572034199896287, 0.0, 0.0, 0.0, 1.0, 4.2647, 0.0, 0.5, 0.0, 4.2647, 0.5, 0.0, 0.0, 1.0]], ["frame16.png", [0.9720218777656555, 0.05987550690770149, 0.22713080048561096, -0.5809429936643467, 0.04370751231908798, -0.9961827993392944, 0.0755612775683403, -0.1880166678638318, 0.23078805208206177, -0.06351989507675171, -0.9709284901618958, 2.630048473073774, 0.0, 0.0, 0.0, 1.0, 4.2647, 0.0, 0.5, 0.0, 4.2647, 0.5, 0.0, 0.0, 1.0]], ["frame16_mirror.png", [0.9720218777656555, -0.05987550690770149, -0.22713080048561096, 0.5809429936643467, -0.04370751231908798, -0.9961827993392944, 0.0755612775683403, -0.1880166678638318, -0.23078805208206177, -0.06351989507675171, -0.9709284901618958, 2.630048473073774, 0.0, 0.0, 0.0, 1.0, 4.2647, 0.0, 0.5, 0.0, 4.2647, 0.5, 0.0, 0.0, 1.0]], ["frame17.png", [0.9940504431724548, 0.03597964718937874, 0.10280636698007584, -0.26436011244315644, 0.028162715956568718, -0.996671736240387, 0.07650049030780792, -0.19900078563375645, 0.10521665215492249, -0.07315004616975784, -0.9917552471160889, 2.679647816088187, 0.0, 0.0, 0.0, 1.0, 4.2647, 0.0, 0.5, 0.0, 4.2647, 0.5, 0.0, 0.0, 1.0]], ["frame17_mirror.png", [0.9940504431724548, -0.03597964718937874, -0.10280636698007584, 0.26436011244315644, -0.028162715956568718, -0.996671736240387, 0.07650049030780792, -0.19900078563375645, -0.10521665215492249, -0.07315004616975784, -0.9917552471160889, 2.679647816088187, 0.0, 0.0, 0.0, 1.0, 4.2647, 0.0, 0.5, 0.0, 4.2647, 0.5, 0.0, 0.0, 1.0]], ["frame18.png", [0.9984546303749084, 0.015329117886722088, 0.05341731384396553, -0.13466049679001615, 0.011101646348834038, -0.9968477487564087, 0.07855705916881561, -0.19827579371100504, 0.05445314198732376, -0.07784263789653778, -0.9954774379730225, 2.6893406738887764, 0.0, 0.0, 0.0, 1.0, 4.2647, 0.0, 0.5, 0.0, 4.2647, 0.5, 0.0, 0.0, 1.0]], ["frame18_mirror.png", [0.9984546303749084, -0.015329117886722088, -0.05341731384396553, 0.13466049679001615, -0.011101646348834038, -0.9968477487564087, 0.07855705916881561, -0.19827579371100504, -0.05445314198732376, -0.07784263789653778, -0.9954774379730225, 2.6893406738887764, 0.0, 0.0, 0.0, 1.0, 4.2647, 0.0, 0.5, 0.0, 4.2647, 0.5, 0.0, 0.0, 1.0]], ["frame19.png", [0.999301016330719, 0.007222839165478945, -0.03667883574962616, 0.09052136228745881, 0.010259820148348808, -0.9964718222618103, 0.08329853415489197, -0.2108630450485794, -0.0359477736055851, -0.08361662924289703, -0.9958493709564209, 2.690230967631304, 0.0, 0.0, 0.0, 1.0, 4.2647, 0.0, 0.5, 0.0, 4.2647, 0.5, 0.0, 0.0, 1.0]], ["frame19_mirror.png", [0.999301016330719, -0.007222839165478945, 0.03667883574962616, -0.09052136228745881, -0.010259820148348808, -0.9964718222618103, 0.08329853415489197, -0.2108630450485794, 0.0359477736055851, -0.08361662924289703, -0.9958493709564209, 2.690230967631304, 0.0, 0.0, 0.0, 1.0, 4.2647, 0.0, 0.5, 0.0, 4.2647, 0.5, 0.0, 0.0, 1.0]], ["frame2.png", [0.8533912301063538, 0.20727093517780304, 0.47829097509384155, -1.2245835174320776, 0.08981595933437347, -0.9622922539710999, 0.2567622661590576, -0.6542463804342837, 0.5134750604629517, -0.1761605143547058, -0.8398278951644897, 2.315676333713829, 0.0, 0.0, 0.0, 1.0, 4.2647, 0.0, 0.5, 0.0, 4.2647, 0.5, 0.0, 0.0, 1.0]], ["frame2_mirror.png", [0.8533912301063538, -0.20727093517780304, -0.47829097509384155, 1.2245835174320776, -0.08981595933437347, -0.9622922539710999, 0.2567622661590576, -0.6542463804342837, -0.5134750604629517, -0.1761605143547058, -0.8398278951644897, 2.315676333713829, 0.0, 0.0, 0.0, 1.0, 4.2647, 0.0, 0.5, 0.0, 4.2647, 0.5, 0.0, 0.0, 1.0]], ["frame20.png", [0.9987314343452454, 0.002383676590397954, -0.05029739812016487, 0.12350472774535609, 0.006881675682961941, -0.9959679245948792, 0.08944559842348099, -0.2257767095299595, -0.049881383776664734, -0.08967825770378113, -0.9947208762168884, 2.687707472858304, 0.0, 0.0, 0.0, 1.0, 4.2647, 0.0, 0.5, 0.0, 4.2647, 0.5, 0.0, 0.0, 1.0]], ["frame20_mirror.png", [0.9987314343452454, -0.002383676590397954, 0.05029739812016487, -0.12350472774535609, -0.006881675682961941, -0.9959679245948792, 0.08944559842348099, -0.2257767095299595, 0.049881383776664734, -0.08967825770378113, -0.9947208762168884, 2.687707472858304, 0.0, 0.0, 0.0, 1.0, 4.2647, 0.0, 0.5, 0.0, 4.2647, 0.5, 0.0, 0.0, 1.0]], ["frame21.png", [0.9997164607048035, -0.014121402986347675, -0.01917295716702938, 0.04566606244586429, -0.012198178097605705, -0.9952132105827332, 0.09696397185325623, -0.24523141787715708, -0.020450446754693985, -0.09670260548591614, -0.9951032400131226, 2.688452373099931, 0.0, 0.0, 0.0, 1.0, 4.2647, 0.0, 0.5, 0.0, 4.2647, 0.5, 0.0, 0.0, 1.0]], ["frame21_mirror.png", [0.9997164607048035, 0.014121402986347675, 0.01917295716702938, -0.04566606244586429, 0.012198178097605705, -0.9952132105827332, 0.09696397185325623, -0.24523141787715708, 0.020450446754693985, -0.09670260548591614, -0.9951032400131226, 2.688452373099931, 0.0, 0.0, 0.0, 1.0, 4.2647, 0.0, 0.5, 0.0, 4.2647, 0.5, 0.0, 0.0, 1.0]], ["frame22.png", [0.9984133839607239, -0.04505040496587753, 0.03378112241625786, -0.08604407446918202, -0.048861972987651825, -0.9913114309310913, 0.12212348729372025, -0.3078995075551434, 0.02798590064048767, -0.12358034402132034, -0.9919398427009583, 2.6810062123195544, 0.0, 0.0, 0.0, 1.0, 4.2647, 0.0, 0.5, 0.0, 4.2647, 0.5, 0.0, 0.0, 1.0]], ["frame22_mirror.png", [0.9984133839607239, 0.04505040496587753, -0.03378112241625786, 0.08604407446918202, 0.048861972987651825, -0.9913114309310913, 0.12212348729372025, -0.3078995075551434, -0.02798590064048767, -0.12358034402132034, -0.9919398427009583, 2.6810062123195544, 0.0, 0.0, 0.0, 1.0, 4.2647, 0.0, 0.5, 0.0, 4.2647, 0.5, 0.0, 0.0, 1.0]], ["frame23.png", [0.9961850643157959, -0.058689236640930176, 0.06458287686109543, -0.16455403127542845, -0.06629914045333862, -0.9902133345603943, 0.12280888110399246, -0.3109820713208662, 0.05674326419830322, -0.12662215530872345, -0.9903267025947571, 2.6769781698975414, 0.0, 0.0, 0.0, 1.0, 4.2647, 0.0, 0.5, 0.0, 4.2647, 0.5, 0.0, 0.0, 1.0]], ["frame23_mirror.png", [0.9961850643157959, 0.058689236640930176, -0.06458287686109543, 0.16455403127542845, 0.06629914045333862, -0.9902133345603943, 0.12280888110399246, -0.3109820713208662, -0.05674326419830322, -0.12662215530872345, -0.9903267025947571, 2.6769781698975414, 0.0, 0.0, 0.0, 1.0, 4.2647, 0.0, 0.5, 0.0, 4.2647, 0.5, 0.0, 0.0, 1.0]], ["frame24.png", [0.9905380606651306, -0.08093397319316864, 0.110833078622818, -0.28349046702976743, -0.09483938664197922, -0.9874153733253479, 0.12655586004257202, -0.3253576598275297, 0.09919562190771103, -0.13586974143981934, -0.9857482314109802, 2.6652908937477724, 0.0, 0.0, 0.0, 1.0, 4.2647, 0.0, 0.5, 0.0, 4.2647, 0.5, 0.0, 0.0, 1.0]], ["frame24_mirror.png", [0.9905380606651306, 0.08093397319316864, -0.110833078622818, 0.28349046702976743, 0.09483938664197922, -0.9874153733253479, 0.12655586004257202, -0.3253576598275297, -0.09919562190771103, -0.13586974143981934, -0.9857482314109802, 2.6652908937477724, 0.0, 0.0, 0.0, 1.0, 4.2647, 0.0, 0.5, 0.0, 4.2647, 0.5, 0.0, 0.0, 1.0]], ["frame25.png", [0.987410306930542, -0.09067854285240173, 0.12960806488990784, -0.32872708635111836, -0.10735946893692017, -0.9859309196472168, 0.12811759114265442, -0.32955970947129415, 0.11616707593202591, -0.14041928946971893, -0.983253538608551, 2.659573067353537, 0.0, 0.0, 0.0, 1.0, 4.2647, 0.0, 0.5, 0.0, 4.2647, 0.5, 0.0, 0.0, 1.0]], ["frame25_mirror.png", [0.987410306930542, 0.09067854285240173, -0.12960806488990784, 0.32872708635111836, 0.10735946893692017, -0.9859309196472168, 0.12811759114265442, -0.32955970947129415, -0.11616707593202591, -0.14041928946971893, -0.983253538608551, 2.659573067353537, 0.0, 0.0, 0.0, 1.0, 4.2647, 0.0, 0.5, 0.0, 4.2647, 0.5, 0.0, 0.0, 1.0]], ["frame26.png", [0.9871633052825928, -0.08903966844081879, 0.13259144127368927, -0.3354587990929883, -0.1069972887635231, -0.9850341081619263, 0.1351270079612732, -0.3432329346346966, 0.11857543140649796, -0.1475793570280075, -0.981916606426239, 2.6570017965167327, 0.0, 0.0, 0.0, 1.0, 4.2647, 0.0, 0.5, 0.0, 4.2647, 0.5, 0.0, 0.0, 1.0]], ["frame26_mirror.png", [0.9871633052825928, 0.08903966844081879, -0.13259144127368927, 0.3354587990929883, 0.1069972887635231, -0.9850341081619263, 0.1351270079612732, -0.3432329346346966, -0.11857543140649796, -0.1475793570280075, -0.981916606426239, 2.6570017965167327, 0.0, 0.0, 0.0, 1.0, 4.2647, 0.0, 0.5, 0.0, 4.2647, 0.5, 0.0, 0.0, 1.0]], ["frame27.png", [0.9924757480621338, -0.07516114413738251, 0.09665751457214355, -0.2459122372520299, -0.08795328438282013, -0.9868332147598267, 0.13573691248893738, -0.34478774298312287, 0.08518270403146744, -0.14321693778038025, -0.9860186576843262, 2.6665799413965274, 0.0, 0.0, 0.0, 1.0, 4.2647, 0.0, 0.5, 0.0, 4.2647, 0.5, 0.0, 0.0, 1.0]], ["frame27_mirror.png", [0.9924757480621338, 0.07516114413738251, -0.09665751457214355, 0.2459122372520299, 0.08795328438282013, -0.9868332147598267, 0.13573691248893738, -0.34478774298312287, -0.08518270403146744, -0.14321693778038025, -0.9860186576843262, 2.6665799413965274, 0.0, 0.0, 0.0, 1.0, 4.2647, 0.0, 0.5, 0.0, 4.2647, 0.5, 0.0, 0.0, 1.0]], ["frame28.png", [0.9947060942649841, -0.06876988708972931, 0.07635752856731415, -0.19378360952570844, -0.07909423112869263, -0.9867504835128784, 0.14165982604026794, -0.36375743873885663, 0.06560389697551727, -0.14694933593273163, -0.986966073513031, 2.6683568798871966, 0.0, 0.0, 0.0, 1.0, 4.2647, 0.0, 0.5, 0.0, 4.2647, 0.5, 0.0, 0.0, 1.0]], ["frame28_mirror.png", [0.9947060942649841, 0.06876988708972931, -0.07635752856731415, 0.19378360952570844, 0.07909423112869263, -0.9867504835128784, 0.14165982604026794, -0.36375743873885663, -0.06560389697551727, -0.14694933593273163, -0.986966073513031, 2.6683568798871966, 0.0, 0.0, 0.0, 1.0, 4.2647, 0.0, 0.5, 0.0, 4.2647, 0.5, 0.0, 0.0, 1.0]], ["frame29.png", [0.997198224067688, -0.05421043187379837, 0.05154570937156677, -0.13096856544298732, -0.06080729886889458, -0.9887746572494507, 0.1364813894033432, -0.3468747182121636, 0.04356837272644043, -0.13923335075378418, -0.9893006682395935, 2.674420528774605, 0.0, 0.0, 0.0, 1.0, 4.2647, 0.0, 0.5, 0.0, 4.2647, 0.5, 0.0, 0.0, 1.0]], ["frame29_mirror.png", [0.997198224067688, 0.05421043187379837, -0.05154570937156677, 0.13096856544298732, 0.06080729886889458, -0.9887746572494507, 0.1364813894033432, -0.3468747182121636, -0.04356837272644043, -0.13923335075378418, -0.9893006682395935, 2.674420528774605, 0.0, 0.0, 0.0, 1.0, 4.2647, 0.0, 0.5, 0.0, 4.2647, 0.5, 0.0, 0.0, 1.0]], ["frame3.png", [0.857112467288971, 0.21818551421165466, 0.46664050221443176, -1.1910096408587751, 0.1037602424621582, -0.9604279398918152, 0.2584800720214844, -0.6623167741624073, 0.5045711994171143, -0.17312777042388916, -0.8458337187767029, 2.3308437369426023, 0.0, 0.0, 0.0, 1.0, 4.2647, 0.0, 0.5, 0.0, 4.2647, 0.5, 0.0, 0.0, 1.0]], ["frame3_mirror.png", [0.857112467288971, -0.21818551421165466, -0.46664050221443176, 1.1910096408587751, -0.1037602424621582, -0.9604279398918152, 0.2584800720214844, -0.6623167741624073, -0.5045711994171143, -0.17312777042388916, -0.8458337187767029, 2.3308437369426023, 0.0, 0.0, 0.0, 1.0, 4.2647, 0.0, 0.5, 0.0, 4.2647, 0.5, 0.0, 0.0, 1.0]], ["frame30.png", [0.9978902339935303, -0.04682329297065735, 0.044973962008953094, -0.11457123886983897, -0.052488937973976135, -0.9895347952842712, 0.13440939784049988, -0.3384937156870436, 0.038209810853004456, -0.1364864557981491, -0.9899047613143921, 2.676246519972368, 0.0, 0.0, 0.0, 1.0, 4.2647, 0.0, 0.5, 0.0, 4.2647, 0.5, 0.0, 0.0, 1.0]], ["frame30_mirror.png", [0.9978902339935303, 0.04682329297065735, -0.044973962008953094, 0.11457123886983897, 0.052488937973976135, -0.9895347952842712, 0.13440939784049988, -0.3384937156870436, -0.038209810853004456, -0.1364864557981491, -0.9899047613143921, 2.676246519972368, 0.0, 0.0, 0.0, 1.0, 4.2647, 0.0, 0.5, 0.0, 4.2647, 0.5, 0.0, 0.0, 1.0]], ["frame31.png", [0.9979323148727417, -0.03127497062087059, 0.05615175515413284, -0.1452832281977119, -0.038291819393634796, -0.990958571434021, 0.12858803570270538, -0.32528150025610847, 0.05162247642874718, -0.1304723024368286, -0.9901071190834045, 2.6763939786951374, 0.0, 0.0, 0.0, 1.0, 4.2647, 0.0, 0.5, 0.0, 4.2647, 0.5, 0.0, 0.0, 1.0]], ["frame31_mirror.png", [0.9979323148727417, 0.03127497062087059, -0.05615175515413284, 0.1452832281977119, 0.038291819393634796, -0.990958571434021, 0.12858803570270538, -0.32528150025610847, -0.05162247642874718, -0.1304723024368286, -0.9901071190834045, 2.6763939786951374, 0.0, 0.0, 0.0, 1.0, 4.2647, 0.0, 0.5, 0.0, 4.2647, 0.5, 0.0, 0.0, 1.0]], ["frame32.png", [0.9946767091751099, -0.0206218883395195, 0.1009601503610611, -0.2584899619676235, -0.03283314406871796, -0.99213045835495, 0.12082747370004654, -0.30738944595907, 0.0976739451289177, -0.12349911779165268, -0.9875261187553406, 2.6699615480517607, 0.0, 0.0, 0.0, 1.0, 4.2647, 0.0, 0.5, 0.0, 4.2647, 0.5, 0.0, 0.0, 1.0]], ["frame32_mirror.png", [0.9946767091751099, 0.0206218883395195, -0.1009601503610611, 0.2584899619676235, 0.03283314406871796, -0.99213045835495, 0.12082747370004654, -0.30738944595907, -0.0976739451289177, -0.12349911779165268, -0.9875261187553406, 2.6699615480517607, 0.0, 0.0, 0.0, 1.0, 4.2647, 0.0, 0.5, 0.0, 4.2647, 0.5, 0.0, 0.0, 1.0]], ["frame33.png", [0.9921467304229736, -0.016025930643081665, 0.12404858320951462, -0.31830030043399093, -0.030092444270849228, -0.993211030960083, 0.1123671606183052, -0.28262996362614135, 0.12140563130378723, -0.11521764099597931, -0.9858933091163635, 2.666234277479066, 0.0, 0.0, 0.0, 1.0, 4.2647, 0.0, 0.5, 0.0, 4.2647, 0.5, 0.0, 0.0, 1.0]], ["frame33_mirror.png", [0.9921467304229736, 0.016025930643081665, -0.12404858320951462, 0.31830030043399093, 0.030092444270849228, -0.993211030960083, 0.1123671606183052, -0.28262996362614135, -0.12140563130378723, -0.11521764099597931, -0.9858933091163635, 2.666234277479066, 0.0, 0.0, 0.0, 1.0, 4.2647, 0.0, 0.5, 0.0, 4.2647, 0.5, 0.0, 0.0, 1.0]], ["frame34.png", [0.9880738258361816, -0.00782895926386118, 0.15378165245056152, -0.38927941850165754, -0.025013374164700508, -0.9936022162437439, 0.1101314127445221, -0.2781498926568868, 0.15193557739257812, -0.11266455799341202, -0.98194819688797, 2.657271941587081, 0.0, 0.0, 0.0, 1.0, 4.2647, 0.0, 0.5, 0.0, 4.2647, 0.5, 0.0, 0.0, 1.0]], ["frame34_mirror.png", [0.9880738258361816, 0.00782895926386118, -0.15378165245056152, 0.38927941850165754, 0.025013374164700508, -0.9936022162437439, 0.1101314127445221, -0.2781498926568868, -0.15193557739257812, -0.11266455799341202, -0.98194819688797, 2.657271941587081, 0.0, 0.0, 0.0, 1.0, 4.2647, 0.0, 0.5, 0.0, 4.2647, 0.5, 0.0, 0.0, 1.0]], ["frame35.png", [0.987873911857605, -0.00531492056325078, 0.15516714751720428, -0.3952797820079085, -0.022473223507404327, -0.9937836527824402, 0.1090361624956131, -0.27848963278076594, 0.1536230593919754, -0.11120108515024185, -0.9818524718284607, 2.6563503945017146, 0.0, 0.0, 0.0, 1.0, 4.2647, 0.0, 0.5, 0.0, 4.2647, 0.5, 0.0, 0.0, 1.0]], ["frame35_mirror.png", [0.987873911857605, 0.00531492056325078, -0.15516714751720428, 0.3952797820079085, 0.022473223507404327, -0.9937836527824402, 0.1090361624956131, -0.27848963278076594, -0.1536230593919754, -0.11120108515024185, -0.9818524718284607, 2.6563503945017146, 0.0, 0.0, 0.0, 1.0, 4.2647, 0.0, 0.5, 0.0, 4.2647, 0.5, 0.0, 0.0, 1.0]], ["frame36.png", [0.9892978072166443, 0.013316401280462742, 0.14530137181282043, -0.37151456223100426, -0.002316109836101532, -0.9942680597305298, 0.10689090192317963, -0.2700223022333922, 0.1458919197320938, -0.1060834676027298, -0.9835963845252991, 2.6606512147117076, 0.0, 0.0, 0.0, 1.0, 4.2647, 0.0, 0.5, 0.0, 4.2647, 0.5, 0.0, 0.0, 1.0]], ["frame36_mirror.png", [0.9892978072166443, -0.013316401280462742, -0.14530137181282043, 0.37151456223100426, 0.002316109836101532, -0.9942680597305298, 0.10689090192317963, -0.2700223022333922, -0.1458919197320938, -0.1060834676027298, -0.9835963845252991, 2.6606512147117076, 0.0, 0.0, 0.0, 1.0, 4.2647, 0.0, 0.5, 0.0, 4.2647, 0.5, 0.0, 0.0, 1.0]], ["frame37.png", [0.9905228614807129, 0.025222279131412506, 0.13501203060150146, -0.3445801639022687, 0.009899134747684002, -0.9935474395751953, 0.11298409849405289, -0.28410219303125933, 0.13699057698249817, -0.11057683080434799, -0.9843811988830566, 2.6628087529073348, 0.0, 0.0, 0.0, 1.0, 4.2647, 0.0, 0.5, 0.0, 4.2647, 0.5, 0.0, 0.0, 1.0]], ["frame37_mirror.png", [0.9905228614807129, -0.025222279131412506, -0.13501203060150146, 0.3445801639022687, -0.009899134747684002, -0.9935474395751953, 0.11298409849405289, -0.28410219303125933, -0.13699057698249817, -0.11057683080434799, -0.9843811988830566, 2.6628087529073348, 0.0, 0.0, 0.0, 1.0, 4.2647, 0.0, 0.5, 0.0, 4.2647, 0.5, 0.0, 0.0, 1.0]], ["frame38.png", [0.990881621837616, 0.031066877767443657, 0.1311044842004776, -0.3347142334345388, 0.015202848240733147, -0.9926197528839111, 0.12031146883964539, -0.3056503357396253, 0.13387461006641388, -0.11722126603126526, -0.9840409755706787, 2.6616807198081793, 0.0, 0.0, 0.0, 1.0, 4.2647, 0.0, 0.5, 0.0, 4.2647, 0.5, 0.0, 0.0, 1.0]], ["frame38_mirror.png", [0.990881621837616, -0.031066877767443657, -0.1311044842004776, 0.3347142334345388, -0.015202848240733147, -0.9926197528839111, 0.12031146883964539, -0.3056503357396253, -0.13387461006641388, -0.11722126603126526, -0.9840409755706787, 2.6616807198081793, 0.0, 0.0, 0.0, 1.0, 4.2647, 0.0, 0.5, 0.0, 4.2647, 0.5, 0.0, 0.0, 1.0]], ["frame39.png", [0.9894611835479736, 0.03379514440894127, 0.14079922437667847, -0.3553762628453576, 0.0180372204631567, -0.993575394153595, 0.11172571033239365, -0.2845341931990357, 0.1436704397201538, -0.10800863057374954, -0.9837138652801514, 2.6613432707387905, 0.0, 0.0, 0.0, 1.0, 4.2647, 0.0, 0.5, 0.0, 4.2647, 0.5, 0.0, 0.0, 1.0]], ["frame39_mirror.png", [0.9894611835479736, -0.03379514440894127, -0.14079922437667847, 0.3553762628453576, -0.0180372204631567, -0.993575394153595, 0.11172571033239365, -0.2845341931990357, -0.1436704397201538, -0.10800863057374954, -0.9837138652801514, 2.6613432707387905, 0.0, 0.0, 0.0, 1.0, 4.2647, 0.0, 0.5, 0.0, 4.2647, 0.5, 0.0, 0.0, 1.0]], ["frame4.png", [0.8587042689323425, 0.2296004742383957, 0.45816004276275635, -1.1745697579832088, 0.11985799670219421, -0.9592044353485107, 0.2560485899448395, -0.6628279281654701, 0.4982580244541168, -0.16495586931705475, -0.8511923551559448, 2.3390265114519626, 0.0, 0.0, 0.0, 1.0, 4.2647, 0.0, 0.5, 0.0, 4.2647, 0.5, 0.0, 0.0, 1.0]], ["frame4_mirror.png", [0.8587042689323425, -0.2296004742383957, -0.45816004276275635, 1.1745697579832088, -0.11985799670219421, -0.9592044353485107, 0.2560485899448395, -0.6628279281654701, -0.4982580244541168, -0.16495586931705475, -0.8511923551559448, 2.3390265114519626, 0.0, 0.0, 0.0, 1.0, 4.2647, 0.0, 0.5, 0.0, 4.2647, 0.5, 0.0, 0.0, 1.0]], ["frame40.png", [0.9889606237411499, 0.028731785714626312, 0.1453663557767868, -0.3718380399617078, 0.012474237009882927, -0.9936819672584534, 0.11153701692819595, -0.2831525795495346, 0.14765259623527527, -0.10849237442016602, -0.9830707907676697, 2.6592406977804552, 0.0, 0.0, 0.0, 1.0, 4.2647, 0.0, 0.5, 0.0, 4.2647, 0.5, 0.0, 0.0, 1.0]], ["frame40_mirror.png", [0.9889606237411499, -0.028731785714626312, -0.1453663557767868, 0.3718380399617078, -0.012474237009882927, -0.9936819672584534, 0.11153701692819595, -0.2831525795495346, -0.14765259623527527, -0.10849237442016602, -0.9830707907676697, 2.6592406977804552, 0.0, 0.0, 0.0, 1.0, 4.2647, 0.0, 0.5, 0.0, 4.2647, 0.5, 0.0, 0.0, 1.0]], ["frame41.png", [0.9832518696784973, 0.034992318600416183, 0.17886115610599518, -0.4569030373928816, 0.017131127417087555, -0.9947949647903442, 0.10044645518064499, -0.24843205678185715, 0.18144503235816956, -0.09570007771253586, -0.978733479976654, 2.649437888984057, 0.0, 0.0, 0.0, 1.0, 4.2647, 0.0, 0.5, 0.0, 4.2647, 0.5, 0.0, 0.0, 1.0]], ["frame41_mirror.png", [0.9832518696784973, -0.034992318600416183, -0.17886115610599518, 0.4569030373928816, -0.017131127417087555, -0.9947949647903442, 0.10044645518064499, -0.24843205678185715, -0.18144503235816956, -0.09570007771253586, -0.978733479976654, 2.649437888984057, 0.0, 0.0, 0.0, 1.0, 4.2647, 0.0, 0.5, 0.0, 4.2647, 0.5, 0.0, 0.0, 1.0]], ["frame42.png", [0.9669792056083679, 0.031812045723199844, 0.25286203622817993, -0.6402875589620627, 0.010631214827299118, -0.9963503479957581, 0.0846935287117958, -0.21864208298558283, 0.25463342666625977, -0.07920864969491959, -0.9637882709503174, 2.613852995366444, 0.0, 0.0, 0.0, 1.0, 4.2647, 0.0, 0.5, 0.0, 4.2647, 0.5, 0.0, 0.0, 1.0]], ["frame42_mirror.png", [0.9669792056083679, -0.031812045723199844, -0.25286203622817993, 0.6402875589620627, -0.010631214827299118, -0.9963503479957581, 0.0846935287117958, -0.21864208298558283, -0.25463342666625977, -0.07920864969491959, -0.9637882709503174, 2.613852995366444, 0.0, 0.0, 0.0, 1.0, 4.2647, 0.0, 0.5, 0.0, 4.2647, 0.5, 0.0, 0.0, 1.0]], ["frame43.png", [0.9525805115699768, 0.027276108041405678, 0.30306166410446167, -0.7712940098058629, 0.004867801442742348, -0.997212827205658, 0.07445056736469269, -0.1880276216038933, 0.3042477071285248, -0.06944490969181061, -0.9500583410263062, 2.5806493686573493, 0.0, 0.0, 0.0, 1.0, 4.2647, 0.0, 0.5, 0.0, 4.2647, 0.5, 0.0, 0.0, 1.0]], ["frame43_mirror.png", [0.9525805115699768, -0.027276108041405678, -0.30306166410446167, 0.7712940098058629, -0.004867801442742348, -0.997212827205658, 0.07445056736469269, -0.1880276216038933, -0.3042477071285248, -0.06944490969181061, -0.9500583410263062, 2.5806493686573493, 0.0, 0.0, 0.0, 1.0, 4.2647, 0.0, 0.5, 0.0, 4.2647, 0.5, 0.0, 0.0, 1.0]], ["frame44.png", [0.9214257001876831, 0.02431228756904602, 0.3877933621406555, -0.9891875493981162, -0.012561451643705368, -0.9956548810005188, 0.0922684520483017, -0.23841964617551276, 0.3883516192436218, -0.0898897647857666, -0.9171165823936462, 2.5009326389235866, 0.0, 0.0, 0.0, 1.0, 4.2647, 0.0, 0.5, 0.0, 4.2647, 0.5, 0.0, 0.0, 1.0]], ["frame44_mirror.png", [0.9214257001876831, -0.02431228756904602, -0.3877933621406555, 0.9891875493981162, 0.012561451643705368, -0.9956548810005188, 0.0922684520483017, -0.23841964617551276, -0.3883516192436218, -0.0898897647857666, -0.9171165823936462, 2.5009326389235866, 0.0, 0.0, 0.0, 1.0, 4.2647, 0.0, 0.5, 0.0, 4.2647, 0.5, 0.0, 0.0, 1.0]], ["frame45.png", [0.9138758778572083, 0.021591024473309517, 0.4054192900657654, -1.0348331605213443, -0.015496691688895226, -0.9960021376609802, 0.08797499537467957, -0.22723482105720905, 0.40569794178009033, -0.08668088167905807, -0.9098876714706421, 2.4834421003889955, 0.0, 0.0, 0.0, 1.0, 4.2647, 0.0, 0.5, 0.0, 4.2647, 0.5, 0.0, 0.0, 1.0]], ["frame45_mirror.png", [0.9138758778572083, -0.021591024473309517, -0.4054192900657654, 1.0348331605213443, 0.015496691688895226, -0.9960021376609802, 0.08797499537467957, -0.22723482105720905, -0.40569794178009033, -0.08668088167905807, -0.9098876714706421, 2.4834421003889955, 0.0, 0.0, 0.0, 1.0, 4.2647, 0.0, 0.5, 0.0, 4.2647, 0.5, 0.0, 0.0, 1.0]], ["frame46.png", [0.9209387898445129, 0.03627512976527214, 0.38801535964012146, -0.9896526041628062, 0.009211061522364616, -0.9974063634872437, 0.07138434052467346, -0.18202193773672853, 0.3895984888076782, -0.062166571617126465, -0.9188843369483948, 2.5054851301207806, 0.0, 0.0, 0.0, 1.0, 4.2647, 0.0, 0.5, 0.0, 4.2647, 0.5, 0.0, 0.0, 1.0]], ["frame46_mirror.png", [0.9209387898445129, -0.03627512976527214, -0.38801535964012146, 0.9896526041628062, -0.009211061522364616, -0.9974063634872437, 0.07138434052467346, -0.18202193773672853, -0.3895984888076782, -0.062166571617126465, -0.9188843369483948, 2.5054851301207806, 0.0, 0.0, 0.0, 1.0, 4.2647, 0.0, 0.5, 0.0, 4.2647, 0.5, 0.0, 0.0, 1.0]], ["frame47.png", [0.9257837533950806, 0.04472862929105759, 0.37539827823638916, -0.9585068358629827, 0.03148277848958969, -0.9986486434936523, 0.0413479283452034, -0.0992223098964971, 0.376740425825119, -0.026460658758878708, -0.9259408712387085, 2.5221854766893608, 0.0, 0.0, 0.0, 1.0, 4.2647, 0.0, 0.5, 0.0, 4.2647, 0.5, 0.0, 0.0, 1.0]], ["frame47_mirror.png", [0.9257837533950806, -0.04472862929105759, -0.37539827823638916, 0.9585068358629827, -0.03148277848958969, -0.9986486434936523, 0.0413479283452034, -0.0992223098964971, -0.376740425825119, -0.026460658758878708, -0.9259408712387085, 2.5221854766893608, 0.0, 0.0, 0.0, 1.0, 4.2647, 0.0, 0.5, 0.0, 4.2647, 0.5, 0.0, 0.0, 1.0]], ["frame48.png", [0.92337965965271, 0.037996556609869, 0.38200297951698303, -0.9740887610127442, 0.030439725145697594, -0.9992034435272217, 0.025808347389101982, -0.0666739512899004, 0.382679283618927, -0.012202838435769081, -0.9238006472587585, 2.517281404588698, 0.0, 0.0, 0.0, 1.0, 4.2647, 0.0, 0.5, 0.0, 4.2647, 0.5, 0.0, 0.0, 1.0]], ["frame48_mirror.png", [0.92337965965271, -0.037996556609869, -0.38200297951698303, 0.9740887610127442, -0.030439725145697594, -0.9992034435272217, 0.025808347389101982, -0.0666739512899004, -0.382679283618927, -0.012202838435769081, -0.9238006472587585, 2.517281404588698, 0.0, 0.0, 0.0, 1.0, 4.2647, 0.0, 0.5, 0.0, 4.2647, 0.5, 0.0, 0.0, 1.0]], ["frame49.png", [0.9153744578361511, 0.028040092438459396, 0.4016258418560028, -1.0245933519164487, 0.03215302154421806, -0.9994767904281616, -0.003502356121316552, 0.00807514399293223, 0.4013175070285797, 0.016119452193379402, -0.9157971143722534, 2.4980278731947947, 0.0, 0.0, 0.0, 1.0, 4.2647, 0.0, 0.5, 0.0, 4.2647, 0.5, 0.0, 0.0, 1.0]], ["frame49_mirror.png", [0.9153744578361511, -0.028040092438459396, -0.4016258418560028, 1.0245933519164487, -0.03215302154421806, -0.9994767904281616, -0.003502356121316552, 0.00807514399293223, -0.4013175070285797, 0.016119452193379402, -0.9157971143722534, 2.4980278731947947, 0.0, 0.0, 0.0, 1.0, 4.2647, 0.0, 0.5, 0.0, 4.2647, 0.5, 0.0, 0.0, 1.0]], ["frame5.png", [0.8707444071769714, 0.22117581963539124, 0.43918725848197937, -1.1245136458406313, 0.1252659559249878, -0.9634404182434082, 0.23683542013168335, -0.6119964404353802, 0.4755130112171173, -0.15120792388916016, -0.8666161298751831, 2.377168361141599, 0.0, 0.0, 0.0, 1.0, 4.2647, 0.0, 0.5, 0.0, 4.2647, 0.5, 0.0, 0.0, 1.0]], ["frame5_mirror.png", [0.8707444071769714, -0.22117581963539124, -0.43918725848197937, 1.1245136458406313, -0.1252659559249878, -0.9634404182434082, 0.23683542013168335, -0.6119964404353802, -0.4755130112171173, -0.15120792388916016, -0.8666161298751831, 2.377168361141599, 0.0, 0.0, 0.0, 1.0, 4.2647, 0.0, 0.5, 0.0, 4.2647, 0.5, 0.0, 0.0, 1.0]], ["frame6.png", [0.8917117118835449, 0.20242103934288025, 0.4048160910606384, -1.0361987453962884, 0.12754520773887634, -0.9705518484115601, 0.20435592532157898, -0.5263797551101222, 0.4342609643936157, -0.13059420883655548, -0.8912702202796936, 2.4370507818774247, 0.0, 0.0, 0.0, 1.0, 4.2647, 0.0, 0.5, 0.0, 4.2647, 0.5, 0.0, 0.0, 1.0]], ["frame6_mirror.png", [0.8917117118835449, -0.20242103934288025, -0.4048160910606384, 1.0361987453962884, -0.12754520773887634, -0.9705518484115601, 0.20435592532157898, -0.5263797551101222, -0.4342609643936157, -0.13059420883655548, -0.8912702202796936, 2.4370507818774247, 0.0, 0.0, 0.0, 1.0, 4.2647, 0.0, 0.5, 0.0, 4.2647, 0.5, 0.0, 0.0, 1.0]], ["frame7.png", [0.8987973928451538, 0.1816520094871521, 0.3989558517932892, -1.0191338449542742, 0.11923305690288544, -0.977093517780304, 0.17627176642417908, -0.46015199788957645, 0.42183730006217957, -0.11086387932300568, -0.8998680710792542, 2.457565125262594, 0.0, 0.0, 0.0, 1.0, 4.2647, 0.0, 0.5, 0.0, 4.2647, 0.5, 0.0, 0.0, 1.0]], ["frame7_mirror.png", [0.8987973928451538, -0.1816520094871521, -0.3989558517932892, 1.0191338449542742, -0.11923305690288544, -0.977093517780304, 0.17627176642417908, -0.46015199788957645, -0.42183730006217957, -0.11086387932300568, -0.8998680710792542, 2.457565125262594, 0.0, 0.0, 0.0, 1.0, 4.2647, 0.0, 0.5, 0.0, 4.2647, 0.5, 0.0, 0.0, 1.0]], ["frame8.png", [0.9009191989898682, 0.17825716733932495, 0.39568814635276794, -1.0149996903779426, 0.12025456130504608, -0.9785870313644409, 0.1670520305633545, -0.43201782884247436, 0.41699349880218506, -0.10291706770658493, -0.9030640125274658, 2.4643733938051913, 0.0, 0.0, 0.0, 1.0, 4.2647, 0.0, 0.5, 0.0, 4.2647, 0.5, 0.0, 0.0, 1.0]], ["frame8_mirror.png", [0.9009191989898682, -0.17825716733932495, -0.39568814635276794, 1.0149996903779426, -0.12025456130504608, -0.9785870313644409, 0.1670520305633545, -0.43201782884247436, -0.41699349880218506, -0.10291706770658493, -0.9030640125274658, 2.4643733938051913, 0.0, 0.0, 0.0, 1.0, 4.2647, 0.0, 0.5, 0.0, 4.2647, 0.5, 0.0, 0.0, 1.0]], ["frame9.png", [0.9024513959884644, 0.17147919535636902, 0.3951914608478546, -1.0100101622728939, 0.1169445589184761, -0.9804298877716064, 0.15837019681930542, -0.4101096601920635, 0.414614737033844, -0.09670592099428177, -0.9048439264297485, 2.470159820481791, 0.0, 0.0, 0.0, 1.0, 4.2647, 0.0, 0.5, 0.0, 4.2647, 0.5, 0.0, 0.0, 1.0]], ["frame9_mirror.png", [0.9024513959884644, -0.17147919535636902, -0.3951914608478546, 1.0100101622728939, -0.1169445589184761, -0.9804298877716064, 0.15837019681930542, -0.4101096601920635, -0.414614737033844, -0.09670592099428177, -0.9048439264297485, 2.470159820481791, 0.0, 0.0, 0.0, 1.0, 4.2647, 0.0, 0.5, 0.0, 4.2647, 0.5, 0.0, 0.0, 1.0]]]}