{"labels": [["frame0.png", [0.9054356813430786, 0.06299585849046707, -0.4197830855846405, 1.0708829141848302, 0.01600715145468712, -0.9932902455329895, -0.11453469842672348, 0.29257719144852434, -0.42418166995048523, 0.09698425233364105, -0.9003688097000122, 2.4612209106764675, 0.0, 0.0, 0.0, 1.0, 4.2647, 0.0, 0.5, 0.0, 4.2647, 0.5, 0.0, 0.0, 1.0]], ["frame0_mirror.png", [0.9054356813430786, -0.06299585849046707, 0.4197830855846405, -1.0708829141848302, -0.01600715145468712, -0.9932902455329895, -0.11453469842672348, 0.29257719144852434, 0.42418166995048523, 0.09698425233364105, -0.9003688097000122, 2.4612209106764675, 0.0, 0.0, 0.0, 1.0, 4.2647, 0.0, 0.5, 0.0, 4.2647, 0.5, 0.0, 0.0, 1.0]], ["frame1.png", [0.9109293222427368, 0.053288497030735016, -0.40910643339157104, 1.0435950016460303, 0.009923096746206284, -0.9941662549972534, -0.10740087181329727, 0.284569331399083, -0.41244304180145264, 0.09377500414848328, -0.9061440229415894, 2.4738491805618428, 0.0, 0.0, 0.0, 1.0, 4.2647, 0.0, 0.5, 0.0, 4.2647, 0.5, 0.0, 0.0, 1.0]], ["frame1_mirror.png", [0.9109293222427368, -0.053288497030735016, 0.40910643339157104, -1.0435950016460303, -0.009923096746206284, -0.9941662549972534, -0.10740087181329727, 0.284569331399083, 0.41244304180145264, 0.09377500414848328, -0.9061440229415894, 2.4738491805618428, 0.0, 0.0, 0.0, 1.0, 4.2647, 0.0, 0.5, 0.0, 4.2647, 0.5, 0.0, 0.0, 1.0]], ["frame2.png", [0.9136651754379272, 0.05569912865757942, -0.40263327956199646, 1.025520267129362, 0.011914558708667755, -0.9938108921051025, -0.11044412851333618, 0.29485513952928744, -0.40629297494888306, 0.09611175209283829, -0.9086740612983704, 2.480195280295503, 0.0, 0.0, 0.0, 1.0, 4.2647, 0.0, 0.5, 0.0, 4.2647, 0.5, 0.0, 0.0, 1.0]], ["frame2_mirror.png", [0.9136651754379272, -0.05569912865757942, 0.40263327956199646, -1.025520267129362, -0.011914558708667755, -0.9938108921051025, -0.11044412851333618, 0.29485513952928744, 0.40629297494888306, 0.09611175209283829, -0.9086740612983704, 2.480195280295503, 0.0, 0.0, 0.0, 1.0, 4.2647, 0.0, 0.5, 0.0, 4.2647, 0.5, 0.0, 0.0, 1.0]], ["frame3.png", [0.8795441389083862, 0.048086605966091156, -0.4733812212944031, 1.2098563765323553, -0.010060690343379974, -0.9927783012390137, -0.11954036355018616, 0.31498903710133586, -0.4757108986377716, 0.10990356653928757, -0.8727085590362549, 2.3931212787215723, 0.0, 0.0, 0.0, 1.0, 4.2647, 0.0, 0.5, 0.0, 4.2647, 0.5, 0.0, 0.0, 1.0]], ["frame3_mirror.png", [0.8795441389083862, -0.048086605966091156, 0.4733812212944031, -1.2098563765323553, 0.010060690343379974, -0.9927783012390137, -0.11954036355018616, 0.31498903710133586, 0.4757108986377716, 0.10990356653928757, -0.8727085590362549, 2.3931212787215723, 0.0, 0.0, 0.0, 1.0, 4.2647, 0.0, 0.5, 0.0, 4.2647, 0.5, 0.0, 0.0, 1.0]]]}