{"frame0.png": {"intrinsics": [[2985.29, 0.0, 512.0], [0.0, 2985.29, 512.0], [0.0, 0.0, 1.0]], "pose": [[0.9678274989128113, 0.003362021641805768, 0.2515921890735626, -0.6456456184387207], [-0.017649173736572266, -0.9965407252311707, 0.08120977878570557, -0.19840340316295624], [0.25099489092826843, -0.08303745090961456, -0.9644201993942261, 2.657594680786133], [0.0, 0.0, 0.0, 1.0]]}, "frame1.png": {"intrinsics": [[2985.29, 0.0, 512.0], [0.0, 2985.29, 512.0], [0.0, 0.0, 1.0]], "pose": [[0.9606025815010071, -0.009451783262193203, 0.2777649462223053, -0.7179180383682251], [-0.03265209496021271, -0.9963383078575134, 0.07901830226182938, -0.19437140226364136], [0.2760009765625, -0.08497479557991028, -0.9573937058448792, 2.6520793437957764], [0.0, 0.0, 0.0, 1.0]]}, "frame10.png": {"intrinsics": [[2985.29, 0.0, 512.0], [0.0, 2985.29, 512.0], [0.0, 0.0, 1.0]], "pose": [[0.89851975440979, -0.2486402690410614, 0.3617183566093445, -0.9261712431907654], [-0.27879101037979126, -0.9597923159599304, 0.03277744725346565, -0.08546065539121628], [0.3390246629714966, -0.1302950084209442, -0.9317110180854797, 2.5619752407073975], [0.0, 0.0, 0.0, 1.0]]}, "frame11.png": {"intrinsics": [[2985.29, 0.0, 512.0], [0.0, 2985.29, 512.0], [0.0, 0.0, 1.0]], "pose": [[0.9030776619911194, -0.24779407680034637, 0.3507830500602722, -0.8750240206718445], [-0.27329933643341064, -0.961621880531311, 0.02430655062198639, -0.06156403198838234], [0.3312976658344269, -0.11781948804855347, -0.9361412525177002, 2.500434160232544], [0.0, 0.0, 0.0, 1.0]]}, "frame12.png": {"intrinsics": [[2985.29, 0.0, 512.0], [0.0, 2985.29, 512.0], [0.0, 0.0, 1.0]], "pose": [[0.9083237051963806, -0.24097847938537598, 0.3418733775615692, -0.8945050239562988], [-0.26318520307540894, -0.9645508527755737, 0.01936783455312252, -0.04660239815711975], [0.3250870704650879, -0.10756827145814896, -0.9395464062690735, 2.626323938369751], [0.0, 0.0, 0.0, 1.0]]}, "frame13.png": {"intrinsics": [[2985.29, 0.0, 512.0], [0.0, 2985.29, 512.0], [0.0, 0.0, 1.0]], "pose": [[0.9082461595535278, -0.24357978999614716, 0.3402319848537445, -0.8918501734733582], [-0.2678782641887665, -0.963113009929657, 0.025584174320101738, -0.06040224805474281], [0.3214500844478607, -0.11437748372554779, -0.9399934411048889, 2.634058713912964], [0.0, 0.0, 0.0, 1.0]]}, "frame14.png": {"intrinsics": [[2985.29, 0.0, 512.0], [0.0, 2985.29, 512.0], [0.0, 0.0, 1.0]], "pose": [[0.9095568060874939, -0.24042806029319763, 0.3389700651168823, -0.8872550129890442], [-0.26702308654785156, -0.9631119966506958, 0.03337619826197624, -0.07889358699321747], [0.31844156980514526, -0.12087038159370422, -0.940204918384552, 2.6383790969848633], [0.0, 0.0, 0.0, 1.0]]}, "frame15.png": {"intrinsics": [[2985.29, 0.0, 512.0], [0.0, 2985.29, 512.0], [0.0, 0.0, 1.0]], "pose": [[0.9143294095993042, -0.23427341878414154, 0.3303297460079193, -0.8491336107254028], [-0.26723188161849976, -0.9619165658950806, 0.05747738853096962, -0.14028796553611755], [0.3042842447757721, -0.14082790911197662, -0.9421139359474182, 2.6070165634155273], [0.0, 0.0, 0.0, 1.0]]}, "frame16.png": {"intrinsics": [[2985.29, 0.0, 512.0], [0.0, 2985.29, 512.0], [0.0, 0.0, 1.0]], "pose": [[0.931118905544281, -0.21359963715076447, 0.2956228256225586, -0.7488832473754883], [-0.24456661939620972, -0.9669836163520813, 0.07162245362997055, -0.17494289577007294], [0.27056393027305603, -0.13898849487304688, -0.9526160359382629, 2.5948760509490967], [0.0, 0.0, 0.0, 1.0]]}, "frame17.png": {"intrinsics": [[2985.29, 0.0, 512.0], [0.0, 2985.29, 512.0], [0.0, 0.0, 1.0]], "pose": [[0.9514111280441284, -0.16661040484905243, 0.2589551508426666, -0.6703831553459167], [-0.19659999012947083, -0.9759278893470764, 0.09440889954566956, -0.23767416179180145], [0.23699204623699188, -0.14073225855827332, -0.9612643122673035, 2.6646621227264404], [0.0, 0.0, 0.0, 1.0]]}, "frame18.png": {"intrinsics": [[2985.29, 0.0, 512.0], [0.0, 2985.29, 512.0], [0.0, 0.0, 1.0]], "pose": [[0.9617989659309387, -0.1334419995546341, 0.23903127014636993, -0.6347561478614807], [-0.16296382248401642, -0.9806756377220154, 0.10824992507696152, -0.28238508105278015], [0.2199670523405075, -0.1430681198835373, -0.9649590849876404, 2.736393690109253], [0.0, 0.0, 0.0, 1.0]]}, "frame19.png": {"intrinsics": [[2985.29, 0.0, 512.0], [0.0, 2985.29, 512.0], [0.0, 0.0, 1.0]], "pose": [[0.9644515514373779, -0.1197497770190239, 0.23556995391845703, -0.6276215314865112], [-0.15110351145267487, -0.9812270402908325, 0.11983830481767654, -0.31236469745635986], [0.21679699420928955, -0.1511736810207367, -0.9644405841827393, 2.7379064559936523], [0.0, 0.0, 0.0, 1.0]]}, "frame2.png": {"intrinsics": [[2985.29, 0.0, 512.0], [0.0, 2985.29, 512.0], [0.0, 0.0, 1.0]], "pose": [[0.9523105621337891, -0.02983888052403927, 0.30366796255111694, -0.7708591222763062], [-0.060169920325279236, -0.994029700756073, 0.09101953357458115, -0.22365331649780273], [0.2991390526294708, -0.10495053231716156, -0.9484203457832336, 2.593599319458008], [0.0, 0.0, 0.0, 1.0]]}, "frame20.png": {"intrinsics": [[2985.29, 0.0, 512.0], [0.0, 2985.29, 512.0], [0.0, 0.0, 1.0]], "pose": [[0.9641187191009521, -0.12117910385131836, 0.23620057106018066, -0.6304939389228821], [-0.1524246484041214, -0.981148898601532, 0.11880037933588028, -0.3121032416820526], [0.21735180914402008, -0.15054045617580414, -0.964414656162262, 2.748408079147339], [0.0, 0.0, 0.0, 1.0]]}, "frame21.png": {"intrinsics": [[2985.29, 0.0, 512.0], [0.0, 2985.29, 512.0], [0.0, 0.0, 1.0]], "pose": [[0.9627496600151062, -0.12350247800350189, 0.24054180085659027, -0.6363319754600525], [-0.1530798226594925, -0.9822542071342468, 0.10836668312549591, -0.2822633385658264], [0.22288963198661804, -0.14115208387374878, -0.9645705819129944, 2.725919008255005], [0.0, 0.0, 0.0, 1.0]]}, "frame22.png": {"intrinsics": [[2985.29, 0.0, 512.0], [0.0, 2985.29, 512.0], [0.0, 0.0, 1.0]], "pose": [[0.9598863124847412, -0.13041384518146515, 0.24821458756923676, -0.6450021862983704], [-0.1586879938840866, -0.9825072884559631, 0.09745551645755768, -0.2529311776161194], [0.23116308450698853, -0.13293489813804626, -0.9637904167175293, 2.681291341781616], [0.0, 0.0, 0.0, 1.0]]}, "frame23.png": {"intrinsics": [[2985.29, 0.0, 512.0], [0.0, 2985.29, 512.0], [0.0, 0.0, 1.0]], "pose": [[0.9597030282020569, -0.12620694935321808, 0.2510814964771271, -0.6513131260871887], [-0.15863662958145142, -0.9808093309402466, 0.11334608495235443, -0.2883448898792267], [0.23195800185203552, -0.14860931038856506, -0.9613067507743835, 2.6799793243408203], [0.0, 0.0, 0.0, 1.0]]}, "frame24.png": {"intrinsics": [[2985.29, 0.0, 512.0], [0.0, 2985.29, 512.0], [0.0, 0.0, 1.0]], "pose": [[0.9597126245498657, -0.12601451575756073, 0.2511414587497711, -0.6441039443016052], [-0.15923498570919037, -0.9803305268287659, 0.11660339683294296, -0.2940875291824341], [0.23150791227817535, -0.15189625322818756, -0.9609014987945557, 2.650447368621826], [0.0, 0.0, 0.0, 1.0]]}, "frame25.png": {"intrinsics": [[2985.29, 0.0, 512.0], [0.0, 2985.29, 512.0], [0.0, 0.0, 1.0]], "pose": [[0.9610092639923096, -0.1203472763299942, 0.24895323812961578, -0.6358816623687744], [-0.1540156751871109, -0.980699360370636, 0.1204482689499855, -0.29874083399772644], [0.22965267300605774, -0.1540946066379547, -0.9609966278076172, 2.636441707611084], [0.0, 0.0, 0.0, 1.0]]}, "frame26.png": {"intrinsics": [[2985.29, 0.0, 512.0], [0.0, 2985.29, 512.0], [0.0, 0.0, 1.0]], "pose": [[0.9611789584159851, -0.12016484141349792, 0.248385488986969, -0.6510860323905945], [-0.15191234648227692, -0.9819349050521851, 0.11281218379735947, -0.2859680950641632], [0.2303423136472702, -0.14616551995277405, -0.9620696902275085, 2.692098379135132], [0.0, 0.0, 0.0, 1.0]]}, "frame27.png": {"intrinsics": [[2985.29, 0.0, 512.0], [0.0, 2985.29, 512.0], [0.0, 0.0, 1.0]], "pose": [[0.9610074162483215, -0.12443023920059204, 0.24694499373435974, -0.6405041813850403], [-0.15596936643123627, -0.9813351035118103, 0.11249452084302902, -0.28095659613609314], [0.2283380627632141, -0.14662392437458038, -0.9624775648117065, 2.6716625690460205], [0.0, 0.0, 0.0, 1.0]]}, "frame28.png": {"intrinsics": [[2985.29, 0.0, 512.0], [0.0, 2985.29, 512.0], [0.0, 0.0, 1.0]], "pose": [[0.9612098932266235, -0.13465940952301025, 0.2407124936580658, -0.616584300994873], [-0.1627623438835144, -0.9814954400062561, 0.10087218135595322, -0.24646912515163422], [0.22267481684684753, -0.13613826036453247, -0.9653404951095581, 2.6454508304595947], [0.0, 0.0, 0.0, 1.0]]}, "frame29.png": {"intrinsics": [[2985.29, 0.0, 512.0], [0.0, 2985.29, 512.0], [0.0, 0.0, 1.0]], "pose": [[0.96087646484375, -0.13466520607471466, 0.24203655123710632, -0.6298460364341736], [-0.16092190146446228, -0.9826587438583374, 0.09211885929107666, -0.22694768011569977], [0.22543412446975708, -0.12746381759643555, -0.9658842086791992, 2.6744558811187744], [0.0, 0.0, 0.0, 1.0]]}, "frame3.png": {"intrinsics": [[2985.29, 0.0, 512.0], [0.0, 2985.29, 512.0], [0.0, 0.0, 1.0]], "pose": [[0.9420660734176636, -0.06857554614543915, 0.32834258675575256, -0.8524735569953918], [-0.10063145309686661, -0.9915689826011658, 0.08163454383611679, -0.20298771560192108], [0.31997621059417725, -0.10994673520326614, -0.9410243630409241, 2.6257944107055664], [0.0, 0.0, 0.0, 1.0]]}, "frame30.png": {"intrinsics": [[2985.29, 0.0, 512.0], [0.0, 2985.29, 512.0], [0.0, 0.0, 1.0]], "pose": [[0.9611620903015137, -0.13018952310085297, 0.2433476448059082, -0.6369841694831848], [-0.15728318691253662, -0.9829384088516235, 0.09536296874284744, -0.23616039752960205], [0.2267804741859436, -0.12993377447128296, -0.9652397632598877, 2.694885492324829], [0.0, 0.0, 0.0, 1.0]]}, "frame31.png": {"intrinsics": [[2985.29, 0.0, 512.0], [0.0, 2985.29, 512.0], [0.0, 0.0, 1.0]], "pose": [[0.9617984890937805, -0.12577001750469208, 0.24315756559371948, -0.6465652585029602], [-0.1530866026878357, -0.9834556579589844, 0.09684762358665466, -0.24450935423374176], [0.2269541472196579, -0.1303720623254776, -0.9651398062705994, 2.7363359928131104], [0.0, 0.0, 0.0, 1.0]]}, "frame32.png": {"intrinsics": [[2985.29, 0.0, 512.0], [0.0, 2985.29, 512.0], [0.0, 0.0, 1.0]], "pose": [[0.9620346426963806, -0.12455685436725616, 0.24284766614437103, -0.6485017538070679], [-0.14865539968013763, -0.9853571653366089, 0.08350362628698349, -0.2083684802055359], [0.22889073193073273, -0.1164340004324913, -0.9664637446403503, 2.758336305618286], [0.0, 0.0, 0.0, 1.0]]}, "frame33.png": {"intrinsics": [[2985.29, 0.0, 512.0], [0.0, 2985.29, 512.0], [0.0, 0.0, 1.0]], "pose": [[0.9625285863876343, -0.12046819180250168, 0.24295273423194885, -0.6463692784309387], [-0.14269022643566132, -0.9868466854095459, 0.07598098367452621, -0.1846202313899994], [0.23060381412506104, -0.10780085623264313, -0.9670578241348267, 2.744029998779297], [0.0, 0.0, 0.0, 1.0]]}, "frame34.png": {"intrinsics": [[2985.29, 0.0, 512.0], [0.0, 2985.29, 512.0], [0.0, 0.0, 1.0]], "pose": [[0.9627817869186401, -0.1204669177532196, 0.2419482171535492, -0.631007969379425], [-0.14082537591457367, -0.9876528978347778, 0.06862873584032059, -0.16148529946804047], [0.23069337010383606, -0.10014694184064865, -0.9678590297698975, 2.687962770462036], [0.0, 0.0, 0.0, 1.0]]}, "frame35.png": {"intrinsics": [[2985.29, 0.0, 512.0], [0.0, 2985.29, 512.0], [0.0, 0.0, 1.0]], "pose": [[0.9633538126945496, -0.11768388748168945, 0.24103915691375732, -0.6315264105796814], [-0.1382453590631485, -0.9879077076911926, 0.07018932700157166, -0.16382168233394623], [0.22986426949501038, -0.10093970596790314, -0.9679738879203796, 2.6856987476348877], [0.0, 0.0, 0.0, 1.0]]}, "frame36.png": {"intrinsics": [[2985.29, 0.0, 512.0], [0.0, 2985.29, 512.0], [0.0, 0.0, 1.0]], "pose": [[0.9643183946609497, -0.11404765397310257, 0.23892083764076233, -0.6254112124443054], [-0.13449926674365997, -0.9883618354797363, 0.07106858491897583, -0.16622227430343628], [0.22803504765033722, -0.10066741704940796, -0.9684348702430725, 2.6869826316833496], [0.0, 0.0, 0.0, 1.0]]}, "frame37.png": {"intrinsics": [[2985.29, 0.0, 512.0], [0.0, 2985.29, 512.0], [0.0, 0.0, 1.0]], "pose": [[0.9672217965126038, -0.10535469651222229, 0.2310463786125183, -0.6126084923744202], [-0.12615488469600677, -0.9890066981315613, 0.07714144885540009, -0.18518398702144623], [0.22037918865680695, -0.10376051813364029, -0.9698798060417175, 2.731370210647583], [0.0, 0.0, 0.0, 1.0]]}, "frame38.png": {"intrinsics": [[2985.29, 0.0, 512.0], [0.0, 2985.29, 512.0], [0.0, 0.0, 1.0]], "pose": [[0.9707558155059814, -0.08943044394254684, 0.22278977930545807, -0.5882628560066223], [-0.11302417516708374, -0.9889936447143555, 0.0954834595322609, -0.23406706750392914], [0.2117985486984253, -0.11787175387144089, -0.9701791405677795, 2.713139533996582], [0.0, 0.0, 0.0, 1.0]]}, "frame39.png": {"intrinsics": [[2985.29, 0.0, 512.0], [0.0, 2985.29, 512.0], [0.0, 0.0, 1.0]], "pose": [[0.9775235652923584, -0.0689360499382019, 0.19923712313175201, -0.5307448506355286], [-0.091917984187603, -0.989838182926178, 0.10849617421627045, -0.26795461773872375], [0.18973320722579956, -0.12437104433774948, -0.9739266633987427, 2.743046760559082], [0.0, 0.0, 0.0, 1.0]]}, "frame4.png": {"intrinsics": [[2985.29, 0.0, 512.0], [0.0, 2985.29, 512.0], [0.0, 0.0, 1.0]], "pose": [[0.9314682483673096, -0.11896184086799622, 0.3438240885734558, -0.8851282000541687], [-0.14797669649124146, -0.9872102737426758, 0.05931884050369263, -0.13988882303237915], [0.33236998319625854, -0.10613156855106354, -0.9371586441993713, 2.595395803451538], [0.0, 0.0, 0.0, 1.0]]}, "frame40.png": {"intrinsics": [[2985.29, 0.0, 512.0], [0.0, 2985.29, 512.0], [0.0, 0.0, 1.0]], "pose": [[0.9823746681213379, -0.046740736812353134, 0.1809842884540558, -0.4781627953052521], [-0.06933741271495819, -0.9902750253677368, 0.12061342597007751, -0.3018805980682373], [0.1735866814851761, -0.13103654980659485, -0.976061999797821, 2.7408740520477295], [0.0, 0.0, 0.0, 1.0]]}, "frame41.png": {"intrinsics": [[2985.29, 0.0, 512.0], [0.0, 2985.29, 512.0], [0.0, 0.0, 1.0]], "pose": [[0.9847047924995422, -0.03341517597436905, 0.17099672555923462, -0.45571914315223694], [-0.054709650576114655, -0.991097629070282, 0.12137746810913086, -0.30721354484558105], [0.1654185950756073, -0.12887614965438843, -0.9777666330337524, 2.7571887969970703], [0.0, 0.0, 0.0, 1.0]]}, "frame42.png": {"intrinsics": [[2985.29, 0.0, 512.0], [0.0, 2985.29, 512.0], [0.0, 0.0, 1.0]], "pose": [[0.9876177310943604, -0.019085977226495743, 0.15571419894695282, -0.41209137439727783], [-0.03658711165189743, -0.9932231903076172, 0.11031395196914673, -0.2748529613018036], [0.1525534987449646, -0.11464515328407288, -0.981623113155365, 2.7581751346588135], [0.0, 0.0, 0.0, 1.0]]}, "frame43.png": {"intrinsics": [[2985.29, 0.0, 512.0], [0.0, 2985.29, 512.0], [0.0, 0.0, 1.0]], "pose": [[0.989668071269989, -0.006957962643355131, 0.1432083696126938, -0.3767598569393158], [-0.019784986972808838, -0.9958937764167786, 0.08834106475114822, -0.21301232278347015], [0.14200563728809357, -0.09026170521974564, -0.9857419729232788, 2.7613086700439453], [0.0, 0.0, 0.0, 1.0]]}, "frame44.png": {"intrinsics": [[2985.29, 0.0, 512.0], [0.0, 2985.29, 512.0], [0.0, 0.0, 1.0]], "pose": [[0.9916571974754333, 0.001106133684515953, 0.12889833748340607, -0.3327715992927551], [-0.009262287989258766, -0.9967669248580933, 0.07981151342391968, -0.19022291898727417], [0.12856988608837128, -0.08033955842256546, -0.9884408116340637, 2.7271065711975098], [0.0, 0.0, 0.0, 1.0]]}, "frame45.png": {"intrinsics": [[2985.29, 0.0, 512.0], [0.0, 2985.29, 512.0], [0.0, 0.0, 1.0]], "pose": [[0.9923222064971924, 0.003225147258490324, 0.12363738566637039, -0.32019802927970886], [-0.007648909464478493, -0.996146023273468, 0.08737567812204361, -0.20725125074386597], [0.12344269454479218, -0.08765051513910294, -0.9884731769561768, 2.7360410690307617], [0.0, 0.0, 0.0, 1.0]]}, "frame46.png": {"intrinsics": [[2985.29, 0.0, 512.0], [0.0, 2985.29, 512.0], [0.0, 0.0, 1.0]], "pose": [[0.9904656410217285, 0.0008519195253029466, 0.1377572864294052, -0.35897234082221985], [-0.013175027444958687, -0.9948113560676575, 0.10087967664003372, -0.24333085119724274], [0.13712845742702484, -0.10173281282186508, -0.9853152632713318, 2.7417185306549072], [0.0, 0.0, 0.0, 1.0]]}, "frame47.png": {"intrinsics": [[2985.29, 0.0, 512.0], [0.0, 2985.29, 512.0], [0.0, 0.0, 1.0]], "pose": [[0.9888409376144409, -0.005633032880723476, 0.1488686203956604, -0.3839285969734192], [-0.020741667598485947, -0.9947577714920044, 0.10013329982757568, -0.23945125937461853], [0.1475241631269455, -0.10210369527339935, -0.9837740659713745, 2.703064441680908], [0.0, 0.0, 0.0, 1.0]]}, "frame48.png": {"intrinsics": [[2985.29, 0.0, 512.0], [0.0, 2985.29, 512.0], [0.0, 0.0, 1.0]], "pose": [[0.9878731369972229, -0.008938347920775414, 0.15500545501708984, -0.40196749567985535], [-0.024029649794101715, -0.9951141476631165, 0.09576158970594406, -0.2289751172065735], [0.15339218080043793, -0.09832502901554108, -0.9832614064216614, 2.7119860649108887], [0.0, 0.0, 0.0, 1.0]]}, "frame49.png": {"intrinsics": [[2985.29, 0.0, 512.0], [0.0, 2985.29, 512.0], [0.0, 0.0, 1.0]], "pose": [[0.985969066619873, -0.02210148237645626, 0.16545848548412323, -0.4236568510532379], [-0.041078824549913406, -0.9928396940231323, 0.11216846108436584, -0.27586042881011963], [0.16179466247558594, -0.11739146709442139, -0.9798172116279602, 2.691063165664673], [0.0, 0.0, 0.0, 1.0]]}, "frame5.png": {"intrinsics": [[2985.29, 0.0, 512.0], [0.0, 2985.29, 512.0], [0.0, 0.0, 1.0]], "pose": [[0.919558584690094, -0.1743028610944748, 0.35217973589897156, -0.9128089547157288], [-0.19754378497600555, -0.9798080921173096, 0.030864175409078598, -0.06534089893102646], [0.33968880772590637, -0.09795233607292175, -0.9354233741760254, 2.603614330291748], [0.0, 0.0, 0.0, 1.0]]}, "frame6.png": {"intrinsics": [[2985.29, 0.0, 512.0], [0.0, 2985.29, 512.0], [0.0, 0.0, 1.0]], "pose": [[0.9057037234306335, -0.21144351363182068, 0.36741316318511963, -0.9565931558609009], [-0.23264585435390472, -0.9724630117416382, 0.01384607795625925, -0.02474980428814888], [0.35436803102493286, -0.09801759570837021, -0.9299547672271729, 2.5958638191223145], [0.0, 0.0, 0.0, 1.0]]}, "frame7.png": {"intrinsics": [[2985.29, 0.0, 512.0], [0.0, 2985.29, 512.0], [0.0, 0.0, 1.0]], "pose": [[0.8964415788650513, -0.23443461954593658, 0.3760756552219391, -0.9658036828041077], [-0.2551221549510956, -0.9668937921524048, 0.005394503008574247, -0.004068649373948574], [0.36236056685447693, -0.10078109800815582, -0.9265732765197754, 2.551624059677124], [0.0, 0.0, 0.0, 1.0]]}, "frame8.png": {"intrinsics": [[2985.29, 0.0, 512.0], [0.0, 2985.29, 512.0], [0.0, 0.0, 1.0]], "pose": [[0.8950684666633606, -0.2381412386894226, 0.37701618671417236, -0.9816955924034119], [-0.2630540430545807, -0.9646616578102112, 0.015186826698482037, -0.033051326870918274], [0.3600764274597168, -0.11276888847351074, -0.9260821342468262, 2.5922610759735107], [0.0, 0.0, 0.0, 1.0]]}, "frame9.png": {"intrinsics": [[2985.29, 0.0, 512.0], [0.0, 2985.29, 512.0], [0.0, 0.0, 1.0]], "pose": [[0.8905705809593201, -0.24708513915538788, 0.38188087940216064, -0.9957475066184998], [-0.2700331509113312, -0.9628272652626038, 0.006764582823961973, -0.010245892219245434], [0.36601391434669495, -0.10914483666419983, -0.9241868257522583, 2.587585687637329], [0.0, 0.0, 0.0, 1.0]]}}