{"labels": [["frame0.png", [0.9994748830795288, -0.03138457238674164, 0.008061829023063183, -0.022370257208184998, -0.031231166794896126, -0.9993410110473633, -0.018497496843338013, 0.04582464371702935, 0.008637052029371262, 0.018236003816127777, -0.9997963905334473, 2.6995184151290115, 0.0, 0.0, 0.0, 1.0, 4.2647, 0.0, 0.5, 0.0, 4.2647, 0.5, 0.0, 0.0, 1.0]], ["frame0_mirror.png", [0.9994748830795288, 0.03138457238674164, -0.008061829023063183, 0.022370257208184998, 0.031231166794896126, -0.9993410110473633, -0.018497496843338013, 0.04582464371702935, -0.008637052029371262, 0.018236003816127777, -0.9997963905334473, 2.6995184151290115, 0.0, 0.0, 0.0, 1.0, 4.2647, 0.0, 0.5, 0.0, 4.2647, 0.5, 0.0, 0.0, 1.0]], ["frame1.png", [0.9998651146888733, 0.004751231987029314, -0.01572394371032715, 0.03665181656456772, 0.007137462496757507, -0.9878299236297607, 0.15537391602993011, -0.39834129106694444, -0.014794365502893925, -0.15546518564224243, -0.9877305626869202, 2.670202400600681, 0.0, 0.0, 0.0, 1.0, 4.2647, 0.0, 0.5, 0.0, 4.2647, 0.5, 0.0, 0.0, 1.0]], ["frame1_mirror.png", [0.9998651146888733, -0.004751231987029314, 0.01572394371032715, -0.03665181656456772, -0.007137462496757507, -0.9878299236297607, 0.15537391602993011, -0.39834129106694444, 0.014794365502893925, -0.15546518564224243, -0.9877305626869202, 2.670202400600681, 0.0, 0.0, 0.0, 1.0, 4.2647, 0.0, 0.5, 0.0, 4.2647, 0.5, 0.0, 0.0, 1.0]], ["frame2.png", [0.9999241232872009, -0.011567467823624611, 0.004238185938447714, -0.013187223855054582, -0.012115906924009323, -0.9856542944908142, 0.1683417558670044, -0.42544169153346173, 0.0022300980053842068, -0.16838033497333527, -0.9857195615768433, 2.6662380734345805, 0.0, 0.0, 0.0, 1.0, 4.2647, 0.0, 0.5, 0.0, 4.2647, 0.5, 0.0, 0.0, 1.0]], ["frame2_mirror.png", [0.9999241232872009, 0.011567467823624611, -0.004238185938447714, 0.013187223855054582, 0.012115906924009323, -0.9856542944908142, 0.1683417558670044, -0.42544169153346173, -0.0022300980053842068, -0.16838033497333527, -0.9857195615768433, 2.6662380734345805, 0.0, 0.0, 0.0, 1.0, 4.2647, 0.0, 0.5, 0.0, 4.2647, 0.5, 0.0, 0.0, 1.0]], ["frame3.png", [0.9996987581253052, -0.009787416085600853, 0.022506505250930786, -0.061429769442675745, -0.013570988550782204, -0.9845364689826965, 0.17465317249298096, -0.43445135109578037, 0.020449072122573853, -0.17490600049495697, -0.9843727350234985, 2.664109308372551, 0.0, 0.0, 0.0, 1.0, 4.2647, 0.0, 0.5, 0.0, 4.2647, 0.5, 0.0, 0.0, 1.0]], ["frame3_mirror.png", [0.9996987581253052, 0.009787416085600853, -0.022506505250930786, 0.061429769442675745, 0.013570988550782204, -0.9845364689826965, 0.17465317249298096, -0.43445135109578037, -0.020449072122573853, -0.17490600049495697, -0.9843727350234985, 2.664109308372551, 0.0, 0.0, 0.0, 1.0, 4.2647, 0.0, 0.5, 0.0, 4.2647, 0.5, 0.0, 0.0, 1.0]], ["frame4.png", [0.9991823434829712, -0.009175376035273075, 0.03937661647796631, -0.10466682001218507, -0.013494717888534069, -0.9937431812286377, 0.11087075620889664, -0.27420400646082216, 0.03811296820640564, -0.11131147295236588, -0.9930543899536133, 2.684000189945852, 0.0, 0.0, 0.0, 1.0, 4.2647, 0.0, 0.5, 0.0, 4.2647, 0.5, 0.0, 0.0, 1.0]], ["frame4_mirror.png", [0.9991823434829712, 0.009175376035273075, -0.03937661647796631, 0.10466682001218507, 0.013494717888534069, -0.9937431812286377, 0.11087075620889664, -0.27420400646082216, -0.03811296820640564, -0.11131147295236588, -0.9930543899536133, 2.684000189945852, 0.0, 0.0, 0.0, 1.0, 4.2647, 0.0, 0.5, 0.0, 4.2647, 0.5, 0.0, 0.0, 1.0]], ["frame5.png", [0.9988716244697571, -0.002767154946923256, 0.047410931438207626, -0.1258370090391677, -0.009601788595318794, -0.9894517660140991, 0.14454446732997894, -0.36678552703037703, 0.04651084914803505, -0.14483660459518433, -0.9883618354797363, 2.6720092485463307, 0.0, 0.0, 0.0, 1.0, 4.2647, 0.0, 0.5, 0.0, 4.2647, 0.5, 0.0, 0.0, 1.0]], ["frame5_mirror.png", [0.9988716244697571, 0.002767154946923256, -0.047410931438207626, 0.1258370090391677, 0.009601788595318794, -0.9894517660140991, 0.14454446732997894, -0.36678552703037703, -0.04651084914803505, -0.14483660459518433, -0.9883618354797363, 2.6720092485463307, 0.0, 0.0, 0.0, 1.0, 4.2647, 0.0, 0.5, 0.0, 4.2647, 0.5, 0.0, 0.0, 1.0]], ["frame6.png", [0.9990041851997375, -0.008109004236757755, 0.04387408867478371, -0.11670075177162674, -0.01384042389690876, -0.9911593198776245, 0.1319531947374344, -0.3386847953508387, 0.042416203767061234, -0.13242901861667633, -0.9902845621109009, 2.676130330147263, 0.0, 0.0, 0.0, 1.0, 4.2647, 0.0, 0.5, 0.0, 4.2647, 0.5, 0.0, 0.0, 1.0]], ["frame6_mirror.png", [0.9990041851997375, 0.008109004236757755, -0.04387408867478371, 0.11670075177162674, 0.01384042389690876, -0.9911593198776245, 0.1319531947374344, -0.3386847953508387, -0.042416203767061234, -0.13242901861667633, -0.9902845621109009, 2.676130330147263, 0.0, 0.0, 0.0, 1.0, 4.2647, 0.0, 0.5, 0.0, 4.2647, 0.5, 0.0, 0.0, 1.0]]]}