{"frame0.png": {"intrinsics": [[2985.29, 0.0, 512.0], [0.0, 2985.29, 512.0], [0.0, 0.0, 1.0]], "pose": [[0.9987684488296509, 0.021120009943842888, -0.044894132763147354, 0.12241598963737488], [0.021494047716259956, -0.9997380375862122, 0.007865159772336483, -0.01369351428002119], [-0.04471626132726669, -0.008820430375635624, -0.9989607930183411, 2.9230496883392334], [0.0, 0.0, 0.0, 1.0]]}, "frame1.png": {"intrinsics": [[2985.29, 0.0, 512.0], [0.0, 2985.29, 512.0], [0.0, 0.0, 1.0]], "pose": [[0.9988670349121094, 0.018518319353461266, -0.043837882578372955, 0.11915188282728195], [0.01917530596256256, -0.9997093677520752, 0.014613939449191093, -0.02911956049501896], [-0.04355451837182045, -0.015437987633049488, -0.9989317655563354, 2.919736623764038], [0.0, 0.0, 0.0, 1.0]]}, "frame10.png": {"intrinsics": [[2985.29, 0.0, 512.0], [0.0, 2985.29, 512.0], [0.0, 0.0, 1.0]], "pose": [[0.9996903538703918, 0.009170669130980968, -0.023132380098104477, 0.06306586414575577], [0.009377624839544296, -0.9999167919158936, 0.008854040876030922, -0.0075497254729270935], [-0.023049257695674896, -0.009068225510418415, -0.9996932148933411, 2.8449032306671143], [0.0, 0.0, 0.0, 1.0]]}, "frame11.png": {"intrinsics": [[2985.29, 0.0, 512.0], [0.0, 2985.29, 512.0], [0.0, 0.0, 1.0]], "pose": [[0.9996067881584167, 0.008896087296307087, -0.026592334732413292, 0.07156188040971756], [0.00913472380489111, -0.9999189972877502, 0.008865936659276485, -0.010028590448200703], [-0.026511307805776596, -0.009105364792048931, -0.9996070265769958, 2.8081963062286377], [0.0, 0.0, 0.0, 1.0]]}, "frame12.png": {"intrinsics": [[2985.29, 0.0, 512.0], [0.0, 2985.29, 512.0], [0.0, 0.0, 1.0]], "pose": [[0.9997291564941406, 0.008327232673764229, -0.021732481196522713, 0.05918798968195915], [0.008612141013145447, -0.9998777508735657, 0.013049332424998283, -0.021788960322737694], [-0.021621158346533775, -0.013232961297035217, -0.9996786713600159, 2.827120304107666], [0.0, 0.0, 0.0, 1.0]]}, "frame13.png": {"intrinsics": [[2985.29, 0.0, 512.0], [0.0, 2985.29, 512.0], [0.0, 0.0, 1.0]], "pose": [[0.9997166991233826, 0.0033366174902766943, -0.02356724441051483, 0.06310557574033737], [0.0034721388947218657, -0.9999776482582092, 0.005711834412068129, -0.0012827105820178986], [-0.023547660559415817, -0.005792045034468174, -0.9997059106826782, 2.8188037872314453], [0.0, 0.0, 0.0, 1.0]]}, "frame14.png": {"intrinsics": [[2985.29, 0.0, 512.0], [0.0, 2985.29, 512.0], [0.0, 0.0, 1.0]], "pose": [[0.9998752474784851, -0.0005330952117219567, -0.01578785665333271, 0.04442914202809334], [-0.00045239223982207477, -0.9999868869781494, 0.005114842671900988, 0.002128616673871875], [-0.01579037494957447, -0.00510706240311265, -0.9998623132705688, 2.8635201454162598], [0.0, 0.0, 0.0, 1.0]]}, "frame15.png": {"intrinsics": [[2985.29, 0.0, 512.0], [0.0, 2985.29, 512.0], [0.0, 0.0, 1.0]], "pose": [[0.9998213052749634, -0.0058698151260614395, -0.01796821877360344, 0.05046359822154045], [-0.00560971163213253, -0.9998793005943298, 0.014492109417915344, -0.024853987619280815], [-0.018051115795969963, -0.014388724230229855, -0.9997335076332092, 2.8645875453948975], [0.0, 0.0, 0.0, 1.0]]}, "frame16.png": {"intrinsics": [[2985.29, 0.0, 512.0], [0.0, 2985.29, 512.0], [0.0, 0.0, 1.0]], "pose": [[0.999767005443573, -0.007733017671853304, -0.020152147859334946, 0.05603208392858505], [-0.007423180155456066, -0.9998537302017212, 0.015404625795781612, -0.02844989113509655], [-0.02026832289993763, -0.015251443721354008, -0.9996781945228577, 2.859069347381592], [0.0, 0.0, 0.0, 1.0]]}, "frame17.png": {"intrinsics": [[2985.29, 0.0, 512.0], [0.0, 2985.29, 512.0], [0.0, 0.0, 1.0]], "pose": [[0.9998023509979248, -0.008344118483364582, -0.01804589107632637, 0.05112798511981964], [-0.008166083134710789, -0.9999175071716309, 0.009916943497955799, -0.011607485823333263], [-0.01812715269625187, -0.009767618961632252, -0.9997879862785339, 2.8469834327697754], [0.0, 0.0, 0.0, 1.0]]}, "frame18.png": {"intrinsics": [[2985.29, 0.0, 512.0], [0.0, 2985.29, 512.0], [0.0, 0.0, 1.0]], "pose": [[0.9997949004173279, -0.00667713163420558, -0.019120153039693832, 0.05299253761768341], [-0.00642106169834733, -0.9998893141746521, 0.013422882184386253, -0.021925102919340134], [-0.019207661971449852, -0.013297357596457005, -0.9997270703315735, 2.8593437671661377], [0.0, 0.0, 0.0, 1.0]]}, "frame19.png": {"intrinsics": [[2985.29, 0.0, 512.0], [0.0, 2985.29, 512.0], [0.0, 0.0, 1.0]], "pose": [[0.9997754693031311, -0.006904439069330692, -0.020032888278365135, 0.05425691604614258], [-0.006613433826714754, -0.9998722076416016, 0.01455643493682146, -0.024179119616746902], [-0.020130831748247147, -0.014420679770410061, -0.9996933341026306, 2.8493998050689697], [0.0, 0.0, 0.0, 1.0]]}, "frame2.png": {"intrinsics": [[2985.29, 0.0, 512.0], [0.0, 2985.29, 512.0], [0.0, 0.0, 1.0]], "pose": [[0.9988418817520142, 0.018273597583174706, -0.044508691877126694, 0.12052342295646667], [0.018970804288983345, -0.999703049659729, 0.015292777679860592, -0.02871096320450306], [-0.04421602189540863, -0.01611943170428276, -0.9988919496536255, 2.8656699657440186], [0.0, 0.0, 0.0, 1.0]]}, "frame20.png": {"intrinsics": [[2985.29, 0.0, 512.0], [0.0, 2985.29, 512.0], [0.0, 0.0, 1.0]], "pose": [[0.9997411370277405, -0.006190650165081024, -0.021891681477427483, 0.058775611221790314], [-0.005740714259445667, -0.9997721910476685, 0.020556289702653885, -0.041953932493925095], [-0.0220139492303133, -0.02042529545724392, -0.9995489716529846, 2.849029541015625], [0.0, 0.0, 0.0, 1.0]]}, "frame21.png": {"intrinsics": [[2985.29, 0.0, 512.0], [0.0, 2985.29, 512.0], [0.0, 0.0, 1.0]], "pose": [[0.9998195171356201, -0.0037579338531941175, -0.01862368732690811, 0.05027339234948158], [-0.0032734733540564775, -0.9996572732925415, 0.02597569301724434, -0.05487925186753273], [-0.018714919686317444, -0.025910040363669395, -0.9994890689849854, 2.853731632232666], [0.0, 0.0, 0.0, 1.0]]}, "frame22.png": {"intrinsics": [[2985.29, 0.0, 512.0], [0.0, 2985.29, 512.0], [0.0, 0.0, 1.0]], "pose": [[0.9996352791786194, -0.003641572082415223, -0.026759522035717964, 0.07150278240442276], [-0.002785744844004512, -0.9994855523109436, 0.03195011988282204, -0.07566510885953903], [-0.02686210535466671, -0.031863920390605927, -0.9991311430931091, 2.842686414718628], [0.0, 0.0, 0.0, 1.0]]}, "frame23.png": {"intrinsics": [[2985.29, 0.0, 512.0], [0.0, 2985.29, 512.0], [0.0, 0.0, 1.0]], "pose": [[0.9997013807296753, 0.00046896887943148613, -0.02443051151931286, 0.06553509831428528], [0.0013632564805448055, -0.9993289709091187, 0.03660157695412636, -0.08910559117794037], [-0.024396952241659164, -0.03662395477294922, -0.9990311861038208, 2.846261501312256], [0.0, 0.0, 0.0, 1.0]]}, "frame24.png": {"intrinsics": [[2985.29, 0.0, 512.0], [0.0, 2985.29, 512.0], [0.0, 0.0, 1.0]], "pose": [[0.9998289942741394, -0.002334712538868189, -0.018343128263950348, 0.04879617691040039], [-0.0018274955218657851, -0.999616801738739, 0.027619874104857445, -0.06848173588514328], [-0.018400583416223526, -0.027581628412008286, -0.999450147151947, 2.9111316204071045], [0.0, 0.0, 0.0, 1.0]]}, "frame25.png": {"intrinsics": [[2985.29, 0.0, 512.0], [0.0, 2985.29, 512.0], [0.0, 0.0, 1.0]], "pose": [[0.99982750415802, -0.000875126919709146, -0.018554702401161194, 0.05135492607951164], [-0.00035586010199040174, -0.9996087551116943, 0.027970578521490097, -0.07188037037849426], [-0.018571918830275536, -0.027959149330854416, -0.9994365572929382, 2.9042463302612305], [0.0, 0.0, 0.0, 1.0]]}, "frame26.png": {"intrinsics": [[2985.29, 0.0, 512.0], [0.0, 2985.29, 512.0], [0.0, 0.0, 1.0]], "pose": [[0.9998633861541748, -0.0005849984008818865, -0.016517311334609985, 0.045767538249492645], [-0.00012391488417051733, -0.9996106624603271, 0.027902401983737946, -0.07118982076644897], [-0.0165272019803524, -0.027896543964743614, -0.9994741678237915, 2.8972957134246826], [0.0, 0.0, 0.0, 1.0]]}, "frame27.png": {"intrinsics": [[2985.29, 0.0, 512.0], [0.0, 2985.29, 512.0], [0.0, 0.0, 1.0]], "pose": [[0.9997563362121582, 0.0027069617062807083, -0.021908333525061607, 0.05837869644165039], [0.0033540111035108566, -0.9995576739311218, 0.02955174818634987, -0.07743724435567856], [-0.021818645298480988, -0.029618028551340103, -0.9993231296539307, 2.8979082107543945], [0.0, 0.0, 0.0, 1.0]]}, "frame28.png": {"intrinsics": [[2985.29, 0.0, 512.0], [0.0, 2985.29, 512.0], [0.0, 0.0, 1.0]], "pose": [[0.9998670816421509, 0.00020420363580342382, -0.01630265824496746, 0.043672554194927216], [0.00061802938580513, -0.9996776580810547, 0.025382941588759422, -0.06389876455068588], [-0.01629221998155117, -0.025389645248651505, -0.9995448589324951, 2.8794538974761963], [0.0, 0.0, 0.0, 1.0]]}, "frame29.png": {"intrinsics": [[2985.29, 0.0, 512.0], [0.0, 2985.29, 512.0], [0.0, 0.0, 1.0]], "pose": [[0.9998173117637634, 0.00036127647035755217, -0.019111478701233864, 0.051441844552755356], [0.0009800577536225319, -0.9994751811027527, 0.03237801790237427, -0.08479601889848709], [-0.019089750945568085, -0.03239083290100098, -0.9992929697036743, 2.8845531940460205], [0.0, 0.0, 0.0, 1.0]]}, "frame3.png": {"intrinsics": [[2985.29, 0.0, 512.0], [0.0, 2985.29, 512.0], [0.0, 0.0, 1.0]], "pose": [[0.9989384412765503, 0.01679888181388378, -0.04289276897907257, 0.11618558317422867], [0.017373522743582726, -0.9997637867927551, 0.013059654273092747, -0.0249510258436203], [-0.042663250118494034, -0.01379098929464817, -0.9989943504333496, 2.888749122619629], [0.0, 0.0, 0.0, 1.0]]}, "frame30.png": {"intrinsics": [[2985.29, 0.0, 512.0], [0.0, 2985.29, 512.0], [0.0, 0.0, 1.0]], "pose": [[0.999818742275238, -0.0009117527515627444, -0.01901710219681263, 0.050086695700883865], [-0.0003392077633179724, -0.9995471835136414, 0.03008836694061756, -0.07756263762712479], [-0.01903592422604561, -0.030076462775468826, -0.999366283416748, 2.8938331604003906], [0.0, 0.0, 0.0, 1.0]]}, "frame31.png": {"intrinsics": [[2985.29, 0.0, 512.0], [0.0, 2985.29, 512.0], [0.0, 0.0, 1.0]], "pose": [[0.9997987151145935, 0.0008266939548775554, -0.020044563338160515, 0.05383848398923874], [0.0014188203494995832, -0.9995624423027039, 0.029544295743107796, -0.07664459198713303], [-0.02001136727631092, -0.02956678904592991, -0.9993624091148376, 2.884462833404541], [0.0, 0.0, 0.0, 1.0]]}, "frame32.png": {"intrinsics": [[2985.29, 0.0, 512.0], [0.0, 2985.29, 512.0], [0.0, 0.0, 1.0]], "pose": [[0.9998626708984375, 0.0007804087363183498, -0.016553785651922226, 0.04492637887597084], [0.0011921569239348173, -0.9996898174285889, 0.02487809583544731, -0.06495542824268341], [-0.016529235988855362, -0.024894412606954575, -0.9995534420013428, 2.9084525108337402], [0.0, 0.0, 0.0, 1.0]]}, "frame33.png": {"intrinsics": [[2985.29, 0.0, 512.0], [0.0, 2985.29, 512.0], [0.0, 0.0, 1.0]], "pose": [[0.9998667240142822, -0.0012520249001681805, -0.01627914234995842, 0.04441237449645996], [-0.0008698756573721766, -0.9997243881225586, 0.02346070110797882, -0.05896357074379921], [-0.016304029151797295, -0.02344341203570366, -0.9995922446250916, 2.9246902465820312], [0.0, 0.0, 0.0, 1.0]]}, "frame34.png": {"intrinsics": [[2985.29, 0.0, 512.0], [0.0, 2985.29, 512.0], [0.0, 0.0, 1.0]], "pose": [[0.9997924566268921, -0.0011757962638512254, -0.02033880166709423, 0.05459456890821457], [-0.0007807458750903606, -0.9998111128807068, 0.019420528784394264, -0.04852146655321121], [-0.02035779319703579, -0.019400618970394135, -0.9996045827865601, 2.911592483520508], [0.0, 0.0, 0.0, 1.0]]}, "frame35.png": {"intrinsics": [[2985.29, 0.0, 512.0], [0.0, 2985.29, 512.0], [0.0, 0.0, 1.0]], "pose": [[0.999710202217102, -0.00010065587412100285, -0.024072973057627678, 0.06523419916629791], [0.00032061091042123735, -0.9998469352722168, 0.01749507337808609, -0.04319583252072334], [-0.024071048945188522, -0.017497722059488297, -0.9995571374893188, 2.9096391201019287], [0.0, 0.0, 0.0, 1.0]]}, "frame36.png": {"intrinsics": [[2985.29, 0.0, 512.0], [0.0, 2985.29, 512.0], [0.0, 0.0, 1.0]], "pose": [[0.9996218681335449, 0.001989268232136965, -0.027425803244113922, 0.07426171749830246], [0.002639767713844776, -0.9997155666351318, 0.023702753707766533, -0.05920589342713356], [-0.02737085148692131, -0.02376618981361389, -0.9993427991867065, 2.9250831604003906], [0.0, 0.0, 0.0, 1.0]]}, "frame37.png": {"intrinsics": [[2985.29, 0.0, 512.0], [0.0, 2985.29, 512.0], [0.0, 0.0, 1.0]], "pose": [[0.9996837377548218, 0.0006464370526373386, -0.02513977885246277, 0.06819363683462143], [0.001099910819903016, -0.9998369216918945, 0.01802845112979412, -0.046286582946777344], [-0.025124024599790573, -0.01805040054023266, -0.9995213747024536, 2.920586585998535], [0.0, 0.0, 0.0, 1.0]]}, "frame38.png": {"intrinsics": [[2985.29, 0.0, 512.0], [0.0, 2985.29, 512.0], [0.0, 0.0, 1.0]], "pose": [[0.9994314312934875, 0.0024360723327845335, -0.03362873196601868, 0.09128377586603165], [0.0034617302007973194, -0.9995295405387878, 0.030475005507469177, -0.07637988030910492], [-0.03353867307305336, -0.030574090778827667, -0.9989696741104126, 2.8964905738830566], [0.0, 0.0, 0.0, 1.0]]}, "frame39.png": {"intrinsics": [[2985.29, 0.0, 512.0], [0.0, 2985.29, 512.0], [0.0, 0.0, 1.0]], "pose": [[0.9994540810585022, 0.00392250157892704, -0.03280450776219368, 0.08912692964076996], [0.0049622454680502415, -0.999485969543457, 0.03167404234409332, -0.07926220446825027], [-0.03266340121626854, -0.03181953728199005, -0.9989597797393799, 2.8931260108947754], [0.0, 0.0, 0.0, 1.0]]}, "frame4.png": {"intrinsics": [[2985.29, 0.0, 512.0], [0.0, 2985.29, 512.0], [0.0, 0.0, 1.0]], "pose": [[0.9990416169166565, 0.015721933916211128, -0.04084978252649307, 0.11329285055398941], [0.016326965764164925, -0.9997612237930298, 0.014519966207444668, -0.028912587091326714], [-0.04061174765229225, -0.015173003077507019, -0.9990597367286682, 2.8955698013305664], [0.0, 0.0, 0.0, 1.0]]}, "frame40.png": {"intrinsics": [[2985.29, 0.0, 512.0], [0.0, 2985.29, 512.0], [0.0, 0.0, 1.0]], "pose": [[0.9994003772735596, 0.004918116610497236, -0.03427356854081154, 0.09355004876852036], [0.0058716763742268085, -0.999596893787384, 0.02777712792158127, -0.06906954199075699], [-0.034123145043849945, -0.027961716055870056, -0.9990264177322388, 2.8997044563293457], [0.0, 0.0, 0.0, 1.0]]}, "frame41.png": {"intrinsics": [[2985.29, 0.0, 512.0], [0.0, 2985.29, 512.0], [0.0, 0.0, 1.0]], "pose": [[0.9992069602012634, 0.010094971396028996, -0.038517437875270844, 0.10464732348918915], [0.010943965055048466, -0.9997003674507141, 0.021894970908761024, -0.05610569193959236], [-0.038284868001937866, -0.022299140691757202, -0.9990180134773254, 2.92020320892334], [0.0, 0.0, 0.0, 1.0]]}, "frame42.png": {"intrinsics": [[2985.29, 0.0, 512.0], [0.0, 2985.29, 512.0], [0.0, 0.0, 1.0]], "pose": [[0.9990572333335876, 0.012836987152695656, -0.041469842195510864, 0.11342953890562057], [0.013528992421925068, -0.9997731447219849, 0.01644960418343544, -0.04182654991745949], [-0.04124927148222923, -0.01699514128267765, -0.9990043044090271, 2.892698049545288], [0.0, 0.0, 0.0, 1.0]]}, "frame43.png": {"intrinsics": [[2985.29, 0.0, 512.0], [0.0, 2985.29, 512.0], [0.0, 0.0, 1.0]], "pose": [[0.9990671277046204, 0.011761465109884739, -0.04155176505446434, 0.11441008746623993], [0.012548484839498997, -0.9997458457946777, 0.018730906769633293, -0.046768687665462494], [-0.04132090136408806, -0.019234847277402878, -0.9989607930183411, 2.920252561569214], [0.0, 0.0, 0.0, 1.0]]}, "frame44.png": {"intrinsics": [[2985.29, 0.0, 512.0], [0.0, 2985.29, 512.0], [0.0, 0.0, 1.0]], "pose": [[0.9991942048072815, 0.009885747916996479, -0.03890054672956467, 0.10625895112752914], [0.01063932292163372, -0.9997588396072388, 0.019212715327739716, -0.04784506559371948], [-0.03870123252272606, -0.019611109048128128, -0.9990583658218384, 2.8998782634735107], [0.0, 0.0, 0.0, 1.0]]}, "frame45.png": {"intrinsics": [[2985.29, 0.0, 512.0], [0.0, 2985.29, 512.0], [0.0, 0.0, 1.0]], "pose": [[0.9992471933364868, 0.007788666989654303, -0.03800392150878906, 0.10560603439807892], [0.008690288290381432, -0.9996833205223083, 0.023617194965481758, -0.05965569242835045], [-0.03780794143676758, -0.02392967976629734, -0.9989984631538391, 2.95639705657959], [0.0, 0.0, 0.0, 1.0]]}, "frame46.png": {"intrinsics": [[2985.29, 0.0, 512.0], [0.0, 2985.29, 512.0], [0.0, 0.0, 1.0]], "pose": [[0.9990826845169067, 0.01053638570010662, -0.04150651395320892, 0.11168262362480164], [0.011489302851259708, -0.9996743202209473, 0.022787002846598625, -0.05613590404391289], [-0.041252899914979935, -0.023242980241775513, -0.9988783597946167, 2.912839889526367], [0.0, 0.0, 0.0, 1.0]]}, "frame47.png": {"intrinsics": [[2985.29, 0.0, 512.0], [0.0, 2985.29, 512.0], [0.0, 0.0, 1.0]], "pose": [[0.9991951584815979, 0.009669109247624874, -0.03893107548356056, 0.10613707453012466], [0.011034724302589893, -0.9993258118629456, 0.03501707315444946, -0.08943996578454971], [-0.03856624290347099, -0.03541848435997963, -0.9986281394958496, 2.895961284637451], [0.0, 0.0, 0.0, 1.0]]}, "frame48.png": {"intrinsics": [[2985.29, 0.0, 512.0], [0.0, 2985.29, 512.0], [0.0, 0.0, 1.0]], "pose": [[0.9991143345832825, 0.007695621810853481, -0.0413665696978569, 0.11403004080057144], [0.009537344798445702, -0.9989633560180664, 0.04451068863272667, -0.11773791164159775], [-0.040981147438287735, -0.044865794479846954, -0.9981520771980286, 2.945852279663086], [0.0, 0.0, 0.0, 1.0]]}, "frame49.png": {"intrinsics": [[2985.29, 0.0, 512.0], [0.0, 2985.29, 512.0], [0.0, 0.0, 1.0]], "pose": [[0.9991633296012878, 0.005399070214480162, -0.04053902253508568, 0.11155596375465393], [0.007425458170473576, -0.9987214207649231, 0.05000315234065056, -0.13288980722427368], [-0.04021722078323364, -0.050262339413166046, -0.9979259371757507, 2.9389748573303223], [0.0, 0.0, 0.0, 1.0]]}, "frame5.png": {"intrinsics": [[2985.29, 0.0, 512.0], [0.0, 2985.29, 512.0], [0.0, 0.0, 1.0]], "pose": [[0.9991068840026855, 0.017743941396474838, -0.03834814578294754, 0.10304456204175949], [0.018254155293107033, -0.9997488856315613, 0.012995850294828415, -0.019308174028992653], [-0.038107916712760925, -0.013684256933629513, -0.9991798996925354, 2.8471486568450928], [0.0, 0.0, 0.0, 1.0]]}, "frame6.png": {"intrinsics": [[2985.29, 0.0, 512.0], [0.0, 2985.29, 512.0], [0.0, 0.0, 1.0]], "pose": [[0.999437153339386, 0.013806633651256561, -0.030573327094316483, 0.0838538184762001], [0.014160203747451305, -0.9998349547386169, 0.011378481984138489, -0.01682770997285843], [-0.030411183834075928, -0.011805002577602863, -0.9994677901268005, 2.8588082790374756], [0.0, 0.0, 0.0, 1.0]]}, "frame7.png": {"intrinsics": [[2985.29, 0.0, 512.0], [0.0, 2985.29, 512.0], [0.0, 0.0, 1.0]], "pose": [[0.9994909763336182, 0.013079392723739147, -0.02909918874502182, 0.07913287729024887], [0.013370967470109463, -0.9998621344566345, 0.009848090820014477, -0.011889559216797352], [-0.028966370970010757, -0.010232162661850452, -0.9995279908180237, 2.862541437149048], [0.0, 0.0, 0.0, 1.0]]}, "frame8.png": {"intrinsics": [[2985.29, 0.0, 512.0], [0.0, 2985.29, 512.0], [0.0, 0.0, 1.0]], "pose": [[0.9995675683021545, 0.012690211646258831, -0.026525666937232018, 0.07331026345491409], [0.013131904415786266, -0.9997768998146057, 0.01654418371617794, -0.028411706909537315], [-0.026309799402952194, -0.016885360702872276, -0.9995112419128418, 2.8540687561035156], [0.0, 0.0, 0.0, 1.0]]}, "frame9.png": {"intrinsics": [[2985.29, 0.0, 512.0], [0.0, 2985.29, 512.0], [0.0, 0.0, 1.0]], "pose": [[0.9996045827865601, 0.01062895730137825, -0.026032106950879097, 0.07067722827196121], [0.01090958807617426, -0.9998836517333984, 0.010661981999874115, -0.012072398327291012], [-0.025915751233696938, -0.010941766202449799, -0.9996042251586914, 2.8438963890075684], [0.0, 0.0, 0.0, 1.0]]}}