{"labels": [["frame0.png", [0.9095637202262878, -0.12204811722040176, 0.39723822474479675, -1.0009720543007785, -0.10679949820041656, -0.9924455881118774, -0.06037978455424309, 0.1533660691895304, 0.40160655975341797, 0.012494411319494247, -0.9157270789146423, 2.5029050711783367, 0.0, 0.0, 0.0, 1.0, 4.2647, 0.0, 0.5, 0.0, 4.2647, 0.5, 0.0, 0.0, 1.0]], ["frame0_mirror.png", [0.9095637202262878, 0.12204811722040176, -0.39723822474479675, 1.0009720543007785, 0.10679949820041656, -0.9924455881118774, -0.06037978455424309, 0.1533660691895304, -0.40160655975341797, 0.012494411319494247, -0.9157270789146423, 2.5029050711783367, 0.0, 0.0, 0.0, 1.0, 4.2647, 0.0, 0.5, 0.0, 4.2647, 0.5, 0.0, 0.0, 1.0]], ["frame1.png", [0.9240796566009521, -0.13089586794376373, 0.3590865135192871, -0.9154370768575217, -0.11766550689935684, -0.9913251399993896, -0.05855986475944519, 0.14077630937858784, 0.36363673210144043, 0.011861875653266907, -0.9314653277397156, 2.5361697476770555, 0.0, 0.0, 0.0, 1.0, 4.2647, 0.0, 0.5, 0.0, 4.2647, 0.5, 0.0, 0.0, 1.0]], ["frame1_mirror.png", [0.9240796566009521, 0.13089586794376373, -0.3590865135192871, 0.9154370768575217, 0.11766550689935684, -0.9913251399993896, -0.05855986475944519, 0.14077630937858784, -0.36363673210144043, 0.011861875653266907, -0.9314653277397156, 2.5361697476770555, 0.0, 0.0, 0.0, 1.0, 4.2647, 0.0, 0.5, 0.0, 4.2647, 0.5, 0.0, 0.0, 1.0]], ["frame2.png", [0.9485362768173218, -0.12882152199745178, 0.2892818748950958, -0.7359480856988048, -0.12290861457586288, -0.9916672706604004, -0.038594845682382584, 0.08849855078147517, 0.2918432056903839, 0.0010533705353736877, -0.9564656019210815, 2.59625661706732, 0.0, 0.0, 0.0, 1.0, 4.2647, 0.0, 0.5, 0.0, 4.2647, 0.5, 0.0, 0.0, 1.0]], ["frame2_mirror.png", [0.9485362768173218, 0.12882152199745178, -0.2892818748950958, 0.7359480856988048, 0.12290861457586288, -0.9916672706604004, -0.038594845682382584, 0.08849855078147517, -0.2918432056903839, 0.0010533705353736877, -0.9564656019210815, 2.59625661706732, 0.0, 0.0, 0.0, 1.0, 4.2647, 0.0, 0.5, 0.0, 4.2647, 0.5, 0.0, 0.0, 1.0]], ["frame3.png", [0.9866086840629578, -0.13451874256134033, 0.09223879873752594, -0.23171467503691173, -0.14588533341884613, -0.9806960821151733, 0.1302024871110916, -0.33912581294369243, 0.0729435533285141, -0.1419151872396469, -0.9871875643730164, 2.668576772807524, 0.0, 0.0, 0.0, 1.0, 4.2647, 0.0, 0.5, 0.0, 4.2647, 0.5, 0.0, 0.0, 1.0]], ["frame3_mirror.png", [0.9866086840629578, 0.13451874256134033, -0.09223879873752594, 0.23171467503691173, 0.14588533341884613, -0.9806960821151733, 0.1302024871110916, -0.33912581294369243, -0.0729435533285141, -0.1419151872396469, -0.9871875643730164, 2.668576772807524, 0.0, 0.0, 0.0, 1.0, 4.2647, 0.0, 0.5, 0.0, 4.2647, 0.5, 0.0, 0.0, 1.0]], ["frame4.png", [0.9857485890388489, -0.031018437817692757, 0.16534076631069183, -0.41692180495210684, -0.058237239718437195, -0.9850021600723267, 0.16241636872291565, -0.41312358342477146, 0.1578231155872345, -0.16973070800304413, -0.9727709889411926, 2.635432623569374, 0.0, 0.0, 0.0, 1.0, 4.2647, 0.0, 0.5, 0.0, 4.2647, 0.5, 0.0, 0.0, 1.0]], ["frame4_mirror.png", [0.9857485890388489, 0.031018437817692757, -0.16534076631069183, 0.41692180495210684, 0.058237239718437195, -0.9850021600723267, 0.16241636872291565, -0.41312358342477146, -0.1578231155872345, -0.16973070800304413, -0.9727709889411926, 2.635432623569374, 0.0, 0.0, 0.0, 1.0, 4.2647, 0.0, 0.5, 0.0, 4.2647, 0.5, 0.0, 0.0, 1.0]], ["frame5.png", [0.9886864423751831, 0.05535266920924187, 0.13940992951393127, -0.3548805782973362, 0.0469890832901001, -0.9969326853752136, 0.0625881627202034, -0.15571302105070975, 0.14244674146175385, -0.055329330265522, -0.9882548451423645, 2.6720428945326855, 0.0, 0.0, 0.0, 1.0, 4.2647, 0.0, 0.5, 0.0, 4.2647, 0.5, 0.0, 0.0, 1.0]], ["frame5_mirror.png", [0.9886864423751831, -0.05535266920924187, -0.13940992951393127, 0.3548805782973362, -0.0469890832901001, -0.9969326853752136, 0.0625881627202034, -0.15571302105070975, -0.14244674146175385, -0.055329330265522, -0.9882548451423645, 2.6720428945326855, 0.0, 0.0, 0.0, 1.0, 4.2647, 0.0, 0.5, 0.0, 4.2647, 0.5, 0.0, 0.0, 1.0]]]}