{"labels": [["frame0.png", [0.9883248805999756, 0.022458476945757866, 0.1506965160369873, -0.3869918874064082, 0.05049087852239609, -0.9814651608467102, -0.1848694533109665, 0.48778265063321613, 0.14375150203704834, 0.19031989574432373, -0.971140444278717, 2.627223889359805, 0.0, 0.0, 0.0, 1.0, 4.2647, 0.0, 0.5, 0.0, 4.2647, 0.5, 0.0, 0.0, 1.0]], ["frame0_mirror.png", [0.9883248805999756, -0.022458476945757866, -0.1506965160369873, 0.3869918874064082, -0.05049087852239609, -0.9814651608467102, -0.1848694533109665, 0.48778265063321613, -0.14375150203704834, 0.19031989574432373, -0.971140444278717, 2.627223889359805, 0.0, 0.0, 0.0, 1.0, 4.2647, 0.0, 0.5, 0.0, 4.2647, 0.5, 0.0, 0.0, 1.0]], ["frame1.png", [0.9153666496276855, -0.06601450592279434, 0.3971725106239319, -1.0169493722376095, 0.022359289228916168, -0.976609468460083, -0.21385502815246582, 0.5653157112133347, 0.40199998021125793, 0.20463624596595764, -0.8924797177314758, 2.436438409022665, 0.0, 0.0, 0.0, 1.0, 4.2647, 0.0, 0.5, 0.0, 4.2647, 0.5, 0.0, 0.0, 1.0]], ["frame1_mirror.png", [0.9153666496276855, 0.06601450592279434, -0.3971725106239319, 1.0169493722376095, -0.022359289228916168, -0.976609468460083, -0.21385502815246582, 0.5653157112133347, -0.40199998021125793, 0.20463624596595764, -0.8924797177314758, 2.436438409022665, 0.0, 0.0, 0.0, 1.0, 4.2647, 0.0, 0.5, 0.0, 4.2647, 0.5, 0.0, 0.0, 1.0]], ["frame2.png", [0.8428604602813721, -0.11007042229175568, 0.5267549157142639, -1.3603165556344412, 0.03706634044647217, -0.964658260345459, -0.2608843147754669, 0.6891839437065806, 0.5368541479110718, 0.23941394686698914, -0.808992326259613, 2.2281302386090216, 0.0, 0.0, 0.0, 1.0, 4.2647, 0.0, 0.5, 0.0, 4.2647, 0.5, 0.0, 0.0, 1.0]], ["frame2_mirror.png", [0.8428604602813721, 0.11007042229175568, -0.5267549157142639, 1.3603165556344412, -0.03706634044647217, -0.964658260345459, -0.2608843147754669, 0.6891839437065806, -0.5368541479110718, 0.23941394686698914, -0.808992326259613, 2.2281302386090216, 0.0, 0.0, 0.0, 1.0, 4.2647, 0.0, 0.5, 0.0, 4.2647, 0.5, 0.0, 0.0, 1.0]], ["frame3.png", [0.9772787094116211, 0.027613027021288872, 0.21015183627605438, -0.5383913373909485, 0.06747628003358841, -0.980426013469696, -0.1849643737077713, 0.48917853371213366, 0.2009309083223343, 0.19494201242923737, -0.9600127339363098, 2.600161366142039, 0.0, 0.0, 0.0, 1.0, 4.2647, 0.0, 0.5, 0.0, 4.2647, 0.5, 0.0, 0.0, 1.0]], ["frame3_mirror.png", [0.9772787094116211, -0.027613027021288872, -0.21015183627605438, 0.5383913373909485, -0.06747628003358841, -0.980426013469696, -0.1849643737077713, 0.48917853371213366, -0.2009309083223343, 0.19494201242923737, -0.9600127339363098, 2.600161366142039, 0.0, 0.0, 0.0, 1.0, 4.2647, 0.0, 0.5, 0.0, 4.2647, 0.5, 0.0, 0.0, 1.0]], ["frame4.png", [0.9297824501991272, -0.12752237915992737, 0.34531518816947937, -0.8900253629793978, 0.0012098848819732666, -0.9370138049125671, -0.3492901027202606, 0.9179027708784389, 0.368107408285141, 0.32518160343170166, -0.8710647821426392, 2.3780894340766654, 0.0, 0.0, 0.0, 1.0, 4.2647, 0.0, 0.5, 0.0, 4.2647, 0.5, 0.0, 0.0, 1.0]], ["frame4_mirror.png", [0.9297824501991272, 0.12752237915992737, -0.34531518816947937, 0.8900253629793978, -0.0012098848819732666, -0.9370138049125671, -0.3492901027202606, 0.9179027708784389, -0.368107408285141, 0.32518160343170166, -0.8710647821426392, 2.3780894340766654, 0.0, 0.0, 0.0, 1.0, 4.2647, 0.0, 0.5, 0.0, 4.2647, 0.5, 0.0, 0.0, 1.0]], ["frame5.png", [0.9115541577339172, -0.0665319412946701, 0.40576156973838806, -1.045694488188494, 0.10612610727548599, -0.9153176546096802, -0.3884980082511902, 1.019542238147851, 0.3972482681274414, 0.397198885679245, -0.8273009061813354, 2.270915379754313, 0.0, 0.0, 0.0, 1.0, 4.2647, 0.0, 0.5, 0.0, 4.2647, 0.5, 0.0, 0.0, 1.0]], ["frame5_mirror.png", [0.9115541577339172, 0.0665319412946701, -0.40576156973838806, 1.045694488188494, -0.10612610727548599, -0.9153176546096802, -0.3884980082511902, 1.019542238147851, -0.3972482681274414, 0.397198885679245, -0.8273009061813354, 2.270915379754313, 0.0, 0.0, 0.0, 1.0, 4.2647, 0.0, 0.5, 0.0, 4.2647, 0.5, 0.0, 0.0, 1.0]], ["frame6.png", [0.9787017107009888, -0.0251556895673275, 0.20374050736427307, -0.5209631468899245, 0.006035372614860535, -0.9885088205337524, -0.1510423719882965, 0.40047130358233457, 0.20519886910915375, 0.14905507862567902, -0.967303454875946, 2.618820370813854, 0.0, 0.0, 0.0, 1.0, 4.2647, 0.0, 0.5, 0.0, 4.2647, 0.5, 0.0, 0.0, 1.0]], ["frame6_mirror.png", [0.9787017107009888, 0.0251556895673275, -0.20374050736427307, 0.5209631468899245, -0.006035372614860535, -0.9885088205337524, -0.1510423719882965, 0.40047130358233457, -0.20519886910915375, 0.14905507862567902, -0.967303454875946, 2.618820370813854, 0.0, 0.0, 0.0, 1.0, 4.2647, 0.0, 0.5, 0.0, 4.2647, 0.5, 0.0, 0.0, 1.0]], ["frame7.png", [0.9665647149085999, 0.16180557012557983, 0.19892632961273193, -0.5143754139945791, 0.2001604586839676, -0.9609852433204651, -0.19090110063552856, 0.498412758523507, 0.160276398062706, 0.2243354618549347, -0.9612414240837097, 2.6032676880449492, 0.0, 0.0, 0.0, 1.0, 4.2647, 0.0, 0.5, 0.0, 4.2647, 0.5, 0.0, 0.0, 1.0]], ["frame7_mirror.png", [0.9665647149085999, -0.16180557012557983, -0.19892632961273193, 0.5143754139945791, -0.2001604586839676, -0.9609852433204651, -0.19090110063552856, 0.498412758523507, -0.160276398062706, 0.2243354618549347, -0.9612414240837097, 2.6032676880449492, 0.0, 0.0, 0.0, 1.0, 4.2647, 0.0, 0.5, 0.0, 4.2647, 0.5, 0.0, 0.0, 1.0]], ["frame8.png", [0.9510047435760498, 0.08453052490949631, 0.29739633202552795, -0.7670085030475969, 0.15557216107845306, -0.9620863199234009, -0.2240249663591385, 0.5875220514530985, 0.26718398928642273, 0.2593154013156891, -0.9280992746353149, 2.5212131594351614, 0.0, 0.0, 0.0, 1.0, 4.2647, 0.0, 0.5, 0.0, 4.2647, 0.5, 0.0, 0.0, 1.0]], ["frame8_mirror.png", [0.9510047435760498, -0.08453052490949631, -0.29739633202552795, 0.7670085030475969, -0.15557216107845306, -0.9620863199234009, -0.2240249663591385, 0.5875220514530985, -0.26718398928642273, 0.2593154013156891, -0.9280992746353149, 2.5212131594351614, 0.0, 0.0, 0.0, 1.0, 4.2647, 0.0, 0.5, 0.0, 4.2647, 0.5, 0.0, 0.0, 1.0]]]}