{"labels": [["frame0.png", [0.9892898201942444, -0.1315045803785324, 0.0633421316742897, -0.16585875365118505, -0.1158611848950386, -0.9714123010635376, -0.20720621943473816, 0.5342185051683362, 0.08877988904714584, 0.19764810800552368, -0.9762445092201233, 2.641420349465981, 0.0, 0.0, 0.0, 1.0, 4.2647, 0.0, 0.5, 0.0, 4.2647, 0.5, 0.0, 0.0, 1.0]], ["frame0_mirror.png", [0.9892898201942444, 0.1315045803785324, -0.0633421316742897, 0.16585875365118505, 0.1158611848950386, -0.9714123010635376, -0.20720621943473816, 0.5342185051683362, -0.08877988904714584, 0.19764810800552368, -0.9762445092201233, 2.641420349465981, 0.0, 0.0, 0.0, 1.0, 4.2647, 0.0, 0.5, 0.0, 4.2647, 0.5, 0.0, 0.0, 1.0]], ["frame1.png", [0.994124174118042, -0.08613578230142593, 0.06555696576833725, -0.1696113783464884, -0.08220581710338593, -0.9947799444198608, -0.060456786304712296, 0.16098596977903873, 0.07042224705219269, 0.054712388664484024, -0.9960156679153442, 2.6898541778077316, 0.0, 0.0, 0.0, 1.0, 4.2647, 0.0, 0.5, 0.0, 4.2647, 0.5, 0.0, 0.0, 1.0]], ["frame1_mirror.png", [0.994124174118042, 0.08613578230142593, -0.06555696576833725, 0.1696113783464884, 0.08220581710338593, -0.9947799444198608, -0.060456786304712296, 0.16098596977903873, -0.07042224705219269, 0.054712388664484024, -0.9960156679153442, 2.6898541778077316, 0.0, 0.0, 0.0, 1.0, 4.2647, 0.0, 0.5, 0.0, 4.2647, 0.5, 0.0, 0.0, 1.0]]]}