{"labels": [["frame0.png", [0.872677743434906, -0.021140506491065025, -0.48783865571022034, 1.2620275310381508, 0.10251334309577942, -0.9688653349876404, 0.22536839544773102, -0.5906726008665918, -0.4774143695831299, -0.24668395519256592, -0.8433400988578796, 2.3126591598173833, 0.0, 0.0, 0.0, 1.0, 4.2647, 0.0, 0.5, 0.0, 4.2647, 0.5, 0.0, 0.0, 1.0]], ["frame0_mirror.png", [0.872677743434906, 0.021140506491065025, 0.48783865571022034, -1.2620275310381508, -0.10251334309577942, -0.9688653349876404, 0.22536839544773102, -0.5906726008665918, 0.4774143695831299, -0.24668395519256592, -0.8433400988578796, 2.3126591598173833, 0.0, 0.0, 0.0, 1.0, 4.2647, 0.0, 0.5, 0.0, 4.2647, 0.5, 0.0, 0.0, 1.0]], ["frame1.png", [0.8690052032470703, -0.04559583216905594, -0.49269765615463257, 1.2714405272464882, 0.10186535865068436, -0.957929790019989, 0.26831692457199097, -0.6800825632602279, -0.48420390486717224, -0.2833576202392578, -0.8278013467788696, 2.282745428825687, 0.0, 0.0, 0.0, 1.0, 4.2647, 0.0, 0.5, 0.0, 4.2647, 0.5, 0.0, 0.0, 1.0]], ["frame1_mirror.png", [0.8690052032470703, 0.04559583216905594, 0.49269765615463257, -1.2714405272464882, -0.10186535865068436, -0.957929790019989, 0.26831692457199097, -0.6800825632602279, 0.48420390486717224, -0.2833576202392578, -0.8278013467788696, 2.282745428825687, 0.0, 0.0, 0.0, 1.0, 4.2647, 0.0, 0.5, 0.0, 4.2647, 0.5, 0.0, 0.0, 1.0]], ["frame10.png", [0.6040014624595642, -0.10005117952823639, -0.7906782031059265, 2.057835533657278, 0.09624254703521729, -0.97567218542099, 0.19697998464107513, -0.5071553568807059, -0.7911508083343506, -0.19507308304309845, -0.5796782374382019, 1.6727541243125577, 0.0, 0.0, 0.0, 1.0, 4.2647, 0.0, 0.5, 0.0, 4.2647, 0.5, 0.0, 0.0, 1.0]], ["frame10_mirror.png", [0.6040014624595642, 0.10005117952823639, 0.7906782031059265, -2.057835533657278, -0.09624254703521729, -0.97567218542099, 0.19697998464107513, -0.5071553568807059, 0.7911508083343506, -0.19507308304309845, -0.5796782374382019, 1.6727541243125577, 0.0, 0.0, 0.0, 1.0, 4.2647, 0.0, 0.5, 0.0, 4.2647, 0.5, 0.0, 0.0, 1.0]], ["frame11.png", [0.5902762413024902, -0.08425887674093246, -0.8027916550636292, 2.088574547480685, 0.099710613489151, -0.9793091416358948, 0.17610083520412445, -0.452914330125691, -0.8010193109512329, -0.18399496376514435, -0.5696613788604736, 1.6500681710713196, 0.0, 0.0, 0.0, 1.0, 4.2647, 0.0, 0.5, 0.0, 4.2647, 0.5, 0.0, 0.0, 1.0]], ["frame11_mirror.png", [0.5902762413024902, 0.08425887674093246, 0.8027916550636292, -2.088574547480685, -0.099710613489151, -0.9793091416358948, 0.17610083520412445, -0.452914330125691, 0.8010193109512329, -0.18399496376514435, -0.5696613788604736, 1.6500681710713196, 0.0, 0.0, 0.0, 1.0, 4.2647, 0.0, 0.5, 0.0, 4.2647, 0.5, 0.0, 0.0, 1.0]], ["frame12.png", [0.5894166231155396, -0.08954599499702454, -0.8028509020805359, 2.094040266734413, 0.09640930593013763, -0.9789370894432068, 0.17996510863304138, -0.4633727439480289, -0.8020557165145874, -0.18347671627998352, -0.5683687329292297, 1.6402076275462645, 0.0, 0.0, 0.0, 1.0, 4.2647, 0.0, 0.5, 0.0, 4.2647, 0.5, 0.0, 0.0, 1.0]], ["frame12_mirror.png", [0.5894166231155396, 0.08954599499702454, 0.8028509020805359, -2.094040266734413, -0.09640930593013763, -0.9789370894432068, 0.17996510863304138, -0.4633727439480289, 0.8020557165145874, -0.18347671627998352, -0.5683687329292297, 1.6402076275462645, 0.0, 0.0, 0.0, 1.0, 4.2647, 0.0, 0.5, 0.0, 4.2647, 0.5, 0.0, 0.0, 1.0]], ["frame13.png", [0.5898512601852417, -0.08528205752372742, -0.8029959201812744, 2.0928291068720632, 0.0921325534582138, -0.9808065295219421, 0.17184358835220337, -0.4431224110322197, -0.8022388219833374, -0.17534419894218445, -0.5706726908683777, 1.647333863632408, 0.0, 0.0, 0.0, 1.0, 4.2647, 0.0, 0.5, 0.0, 4.2647, 0.5, 0.0, 0.0, 1.0]], ["frame13_mirror.png", [0.5898512601852417, 0.08528205752372742, 0.8029959201812744, -2.0928291068720632, -0.0921325534582138, -0.9808065295219421, 0.17184358835220337, -0.4431224110322197, 0.8022388219833374, -0.17534419894218445, -0.5706726908683777, 1.647333863632408, 0.0, 0.0, 0.0, 1.0, 4.2647, 0.0, 0.5, 0.0, 4.2647, 0.5, 0.0, 0.0, 1.0]], ["frame14.png", [0.5853738188743591, -0.08616165816783905, -0.8061721920967102, 2.1013687803627783, 0.09307822585105896, -0.9806209206581116, 0.17239181697368622, -0.4427482348858948, -0.805402934551239, -0.1759507656097412, -0.566010057926178, 1.6365278028258714, 0.0, 0.0, 0.0, 1.0, 4.2647, 0.0, 0.5, 0.0, 4.2647, 0.5, 0.0, 0.0, 1.0]], ["frame14_mirror.png", [0.5853738188743591, 0.08616165816783905, 0.8061721920967102, -2.1013687803627783, -0.09307822585105896, -0.9806209206581116, 0.17239181697368622, -0.4427482348858948, 0.805402934551239, -0.1759507656097412, -0.566010057926178, 1.6365278028258714, 0.0, 0.0, 0.0, 1.0, 4.2647, 0.0, 0.5, 0.0, 4.2647, 0.5, 0.0, 0.0, 1.0]], ["frame15.png", [0.5851789116859436, -0.08424943685531616, -0.8065157532691956, 2.103239495396727, 0.097500279545784, -0.9800626039505005, 0.17312103509902954, -0.44630430869285354, -0.8050212860107422, -0.1799422800540924, -0.5652976632118225, 1.6331552556464177, 0.0, 0.0, 0.0, 1.0, 4.2647, 0.0, 0.5, 0.0, 4.2647, 0.5, 0.0, 0.0, 1.0]], ["frame15_mirror.png", [0.5851789116859436, 0.08424943685531616, 0.8065157532691956, -2.103239495396727, -0.097500279545784, -0.9800626039505005, 0.17312103509902954, -0.44630430869285354, 0.8050212860107422, -0.1799422800540924, -0.5652976632118225, 1.6331552556464177, 0.0, 0.0, 0.0, 1.0, 4.2647, 0.0, 0.5, 0.0, 4.2647, 0.5, 0.0, 0.0, 1.0]], ["frame16.png", [0.5794591307640076, -0.0894012451171875, -0.8100830316543579, 2.1122257079493396, 0.1001010537147522, -0.9786325097084045, 0.17960558831691742, -0.4618367793334223, -0.8088305592536926, -0.18516427278518677, -0.5581284165382385, 1.6171608911709565, 0.0, 0.0, 0.0, 1.0, 4.2647, 0.0, 0.5, 0.0, 4.2647, 0.5, 0.0, 0.0, 1.0]], ["frame16_mirror.png", [0.5794591307640076, 0.0894012451171875, 0.8100830316543579, -2.1122257079493396, -0.1001010537147522, -0.9786325097084045, 0.17960558831691742, -0.4618367793334223, 0.8088305592536926, -0.18516427278518677, -0.5581284165382385, 1.6171608911709565, 0.0, 0.0, 0.0, 1.0, 4.2647, 0.0, 0.5, 0.0, 4.2647, 0.5, 0.0, 0.0, 1.0]], ["frame17.png", [0.5787644386291504, -0.08457829058170319, -0.8110969066619873, 2.115863800983562, 0.10069125890731812, -0.979584813117981, 0.17399662733078003, -0.4474550088128667, -0.80925452709198, -0.18237343430519104, -0.5584325790405273, 1.6164480785894952, 0.0, 0.0, 0.0, 1.0, 4.2647, 0.0, 0.5, 0.0, 4.2647, 0.5, 0.0, 0.0, 1.0]], ["frame17_mirror.png", [0.5787644386291504, 0.08457829058170319, 0.8110969066619873, -2.115863800983562, -0.10069125890731812, -0.979584813117981, 0.17399662733078003, -0.4474550088128667, 0.80925452709198, -0.18237343430519104, -0.5584325790405273, 1.6164480785894952, 0.0, 0.0, 0.0, 1.0, 4.2647, 0.0, 0.5, 0.0, 4.2647, 0.5, 0.0, 0.0, 1.0]], ["frame18.png", [0.5699867606163025, -0.0949648842215538, -0.81614750623703, 2.130296073605259, 0.102134570479393, -0.977405846118927, 0.18505795300006866, -0.4767848186758667, -0.815281331539154, -0.1888374537229538, -0.547409176826477, 1.5888722023694157, 0.0, 0.0, 0.0, 1.0, 4.2647, 0.0, 0.5, 0.0, 4.2647, 0.5, 0.0, 0.0, 1.0]], ["frame18_mirror.png", [0.5699867606163025, 0.0949648842215538, 0.81614750623703, -2.130296073605259, -0.102134570479393, -0.977405846118927, 0.18505795300006866, -0.4767848186758667, 0.815281331539154, -0.1888374537229538, -0.547409176826477, 1.5888722023694157, 0.0, 0.0, 0.0, 1.0, 4.2647, 0.0, 0.5, 0.0, 4.2647, 0.5, 0.0, 0.0, 1.0]], ["frame19.png", [0.5587248206138611, -0.09857766330242157, -0.8234737515449524, 2.149610417975982, 0.10088399052619934, -0.9774593710899353, 0.18546073138713837, -0.48443036475953555, -0.8231943845748901, -0.18669681251049042, -0.5361859202384949, 1.5602891631451103, 0.0, 0.0, 0.0, 1.0, 4.2647, 0.0, 0.5, 0.0, 4.2647, 0.5, 0.0, 0.0, 1.0]], ["frame19_mirror.png", [0.5587248206138611, 0.09857766330242157, 0.8234737515449524, -2.149610417975982, -0.10088399052619934, -0.9774593710899353, 0.18546073138713837, -0.48443036475953555, 0.8231943845748901, -0.18669681251049042, -0.5361859202384949, 1.5602891631451103, 0.0, 0.0, 0.0, 1.0, 4.2647, 0.0, 0.5, 0.0, 4.2647, 0.5, 0.0, 0.0, 1.0]], ["frame2.png", [0.8648321032524109, -0.04658665135502815, -0.4998950660228729, 1.2895970435056159, 0.1015331968665123, -0.9588834047317505, 0.2650162875652313, -0.6767715701426612, -0.4916872978210449, -0.2799505293369293, -0.8245430588722229, 2.2735258316606415, 0.0, 0.0, 0.0, 1.0, 4.2647, 0.0, 0.5, 0.0, 4.2647, 0.5, 0.0, 0.0, 1.0]], ["frame2_mirror.png", [0.8648321032524109, 0.04658665135502815, 0.4998950660228729, -1.2895970435056159, -0.1015331968665123, -0.9588834047317505, 0.2650162875652313, -0.6767715701426612, 0.4916872978210449, -0.2799505293369293, -0.8245430588722229, 2.2735258316606415, 0.0, 0.0, 0.0, 1.0, 4.2647, 0.0, 0.5, 0.0, 4.2647, 0.5, 0.0, 0.0, 1.0]], ["frame20.png", [0.5596039891242981, -0.09399054944515228, -0.8234131336212158, 2.1487211675138957, 0.09955380856990814, -0.9787300825119019, 0.17937786877155304, -0.4623015758501522, -0.8227590322494507, -0.18235448002815247, -0.538344144821167, 1.568207447133251, 0.0, 0.0, 0.0, 1.0, 4.2647, 0.0, 0.5, 0.0, 4.2647, 0.5, 0.0, 0.0, 1.0]], ["frame20_mirror.png", [0.5596039891242981, 0.09399054944515228, 0.8234131336212158, -2.1487211675138957, -0.09955380856990814, -0.9787300825119019, 0.17937786877155304, -0.4623015758501522, 0.8227590322494507, -0.18235448002815247, -0.538344144821167, 1.568207447133251, 0.0, 0.0, 0.0, 1.0, 4.2647, 0.0, 0.5, 0.0, 4.2647, 0.5, 0.0, 0.0, 1.0]], ["frame21.png", [0.5566564202308655, -0.10052046179771423, -0.8246389031410217, 2.153073793047465, 0.10829012095928192, -0.9754026532173157, 0.19199714064598083, -0.4976530071483513, -0.8236546516418457, -0.196176677942276, -0.532078742980957, 1.5513267631831806, 0.0, 0.0, 0.0, 1.0, 4.2647, 0.0, 0.5, 0.0, 4.2647, 0.5, 0.0, 0.0, 1.0]], ["frame21_mirror.png", [0.5566564202308655, 0.10052046179771423, 0.8246389031410217, -2.153073793047465, -0.10829012095928192, -0.9754026532173157, 0.19199714064598083, -0.4976530071483513, 0.8236546516418457, -0.196176677942276, -0.532078742980957, 1.5513267631831806, 0.0, 0.0, 0.0, 1.0, 4.2647, 0.0, 0.5, 0.0, 4.2647, 0.5, 0.0, 0.0, 1.0]], ["frame22.png", [0.5580510497093201, -0.0928020030260086, -0.8246009945869446, 2.151772723668892, 0.11834892630577087, -0.974666953086853, 0.18978364765644073, -0.4873453287096835, -0.8213236331939697, -0.20349960029125214, -0.5329309105873108, 1.556396053792032, 0.0, 0.0, 0.0, 1.0, 4.2647, 0.0, 0.5, 0.0, 4.2647, 0.5, 0.0, 0.0, 1.0]], ["frame22_mirror.png", [0.5580510497093201, 0.0928020030260086, 0.8246009945869446, -2.151772723668892, -0.11834892630577087, -0.974666953086853, 0.18978364765644073, -0.4873453287096835, 0.8213236331939697, -0.20349960029125214, -0.5329309105873108, 1.556396053792032, 0.0, 0.0, 0.0, 1.0, 4.2647, 0.0, 0.5, 0.0, 4.2647, 0.5, 0.0, 0.0, 1.0]], ["frame23.png", [0.5970830917358398, -0.08043923228979111, -0.7981361746788025, 2.079650583750902, 0.12188644707202911, -0.9743099808692932, 0.189377561211586, -0.4925345507895507, -0.7928653955459595, -0.21035611629486084, -0.5719395279884338, 1.6499888380783276, 0.0, 0.0, 0.0, 1.0, 4.2647, 0.0, 0.5, 0.0, 4.2647, 0.5, 0.0, 0.0, 1.0]], ["frame23_mirror.png", [0.5970830917358398, 0.08043923228979111, 0.7981361746788025, -2.079650583750902, -0.12188644707202911, -0.9743099808692932, 0.189377561211586, -0.4925345507895507, 0.7928653955459595, -0.21035611629486084, -0.5719395279884338, 1.6499888380783276, 0.0, 0.0, 0.0, 1.0, 4.2647, 0.0, 0.5, 0.0, 4.2647, 0.5, 0.0, 0.0, 1.0]], ["frame24.png", [0.6662649512290955, -0.07441884279251099, -0.7419925332069397, 1.924355890223494, 0.10992632061243057, -0.9743366241455078, 0.1964292675256729, -0.5071633693372427, -0.7375684976577759, -0.2124384194612503, -0.6409857273101807, 1.8247300415581038, 0.0, 0.0, 0.0, 1.0, 4.2647, 0.0, 0.5, 0.0, 4.2647, 0.5, 0.0, 0.0, 1.0]], ["frame24_mirror.png", [0.6662649512290955, 0.07441884279251099, 0.7419925332069397, -1.924355890223494, -0.10992632061243057, -0.9743366241455078, 0.1964292675256729, -0.5071633693372427, 0.7375684976577759, -0.2124384194612503, -0.6409857273101807, 1.8247300415581038, 0.0, 0.0, 0.0, 1.0, 4.2647, 0.0, 0.5, 0.0, 4.2647, 0.5, 0.0, 0.0, 1.0]], ["frame25.png", [0.6857742071151733, -0.07899346202611923, -0.7235148549079895, 1.872397545813524, 0.10763464868068695, -0.9721543788909912, 0.20816007256507874, -0.5338937517245076, -0.7198114395141602, -0.2206260710954666, -0.6581760048866272, 1.8705841045783063, 0.0, 0.0, 0.0, 1.0, 4.2647, 0.0, 0.5, 0.0, 4.2647, 0.5, 0.0, 0.0, 1.0]], ["frame25_mirror.png", [0.6857742071151733, 0.07899346202611923, 0.7235148549079895, -1.872397545813524, -0.10763464868068695, -0.9721543788909912, 0.20816007256507874, -0.5338937517245076, 0.7198114395141602, -0.2206260710954666, -0.6581760048866272, 1.8705841045783063, 0.0, 0.0, 0.0, 1.0, 4.2647, 0.0, 0.5, 0.0, 4.2647, 0.5, 0.0, 0.0, 1.0]], ["frame26.png", [0.6802579164505005, -0.08115285634994507, -0.7284664511680603, 1.8880073412255372, 0.1006520688533783, -0.9740943908691406, 0.20250749588012695, -0.5206055776196596, -0.7260291576385498, -0.21107898652553558, -0.6544672250747681, 1.858601116977438, 0.0, 0.0, 0.0, 1.0, 4.2647, 0.0, 0.5, 0.0, 4.2647, 0.5, 0.0, 0.0, 1.0]], ["frame26_mirror.png", [0.6802579164505005, 0.08115285634994507, 0.7284664511680603, -1.8880073412255372, -0.1006520688533783, -0.9740943908691406, 0.20250749588012695, -0.5206055776196596, 0.7260291576385498, -0.21107898652553558, -0.6544672250747681, 1.858601116977438, 0.0, 0.0, 0.0, 1.0, 4.2647, 0.0, 0.5, 0.0, 4.2647, 0.5, 0.0, 0.0, 1.0]], ["frame27.png", [0.7363778948783875, -0.07175237685441971, -0.6727548837661743, 1.7404155708579903, 0.08052689582109451, -0.9779970645904541, 0.19245024025440216, -0.492032597859179, -0.6717610955238342, -0.19589099287986755, -0.7143974900245667, 2.0047088475284895, 0.0, 0.0, 0.0, 1.0, 4.2647, 0.0, 0.5, 0.0, 4.2647, 0.5, 0.0, 0.0, 1.0]], ["frame27_mirror.png", [0.7363778948783875, 0.07175237685441971, 0.6727548837661743, -1.7404155708579903, -0.08052689582109451, -0.9779970645904541, 0.19245024025440216, -0.492032597859179, 0.6717610955238342, -0.19589099287986755, -0.7143974900245667, 2.0047088475284895, 0.0, 0.0, 0.0, 1.0, 4.2647, 0.0, 0.5, 0.0, 4.2647, 0.5, 0.0, 0.0, 1.0]], ["frame28.png", [0.8288872241973877, -0.07755088061094284, -0.554014265537262, 1.4272893288544624, 0.04681937396526337, -0.9772529602050781, 0.2068445086479187, -0.5262629229980942, -0.5574530959129333, -0.1973893791437149, -0.8064015507698059, 2.2306708649228555, 0.0, 0.0, 0.0, 1.0, 4.2647, 0.0, 0.5, 0.0, 4.2647, 0.5, 0.0, 0.0, 1.0]], ["frame28_mirror.png", [0.8288872241973877, 0.07755088061094284, 0.554014265537262, -1.4272893288544624, -0.04681937396526337, -0.9772529602050781, 0.2068445086479187, -0.5262629229980942, 0.5574530959129333, -0.1973893791437149, -0.8064015507698059, 2.2306708649228555, 0.0, 0.0, 0.0, 1.0, 4.2647, 0.0, 0.5, 0.0, 4.2647, 0.5, 0.0, 0.0, 1.0]], ["frame29.png", [0.8558257222175598, -0.0769684836268425, -0.5115057229995728, 1.316906333502807, 0.03987888991832733, -0.9761064052581787, 0.21360231935977936, -0.5460780336408947, -0.5157246589660645, -0.20320463180541992, -0.8323076367378235, 2.2929362158496884, 0.0, 0.0, 0.0, 1.0, 4.2647, 0.0, 0.5, 0.0, 4.2647, 0.5, 0.0, 0.0, 1.0]], ["frame29_mirror.png", [0.8558257222175598, 0.0769684836268425, 0.5115057229995728, -1.316906333502807, -0.03987888991832733, -0.9761064052581787, 0.21360231935977936, -0.5460780336408947, 0.5157246589660645, -0.20320463180541992, -0.8323076367378235, 2.2929362158496884, 0.0, 0.0, 0.0, 1.0, 4.2647, 0.0, 0.5, 0.0, 4.2647, 0.5, 0.0, 0.0, 1.0]], ["frame3.png", [0.8637998700141907, -0.045445457100868225, -0.5017812848091125, 1.2942515841996347, 0.09976910054683685, -0.9607740640640259, 0.2587648332118988, -0.6596683232061595, -0.49385812878608704, -0.2735832929611206, -0.8253824710845947, 2.2759065315067555, 0.0, 0.0, 0.0, 1.0, 4.2647, 0.0, 0.5, 0.0, 4.2647, 0.5, 0.0, 0.0, 1.0]], ["frame3_mirror.png", [0.8637998700141907, 0.045445457100868225, 0.5017812848091125, -1.2942515841996347, -0.09976910054683685, -0.9607740640640259, 0.2587648332118988, -0.6596683232061595, 0.49385812878608704, -0.2735832929611206, -0.8253824710845947, 2.2759065315067555, 0.0, 0.0, 0.0, 1.0, 4.2647, 0.0, 0.5, 0.0, 4.2647, 0.5, 0.0, 0.0, 1.0]], ["frame30.png", [0.8566204309463501, -0.08253482729196548, -0.5093028545379639, 1.3153522375783602, 0.033185847103595734, -0.9762643575668335, 0.2140248715877533, -0.5502179384095226, -0.5148786902427673, -0.20023973286151886, -0.8335489630699158, 2.292838570713162, 0.0, 0.0, 0.0, 1.0, 4.2647, 0.0, 0.5, 0.0, 4.2647, 0.5, 0.0, 0.0, 1.0]], ["frame30_mirror.png", [0.8566204309463501, 0.08253482729196548, 0.5093028545379639, -1.3153522375783602, -0.033185847103595734, -0.9762643575668335, 0.2140248715877533, -0.5502179384095226, 0.5148786902427673, -0.20023973286151886, -0.8335489630699158, 2.292838570713162, 0.0, 0.0, 0.0, 1.0, 4.2647, 0.0, 0.5, 0.0, 4.2647, 0.5, 0.0, 0.0, 1.0]], ["frame31.png", [0.8561734557151794, -0.09810715913772583, -0.5072888135910034, 1.3106620152630042, 0.021140336990356445, -0.9743343591690063, 0.22411096096038818, -0.5756368417951343, -0.516255795955658, -0.20260214805603027, -0.8321252465248108, 2.2892809587542646, 0.0, 0.0, 0.0, 1.0, 4.2647, 0.0, 0.5, 0.0, 4.2647, 0.5, 0.0, 0.0, 1.0]], ["frame31_mirror.png", [0.8561734557151794, 0.09810715913772583, 0.5072888135910034, -1.3106620152630042, -0.021140336990356445, -0.9743343591690063, 0.22411096096038818, -0.5756368417951343, 0.516255795955658, -0.20260214805603027, -0.8321252465248108, 2.2892809587542646, 0.0, 0.0, 0.0, 1.0, 4.2647, 0.0, 0.5, 0.0, 4.2647, 0.5, 0.0, 0.0, 1.0]], ["frame32.png", [0.8595256209373474, -0.09786831587553024, -0.5016347169876099, 1.2976644963606976, 0.021678946912288666, -0.9736301898956299, 0.22709983587265015, -0.5922749382377731, -0.5106325745582581, -0.2060730755329132, -0.8347384333610535, 2.2924391491205123, 0.0, 0.0, 0.0, 1.0, 4.2647, 0.0, 0.5, 0.0, 4.2647, 0.5, 0.0, 0.0, 1.0]], ["frame32_mirror.png", [0.8595256209373474, 0.09786831587553024, 0.5016347169876099, -1.2976644963606976, -0.021678946912288666, -0.9736301898956299, 0.22709983587265015, -0.5922749382377731, 0.5106325745582581, -0.2060730755329132, -0.8347384333610535, 2.2924391491205123, 0.0, 0.0, 0.0, 1.0, 4.2647, 0.0, 0.5, 0.0, 4.2647, 0.5, 0.0, 0.0, 1.0]], ["frame33.png", [0.8638926148414612, -0.10216113924980164, -0.4932065010070801, 1.2741150375646342, 0.015336811542510986, -0.9734240770339966, 0.2284955382347107, -0.5910971173813592, -0.5034424662590027, -0.20495980978012085, -0.8393670916557312, 2.3059130662007012, 0.0, 0.0, 0.0, 1.0, 4.2647, 0.0, 0.5, 0.0, 4.2647, 0.5, 0.0, 0.0, 1.0]], ["frame33_mirror.png", [0.8638926148414612, 0.10216113924980164, 0.4932065010070801, -1.2741150375646342, -0.015336811542510986, -0.9734240770339966, 0.2284955382347107, -0.5910971173813592, 0.5034424662590027, -0.20495980978012085, -0.8393670916557312, 2.3059130662007012, 0.0, 0.0, 0.0, 1.0, 4.2647, 0.0, 0.5, 0.0, 4.2647, 0.5, 0.0, 0.0, 1.0]], ["frame34.png", [0.8725473880767822, -0.10719290375709534, -0.4766242504119873, 1.2270138209971917, 0.009516619145870209, -0.9717159271240234, 0.23596103489398956, -0.6052413088540298, -0.4884367287158966, -0.2104230523109436, -0.8468481302261353, 2.3276855546096713, 0.0, 0.0, 0.0, 1.0, 4.2647, 0.0, 0.5, 0.0, 4.2647, 0.5, 0.0, 0.0, 1.0]], ["frame34_mirror.png", [0.8725473880767822, 0.10719290375709534, 0.4766242504119873, -1.2270138209971917, -0.009516619145870209, -0.9717159271240234, 0.23596103489398956, -0.6052413088540298, 0.4884367287158966, -0.2104230523109436, -0.8468481302261353, 2.3276855546096713, 0.0, 0.0, 0.0, 1.0, 4.2647, 0.0, 0.5, 0.0, 4.2647, 0.5, 0.0, 0.0, 1.0]], ["frame35.png", [0.8809739947319031, -0.10671620070934296, -0.4609734117984772, 1.1905054842906975, 0.0047417208552360535, -0.9721945524215698, 0.23412682116031647, -0.603055846343012, -0.4731409549713135, -0.2084454447031021, -0.8559720516204834, 2.3471302345769582, 0.0, 0.0, 0.0, 1.0, 4.2647, 0.0, 0.5, 0.0, 4.2647, 0.5, 0.0, 0.0, 1.0]], ["frame35_mirror.png", [0.8809739947319031, 0.10671620070934296, 0.4609734117984772, -1.1905054842906975, -0.0047417208552360535, -0.9721945524215698, 0.23412682116031647, -0.603055846343012, 0.4731409549713135, -0.2084454447031021, -0.8559720516204834, 2.3471302345769582, 0.0, 0.0, 0.0, 1.0, 4.2647, 0.0, 0.5, 0.0, 4.2647, 0.5, 0.0, 0.0, 1.0]], ["frame36.png", [0.8844503164291382, -0.10458915680646896, -0.4547623097896576, 1.176654482615098, 0.011763803660869598, -0.9692508578300476, 0.24579353630542755, -0.6342566622572607, -0.4664860963821411, -0.22274190187454224, -0.8560238480567932, 2.345890601653043, 0.0, 0.0, 0.0, 1.0, 4.2647, 0.0, 0.5, 0.0, 4.2647, 0.5, 0.0, 0.0, 1.0]], ["frame36_mirror.png", [0.8844503164291382, 0.10458915680646896, 0.4547623097896576, -1.176654482615098, -0.011763803660869598, -0.9692508578300476, 0.24579353630542755, -0.6342566622572607, 0.4664860963821411, -0.22274190187454224, -0.8560238480567932, 2.345890601653043, 0.0, 0.0, 0.0, 1.0, 4.2647, 0.0, 0.5, 0.0, 4.2647, 0.5, 0.0, 0.0, 1.0]], ["frame37.png", [0.8850132822990417, -0.10294007509946823, -0.45404282212257385, 1.169897409198636, 0.01917843520641327, -0.9663606286048889, 0.2564745247364044, -0.6641750472104703, -0.46517065167427063, -0.2356911599636078, -0.8532677888870239, 2.340985168388149, 0.0, 0.0, 0.0, 1.0, 4.2647, 0.0, 0.5, 0.0, 4.2647, 0.5, 0.0, 0.0, 1.0]], ["frame37_mirror.png", [0.8850132822990417, 0.10294007509946823, 0.45404282212257385, -1.169897409198636, -0.01917843520641327, -0.9663606286048889, 0.2564745247364044, -0.6641750472104703, 0.46517065167427063, -0.2356911599636078, -0.8532677888870239, 2.340985168388149, 0.0, 0.0, 0.0, 1.0, 4.2647, 0.0, 0.5, 0.0, 4.2647, 0.5, 0.0, 0.0, 1.0]], ["frame38.png", [0.8805332183837891, -0.10487035661935806, -0.46223747730255127, 1.1902621582997546, 0.021379850804805756, -0.9654362201690674, 0.25976109504699707, -0.6726709196690877, -0.4735020399093628, -0.23861083388328552, -0.8478565216064453, 2.3282589693483744, 0.0, 0.0, 0.0, 1.0, 4.2647, 0.0, 0.5, 0.0, 4.2647, 0.5, 0.0, 0.0, 1.0]], ["frame38_mirror.png", [0.8805332183837891, 0.10487035661935806, 0.46223747730255127, -1.1902621582997546, -0.021379850804805756, -0.9654362201690674, 0.25976109504699707, -0.6726709196690877, 0.4735020399093628, -0.23861083388328552, -0.8478565216064453, 2.3282589693483744, 0.0, 0.0, 0.0, 1.0, 4.2647, 0.0, 0.5, 0.0, 4.2647, 0.5, 0.0, 0.0, 1.0]], ["frame39.png", [0.874724268913269, -0.11280212551355362, -0.47130998969078064, 1.216384842546591, 0.028824999928474426, -0.9587012529373169, 0.28295063972473145, -0.7269304938115665, -0.4837629199028015, -0.2610893249511719, -0.8353477120399475, 2.2982558543360176, 0.0, 0.0, 0.0, 1.0, 4.2647, 0.0, 0.5, 0.0, 4.2647, 0.5, 0.0, 0.0, 1.0]], ["frame39_mirror.png", [0.874724268913269, 0.11280212551355362, 0.47130998969078064, -1.216384842546591, -0.028824999928474426, -0.9587012529373169, 0.28295063972473145, -0.7269304938115665, 0.4837629199028015, -0.2610893249511719, -0.8353477120399475, 2.2982558543360176, 0.0, 0.0, 0.0, 1.0, 4.2647, 0.0, 0.5, 0.0, 4.2647, 0.5, 0.0, 0.0, 1.0]], ["frame4.png", [0.8361644148826599, -0.0418219193816185, -0.5468820929527283, 1.4082891378344844, 0.11026840656995773, -0.9639120697975159, 0.2423103153705597, -0.6279347141921024, -0.5372802019119263, -0.26291507482528687, -0.8013773560523987, 2.2163979107935217, 0.0, 0.0, 0.0, 1.0, 4.2647, 0.0, 0.5, 0.0, 4.2647, 0.5, 0.0, 0.0, 1.0]], ["frame4_mirror.png", [0.8361644148826599, 0.0418219193816185, 0.5468820929527283, -1.4082891378344844, -0.11026840656995773, -0.9639120697975159, 0.2423103153705597, -0.6279347141921024, 0.5372802019119263, -0.26291507482528687, -0.8013773560523987, 2.2163979107935217, 0.0, 0.0, 0.0, 1.0, 4.2647, 0.0, 0.5, 0.0, 4.2647, 0.5, 0.0, 0.0, 1.0]], ["frame40.png", [0.8719438314437866, -0.11625546216964722, -0.47560346126556396, 1.2279164729872682, 0.03063289076089859, -0.9565435647964478, 0.28997597098350525, -0.7445546807565353, -0.4886466860771179, -0.26741188764572144, -0.8304909467697144, 2.2864512815124756, 0.0, 0.0, 0.0, 1.0, 4.2647, 0.0, 0.5, 0.0, 4.2647, 0.5, 0.0, 0.0, 1.0]], ["frame40_mirror.png", [0.8719438314437866, 0.11625546216964722, 0.47560346126556396, -1.2279164729872682, -0.03063289076089859, -0.9565435647964478, 0.28997597098350525, -0.7445546807565353, 0.4886466860771179, -0.26741188764572144, -0.8304909467697144, 2.2864512815124756, 0.0, 0.0, 0.0, 1.0, 4.2647, 0.0, 0.5, 0.0, 4.2647, 0.5, 0.0, 0.0, 1.0]], ["frame41.png", [0.8643209934234619, -0.11225423216819763, -0.490253210067749, 1.26340778553459, 0.02830178290605545, -0.9623733162879944, 0.2702527940273285, -0.6940762166777625, -0.5021436214447021, -0.24746020138263702, -0.8286224603652954, 2.2829934237515594, 0.0, 0.0, 0.0, 1.0, 4.2647, 0.0, 0.5, 0.0, 4.2647, 0.5, 0.0, 0.0, 1.0]], ["frame41_mirror.png", [0.8643209934234619, 0.11225423216819763, 0.490253210067749, -1.26340778553459, -0.02830178290605545, -0.9623733162879944, 0.2702527940273285, -0.6940762166777625, 0.5021436214447021, -0.24746020138263702, -0.8286224603652954, 2.2829934237515594, 0.0, 0.0, 0.0, 1.0, 4.2647, 0.0, 0.5, 0.0, 4.2647, 0.5, 0.0, 0.0, 1.0]], ["frame42.png", [0.8668351173400879, -0.10816314071416855, -0.4867212474346161, 1.2527302432508778, 0.021075300872325897, -0.9673647284507751, 0.25251007080078125, -0.6477019782760499, -0.49814924597740173, -0.22914239764213562, -0.8362661600112915, 2.3024224384291188, 0.0, 0.0, 0.0, 1.0, 4.2647, 0.0, 0.5, 0.0, 4.2647, 0.5, 0.0, 0.0, 1.0]], ["frame42_mirror.png", [0.8668351173400879, 0.10816314071416855, 0.4867212474346161, -1.2527302432508778, -0.021075300872325897, -0.9673647284507751, 0.25251007080078125, -0.6477019782760499, 0.49814924597740173, -0.22914239764213562, -0.8362661600112915, 2.3024224384291188, 0.0, 0.0, 0.0, 1.0, 4.2647, 0.0, 0.5, 0.0, 4.2647, 0.5, 0.0, 0.0, 1.0]], ["frame43.png", [0.8568745851516724, -0.11197472363710403, -0.5032172799110413, 1.2985733518848572, 0.02419339120388031, -0.9663160443305969, 0.25621867179870605, -0.6594291117991974, -0.5149569511413574, -0.23172180354595184, -0.8253026008605957, 2.2735128097915456, 0.0, 0.0, 0.0, 1.0, 4.2647, 0.0, 0.5, 0.0, 4.2647, 0.5, 0.0, 0.0, 1.0]], ["frame43_mirror.png", [0.8568745851516724, 0.11197472363710403, 0.5032172799110413, -1.2985733518848572, -0.02419339120388031, -0.9663160443305969, 0.25621867179870605, -0.6594291117991974, 0.5149569511413574, -0.23172180354595184, -0.8253026008605957, 2.2735128097915456, 0.0, 0.0, 0.0, 1.0, 4.2647, 0.0, 0.5, 0.0, 4.2647, 0.5, 0.0, 0.0, 1.0]], ["frame44.png", [0.7813966870307922, -0.09768273681402206, -0.6163418889045715, 1.592837079255836, 0.04681125283241272, -0.9757144451141357, 0.2139861136674881, -0.5536397629261727, -0.6222764253616333, -0.19605979323387146, -0.7578473687171936, 2.1086377241846903, 0.0, 0.0, 0.0, 1.0, 4.2647, 0.0, 0.5, 0.0, 4.2647, 0.5, 0.0, 0.0, 1.0]], ["frame44_mirror.png", [0.7813966870307922, 0.09768273681402206, 0.6163418889045715, -1.592837079255836, -0.04681125283241272, -0.9757144451141357, 0.2139861136674881, -0.5536397629261727, 0.6222764253616333, -0.19605979323387146, -0.7578473687171936, 2.1086377241846903, 0.0, 0.0, 0.0, 1.0, 4.2647, 0.0, 0.5, 0.0, 4.2647, 0.5, 0.0, 0.0, 1.0]], ["frame45.png", [0.7087749242782593, -0.07692744582891464, -0.7012277245521545, 1.8143547397124637, 0.06941281259059906, -0.98160719871521, 0.1778460592031479, -0.45723217588768134, -0.7020114064216614, -0.17472699284553528, -0.6903987526893616, 1.9465496694962436, 0.0, 0.0, 0.0, 1.0, 4.2647, 0.0, 0.5, 0.0, 4.2647, 0.5, 0.0, 0.0, 1.0]], ["frame45_mirror.png", [0.7087749242782593, 0.07692744582891464, 0.7012277245521545, -1.8143547397124637, -0.06941281259059906, -0.98160719871521, 0.1778460592031479, -0.45723217588768134, 0.7020114064216614, -0.17472699284553528, -0.6903987526893616, 1.9465496694962436, 0.0, 0.0, 0.0, 1.0, 4.2647, 0.0, 0.5, 0.0, 4.2647, 0.5, 0.0, 0.0, 1.0]], ["frame46.png", [0.7072076201438904, -0.06414199620485306, -0.7040902972221375, 1.8259456575736253, 0.09170371294021606, -0.9791412949562073, 0.18130861222743988, -0.4746217607236196, -0.701033353805542, -0.19279055297374725, -0.6865741014480591, 1.9314907817112754, 0.0, 0.0, 0.0, 1.0, 4.2647, 0.0, 0.5, 0.0, 4.2647, 0.5, 0.0, 0.0, 1.0]], ["frame46_mirror.png", [0.7072076201438904, 0.06414199620485306, 0.7040902972221375, -1.8259456575736253, -0.09170371294021606, -0.9791412949562073, 0.18130861222743988, -0.4746217607236196, 0.701033353805542, -0.19279055297374725, -0.6865741014480591, 1.9314907817112754, 0.0, 0.0, 0.0, 1.0, 4.2647, 0.0, 0.5, 0.0, 4.2647, 0.5, 0.0, 0.0, 1.0]], ["frame47.png", [0.7054622769355774, -0.08280285447835922, -0.7038939595222473, 1.8212047225387893, 0.09269530326128006, -0.9738418459892273, 0.20746012032032013, -0.5324631031581459, -0.7026596665382385, -0.21160295605659485, -0.6793332099914551, 1.9208582462997135, 0.0, 0.0, 0.0, 1.0, 4.2647, 0.0, 0.5, 0.0, 4.2647, 0.5, 0.0, 0.0, 1.0]], ["frame47_mirror.png", [0.7054622769355774, 0.08280285447835922, 0.7038939595222473, -1.8212047225387893, -0.09269530326128006, -0.9738418459892273, 0.20746012032032013, -0.5324631031581459, 0.7026596665382385, -0.21160295605659485, -0.6793332099914551, 1.9208582462997135, 0.0, 0.0, 0.0, 1.0, 4.2647, 0.0, 0.5, 0.0, 4.2647, 0.5, 0.0, 0.0, 1.0]], ["frame48.png", [0.7012202739715576, -0.07344342768192291, -0.7091517448425293, 1.8385081397194416, 0.09178466349840164, -0.9771029353141785, 0.1919519454240799, -0.4986338934650419, -0.7070118188858032, -0.1996898651123047, -0.6784234046936035, 1.9134398502365453, 0.0, 0.0, 0.0, 1.0, 4.2647, 0.0, 0.5, 0.0, 4.2647, 0.5, 0.0, 0.0, 1.0]], ["frame48_mirror.png", [0.7012202739715576, 0.07344342768192291, 0.7091517448425293, -1.8385081397194416, -0.09178466349840164, -0.9771029353141785, 0.1919519454240799, -0.4986338934650419, 0.7070118188858032, -0.1996898651123047, -0.6784234046936035, 1.9134398502365453, 0.0, 0.0, 0.0, 1.0, 4.2647, 0.0, 0.5, 0.0, 4.2647, 0.5, 0.0, 0.0, 1.0]], ["frame49.png", [0.6629260778427124, -0.11340265721082687, -0.740046501159668, 1.922592121021646, 0.028797969222068787, -0.9838681221008301, 0.1765621155500412, -0.4582789112359181, -0.7481307983398438, -0.13835948705673218, -0.6489660739898682, 1.8394618712280806, 0.0, 0.0, 0.0, 1.0, 4.2647, 0.0, 0.5, 0.0, 4.2647, 0.5, 0.0, 0.0, 1.0]], ["frame49_mirror.png", [0.6629260778427124, 0.11340265721082687, 0.740046501159668, -1.922592121021646, -0.028797969222068787, -0.9838681221008301, 0.1765621155500412, -0.4582789112359181, 0.7481307983398438, -0.13835948705673218, -0.6489660739898682, 1.8394618712280806, 0.0, 0.0, 0.0, 1.0, 4.2647, 0.0, 0.5, 0.0, 4.2647, 0.5, 0.0, 0.0, 1.0]], ["frame5.png", [0.7691559195518494, -0.04360701143741608, -0.6375716328620911, 1.6466934838318417, 0.11696875095367432, -0.9712091684341431, 0.2075354903936386, -0.5318144414824338, -0.6282654404640198, -0.23420308530330658, -0.7419106960296631, 2.072576650002716, 0.0, 0.0, 0.0, 1.0, 4.2647, 0.0, 0.5, 0.0, 4.2647, 0.5, 0.0, 0.0, 1.0]], ["frame5_mirror.png", [0.7691559195518494, 0.04360701143741608, 0.6375716328620911, -1.6466934838318417, -0.11696875095367432, -0.9712091684341431, 0.2075354903936386, -0.5318144414824338, 0.6282654404640198, -0.23420308530330658, -0.7419106960296631, 2.072576650002716, 0.0, 0.0, 0.0, 1.0, 4.2647, 0.0, 0.5, 0.0, 4.2647, 0.5, 0.0, 0.0, 1.0]], ["frame6.png", [0.6240423917770386, -0.06136554852128029, -0.7789771556854248, 2.0191431437652727, 0.13766449689865112, -0.9726837277412415, 0.18690887093544006, -0.475612665257308, -0.7691681385040283, -0.22387653589248657, -0.5985479950904846, 1.7282515897960378, 0.0, 0.0, 0.0, 1.0, 4.2647, 0.0, 0.5, 0.0, 4.2647, 0.5, 0.0, 0.0, 1.0]], ["frame6_mirror.png", [0.6240423917770386, 0.06136554852128029, 0.7789771556854248, -2.0191431437652727, -0.13766449689865112, -0.9726837277412415, 0.18690887093544006, -0.475612665257308, 0.7691681385040283, -0.22387653589248657, -0.5985479950904846, 1.7282515897960378, 0.0, 0.0, 0.0, 1.0, 4.2647, 0.0, 0.5, 0.0, 4.2647, 0.5, 0.0, 0.0, 1.0]], ["frame7.png", [0.6105212569236755, -0.08922349661588669, -0.7869580388069153, 2.044345800300196, 0.11772270500659943, -0.9723728895187378, 0.20157457888126373, -0.5216143131300853, -0.7832018136978149, -0.215708389878273, -0.5831507444381714, 1.6848052579253134, 0.0, 0.0, 0.0, 1.0, 4.2647, 0.0, 0.5, 0.0, 4.2647, 0.5, 0.0, 0.0, 1.0]], ["frame7_mirror.png", [0.6105212569236755, 0.08922349661588669, 0.7869580388069153, -2.044345800300196, -0.11772270500659943, -0.9723728895187378, 0.20157457888126373, -0.5216143131300853, 0.7832018136978149, -0.215708389878273, -0.5831507444381714, 1.6848052579253134, 0.0, 0.0, 0.0, 1.0, 4.2647, 0.0, 0.5, 0.0, 4.2647, 0.5, 0.0, 0.0, 1.0]], ["frame8.png", [0.6099181771278381, -0.09510522335767746, -0.786736786365509, 2.0461036211218637, 0.09844319522380829, -0.9759897589683533, 0.19430133700370789, -0.5014104379658025, -0.7863261699676514, -0.19595682621002197, -0.5859114527702332, 1.6888006230253885, 0.0, 0.0, 0.0, 1.0, 4.2647, 0.0, 0.5, 0.0, 4.2647, 0.5, 0.0, 0.0, 1.0]], ["frame8_mirror.png", [0.6099181771278381, 0.09510522335767746, 0.786736786365509, -2.0461036211218637, -0.09844319522380829, -0.9759897589683533, 0.19430133700370789, -0.5014104379658025, 0.7863261699676514, -0.19595682621002197, -0.5859114527702332, 1.6888006230253885, 0.0, 0.0, 0.0, 1.0, 4.2647, 0.0, 0.5, 0.0, 4.2647, 0.5, 0.0, 0.0, 1.0]], ["frame9.png", [0.6073457598686218, -0.10867871344089508, -0.7869688868522644, 2.046801808585565, 0.08459489047527313, -0.9761194586753845, 0.20008637011051178, -0.5153780488583597, -0.7899207472801208, -0.18809515237808228, -0.5836483240127563, 1.6837422080371485, 0.0, 0.0, 0.0, 1.0, 4.2647, 0.0, 0.5, 0.0, 4.2647, 0.5, 0.0, 0.0, 1.0]], ["frame9_mirror.png", [0.6073457598686218, 0.10867871344089508, 0.7869688868522644, -2.046801808585565, -0.08459489047527313, -0.9761194586753845, 0.20008637011051178, -0.5153780488583597, 0.7899207472801208, -0.18809515237808228, -0.5836483240127563, 1.6837422080371485, 0.0, 0.0, 0.0, 1.0, 4.2647, 0.0, 0.5, 0.0, 4.2647, 0.5, 0.0, 0.0, 1.0]]]}