{"labels": [["frame0.png", [0.9871283769607544, 0.13358387351036072, 0.08793696016073227, -0.22747179200372017, 0.1473398208618164, -0.973444938659668, -0.17520229518413544, 0.4578026481138699, 0.06219758838415146, 0.18590377271175385, -0.9805973768234253, 2.651164521341998, 0.0, 0.0, 0.0, 1.0, 4.2647, 0.0, 0.5, 0.0, 4.2647, 0.5, 0.0, 0.0, 1.0]], ["frame0_mirror.png", [0.9871283769607544, -0.13358387351036072, -0.08793696016073227, 0.22747179200372017, -0.1473398208618164, -0.973444938659668, -0.17520229518413544, 0.4578026481138699, -0.06219758838415146, 0.18590377271175385, -0.9805973768234253, 2.651164521341998, 0.0, 0.0, 0.0, 1.0, 4.2647, 0.0, 0.5, 0.0, 4.2647, 0.5, 0.0, 0.0, 1.0]], ["frame1.png", [0.9857362508773804, -0.09407474845647812, -0.1395491659641266, 0.35135301596493984, -0.11217743903398514, -0.9853965044021606, -0.12810136377811432, 0.3212837104083787, -0.1254601627588272, 0.14192841947078705, -0.9818941354751587, 2.657692201064406, 0.0, 0.0, 0.0, 1.0, 4.2647, 0.0, 0.5, 0.0, 4.2647, 0.5, 0.0, 0.0, 1.0]], ["frame1_mirror.png", [0.9857362508773804, 0.09407474845647812, 0.1395491659641266, -0.35135301596493984, 0.11217743903398514, -0.9853965044021606, -0.12810136377811432, 0.3212837104083787, 0.1254601627588272, 0.14192841947078705, -0.9818941354751587, 2.657692201064406, 0.0, 0.0, 0.0, 1.0, 4.2647, 0.0, 0.5, 0.0, 4.2647, 0.5, 0.0, 0.0, 1.0]], ["frame2.png", [0.9846426248550415, -0.09373616427183151, -0.1472828984260559, 0.3709123016249747, -0.10552613437175751, -0.9916314482688904, -0.07437256723642349, 0.19133091737546376, -0.13907895982265472, 0.08877260237932205, -0.9862942695617676, 2.667548789536853, 0.0, 0.0, 0.0, 1.0, 4.2647, 0.0, 0.5, 0.0, 4.2647, 0.5, 0.0, 0.0, 1.0]], ["frame2_mirror.png", [0.9846426248550415, 0.09373616427183151, 0.1472828984260559, -0.3709123016249747, 0.10552613437175751, -0.9916314482688904, -0.07437256723642349, 0.19133091737546376, 0.13907895982265472, 0.08877260237932205, -0.9862942695617676, 2.667548789536853, 0.0, 0.0, 0.0, 1.0, 4.2647, 0.0, 0.5, 0.0, 4.2647, 0.5, 0.0, 0.0, 1.0]], ["frame3.png", [0.9852937459945679, -0.10063517093658447, -0.1380898505449295, 0.3495022363478761, -0.11046844720840454, -0.9917203783988953, -0.06547851115465164, 0.16924309415793773, -0.13035708665847778, 0.07977014780044556, -0.9882528781890869, 2.6719290712643704, 0.0, 0.0, 0.0, 1.0, 4.2647, 0.0, 0.5, 0.0, 4.2647, 0.5, 0.0, 0.0, 1.0]], ["frame3_mirror.png", [0.9852937459945679, 0.10063517093658447, 0.1380898505449295, -0.3495022363478761, 0.11046844720840454, -0.9917203783988953, -0.06547851115465164, 0.16924309415793773, 0.13035708665847778, 0.07977014780044556, -0.9882528781890869, 2.6719290712643704, 0.0, 0.0, 0.0, 1.0, 4.2647, 0.0, 0.5, 0.0, 4.2647, 0.5, 0.0, 0.0, 1.0]]]}