{"labels": [["frame0.png", [0.9611990451812744, -0.2126166820526123, 0.17575711011886597, -0.4503602635333353, -0.21194148063659668, -0.9770156741142273, -0.022826330736279488, 0.05754651521253306, 0.17657069861888885, -0.015309575945138931, -0.9841688871383667, 2.6615529360914616, 0.0, 0.0, 0.0, 1.0, 4.2647, 0.0, 0.5, 0.0, 4.2647, 0.5, 0.0, 0.0, 1.0]], ["frame0_mirror.png", [0.9611990451812744, 0.2126166820526123, -0.17575711011886597, 0.4503602635333353, 0.21194148063659668, -0.9770156741142273, -0.022826330736279488, 0.05754651521253306, -0.17657069861888885, -0.015309575945138931, -0.9841688871383667, 2.6615529360914616, 0.0, 0.0, 0.0, 1.0, 4.2647, 0.0, 0.5, 0.0, 4.2647, 0.5, 0.0, 0.0, 1.0]], ["frame1.png", [0.9312050342559814, -0.3531129062175751, 0.09037947654724121, -0.23634884177441298, -0.33430224657058716, -0.9262093901634216, -0.17429357767105103, 0.47119550634941726, 0.14525564014911652, 0.1320890188217163, -0.9805372357368469, 2.648039656007442, 0.0, 0.0, 0.0, 1.0, 4.2647, 0.0, 0.5, 0.0, 4.2647, 0.5, 0.0, 0.0, 1.0]], ["frame1_mirror.png", [0.9312050342559814, 0.3531129062175751, -0.09037947654724121, 0.23634884177441298, 0.33430224657058716, -0.9262093901634216, -0.17429357767105103, 0.47119550634941726, -0.14525564014911652, 0.1320890188217163, -0.9805372357368469, 2.648039656007442, 0.0, 0.0, 0.0, 1.0, 4.2647, 0.0, 0.5, 0.0, 4.2647, 0.5, 0.0, 0.0, 1.0]], ["frame2.png", [0.9404516816139221, -0.3247559666633606, 0.10041994601488113, -0.2582259934529905, -0.3077988922595978, -0.9389264583587646, -0.15387362241744995, 0.4011834754427847, 0.1442583203315735, 0.11380156129598618, -0.9829744100570679, 2.6575122117004217, 0.0, 0.0, 0.0, 1.0, 4.2647, 0.0, 0.5, 0.0, 4.2647, 0.5, 0.0, 0.0, 1.0]], ["frame2_mirror.png", [0.9404516816139221, 0.3247559666633606, -0.10041994601488113, 0.2582259934529905, 0.3077988922595978, -0.9389264583587646, -0.15387362241744995, 0.4011834754427847, -0.1442583203315735, 0.11380156129598618, -0.9829744100570679, 2.6575122117004217, 0.0, 0.0, 0.0, 1.0, 4.2647, 0.0, 0.5, 0.0, 4.2647, 0.5, 0.0, 0.0, 1.0]], ["frame3.png", [0.9447231292724609, -0.31517329812049866, 0.09035462886095047, -0.22921521647082366, -0.2999812662601471, -0.9421172738075256, -0.14975400269031525, 0.38732291258098145, 0.13232311606407166, 0.11437138170003891, -0.9845860600471497, 2.662224886430149, 0.0, 0.0, 0.0, 1.0, 4.2647, 0.0, 0.5, 0.0, 4.2647, 0.5, 0.0, 0.0, 1.0]], ["frame3_mirror.png", [0.9447231292724609, 0.31517329812049866, -0.09035462886095047, 0.22921521647082366, 0.2999812662601471, -0.9421172738075256, -0.14975400269031525, 0.38732291258098145, -0.13232311606407166, 0.11437138170003891, -0.9845860600471497, 2.662224886430149, 0.0, 0.0, 0.0, 1.0, 4.2647, 0.0, 0.5, 0.0, 4.2647, 0.5, 0.0, 0.0, 1.0]], ["frame4.png", [0.9403368234634399, -0.3306727707386017, 0.08013827353715897, -0.2084791596150438, -0.3171844780445099, -0.9371772408485413, -0.1452333778142929, 0.374841442657697, 0.1231284886598587, 0.11114967614412308, -0.9861465692520142, 2.6657138505234395, 0.0, 0.0, 0.0, 1.0, 4.2647, 0.0, 0.5, 0.0, 4.2647, 0.5, 0.0, 0.0, 1.0]], ["frame4_mirror.png", [0.9403368234634399, 0.3306727707386017, -0.08013827353715897, 0.2084791596150438, 0.3171844780445099, -0.9371772408485413, -0.1452333778142929, 0.374841442657697, -0.1231284886598587, 0.11114967614412308, -0.9861465692520142, 2.6657138505234395, 0.0, 0.0, 0.0, 1.0, 4.2647, 0.0, 0.5, 0.0, 4.2647, 0.5, 0.0, 0.0, 1.0]]]}