{"labels": [["frame0.png", [0.8840444684028625, 0.007150920573621988, 0.4673481583595276, -1.193739353171652, 0.041899122297763824, -0.9970698356628418, -0.0640009418129921, 0.17104178700380496, 0.46552109718322754, 0.07616115361452103, -0.88175368309021, 2.4157257840632225, 0.0, 0.0, 0.0, 1.0, 4.2647, 0.0, 0.5, 0.0, 4.2647, 0.5, 0.0, 0.0, 1.0]], ["frame0_mirror.png", [0.8840444684028625, -0.007150920573621988, -0.4673481583595276, 1.193739353171652, -0.041899122297763824, -0.9970698356628418, -0.0640009418129921, 0.17104178700380496, -0.46552109718322754, 0.07616115361452103, -0.88175368309021, 2.4157257840632225, 0.0, 0.0, 0.0, 1.0, 4.2647, 0.0, 0.5, 0.0, 4.2647, 0.5, 0.0, 0.0, 1.0]], ["frame1.png", [0.8824945092201233, -0.012573424726724625, 0.4701545834541321, -1.2028262193196995, 0.017624374479055405, -0.9980563521385193, -0.05977268144488335, 0.15825587786061363, 0.46999233961105347, 0.061035238206386566, -0.8805577158927917, 2.4120870969431527, 0.0, 0.0, 0.0, 1.0, 4.2647, 0.0, 0.5, 0.0, 4.2647, 0.5, 0.0, 0.0, 1.0]], ["frame1_mirror.png", [0.8824945092201233, 0.012573424726724625, -0.4701545834541321, 1.2028262193196995, -0.017624374479055405, -0.9980563521385193, -0.05977268144488335, 0.15825587786061363, -0.46999233961105347, 0.061035238206386566, -0.8805577158927917, 2.4120870969431527, 0.0, 0.0, 0.0, 1.0, 4.2647, 0.0, 0.5, 0.0, 4.2647, 0.5, 0.0, 0.0, 1.0]], ["frame2.png", [0.9176685810089111, 0.009645875543355942, 0.39722952246665955, -1.0072801610279192, 0.04526785388588905, -0.995734453201294, -0.08039723336696625, 0.21014981244352746, 0.3947596251964569, 0.09175974130630493, -0.9141908884048462, 2.4962419220759675, 0.0, 0.0, 0.0, 1.0, 4.2647, 0.0, 0.5, 0.0, 4.2647, 0.5, 0.0, 0.0, 1.0]], ["frame2_mirror.png", [0.9176685810089111, -0.009645875543355942, -0.39722952246665955, 1.0072801610279192, -0.04526785388588905, -0.995734453201294, -0.08039723336696625, 0.21014981244352746, -0.3947596251964569, 0.09175974130630493, -0.9141908884048462, 2.4962419220759675, 0.0, 0.0, 0.0, 1.0, 4.2647, 0.0, 0.5, 0.0, 4.2647, 0.5, 0.0, 0.0, 1.0]]]}