{"labels": [["frame0.png", [0.9941431879997253, -0.088837169110775, 0.06154021993279457, -0.15923413324454447, -0.08580528199672699, -0.995042622089386, -0.050276532769203186, 0.13545564863409001, 0.06570156663656235, 0.04470159858465195, -0.9968374967575073, 2.6918945480948873, 0.0, 0.0, 0.0, 1.0, 4.2647, 0.0, 0.5, 0.0, 4.2647, 0.5, 0.0, 0.0, 1.0]], ["frame0_mirror.png", [0.9941431879997253, 0.088837169110775, -0.06154021993279457, 0.15923413324454447, 0.08580528199672699, -0.995042622089386, -0.050276532769203186, 0.13545564863409001, -0.06570156663656235, 0.04470159858465195, -0.9968374967575073, 2.6918945480948873, 0.0, 0.0, 0.0, 1.0, 4.2647, 0.0, 0.5, 0.0, 4.2647, 0.5, 0.0, 0.0, 1.0]], ["frame1.png", [0.9800942540168762, 0.03715001419186592, 0.19502593576908112, -0.49610435628740884, 0.04733091592788696, -0.997734785079956, -0.0478033684194088, 0.1273779739339607, 0.19280825555324554, 0.05608256906270981, -0.9796324372291565, 2.650972523325947, 0.0, 0.0, 0.0, 1.0, 4.2647, 0.0, 0.5, 0.0, 4.2647, 0.5, 0.0, 0.0, 1.0]], ["frame1_mirror.png", [0.9800942540168762, -0.03715001419186592, -0.19502593576908112, 0.49610435628740884, -0.04733091592788696, -0.997734785079956, -0.0478033684194088, 0.1273779739339607, -0.19280825555324554, 0.05608256906270981, -0.9796324372291565, 2.650972523325947, 0.0, 0.0, 0.0, 1.0, 4.2647, 0.0, 0.5, 0.0, 4.2647, 0.5, 0.0, 0.0, 1.0]], ["frame2.png", [0.9841765761375427, 0.030330780893564224, 0.17457500100135803, -0.4448935080169186, 0.03650675714015961, -0.9988120794296265, -0.03227463737130165, 0.08971443023018338, 0.17338870465755463, 0.03813710808753967, -0.9841147661209106, 2.661582440491535, 0.0, 0.0, 0.0, 1.0, 4.2647, 0.0, 0.5, 0.0, 4.2647, 0.5, 0.0, 0.0, 1.0]], ["frame2_mirror.png", [0.9841765761375427, -0.030330780893564224, -0.17457500100135803, 0.4448935080169186, -0.03650675714015961, -0.9988120794296265, -0.03227463737130165, 0.08971443023018338, -0.17338870465755463, 0.03813710808753967, -0.9841147661209106, 2.661582440491535, 0.0, 0.0, 0.0, 1.0, 4.2647, 0.0, 0.5, 0.0, 4.2647, 0.5, 0.0, 0.0, 1.0]]]}