{"labels": [["frame0.png", [0.43394482135772705, -0.13555647432804108, -0.8906830549240112, 2.335210447135112, -0.06759467720985413, -0.9907281994819641, 0.11785029619932175, -0.30492061625956324, -0.8984001278877258, 0.00906488299369812, -0.4390842318534851, 1.32053609771597, 0.0, 0.0, 0.0, 1.0, 4.2647, 0.0, 0.5, 0.0, 4.2647, 0.5, 0.0, 0.0, 1.0]], ["frame0_mirror.png", [0.43394482135772705, 0.13555647432804108, 0.8906830549240112, -2.335210447135112, 0.06759467720985413, -0.9907281994819641, 0.11785029619932175, -0.30492061625956324, 0.8984001278877258, 0.00906488299369812, -0.4390842318534851, 1.32053609771597, 0.0, 0.0, 0.0, 1.0, 4.2647, 0.0, 0.5, 0.0, 4.2647, 0.5, 0.0, 0.0, 1.0]], ["frame1.png", [0.31981009244918823, -0.13947893679141998, -0.9371590614318848, 2.4780611998216933, -0.07938075065612793, -0.9895721077919006, 0.12019059807062149, -0.3100372087909654, -0.9441505670547485, 0.03595420718193054, -0.3275470733642578, 1.0262015489675402, 0.0, 0.0, 0.0, 1.0, 4.2647, 0.0, 0.5, 0.0, 4.2647, 0.5, 0.0, 0.0, 1.0]], ["frame1_mirror.png", [0.31981009244918823, 0.13947893679141998, 0.9371590614318848, -2.4780611998216933, 0.07938075065612793, -0.9895721077919006, 0.12019059807062149, -0.3100372087909654, 0.9441505670547485, 0.03595420718193054, -0.3275470733642578, 1.0262015489675402, 0.0, 0.0, 0.0, 1.0, 4.2647, 0.0, 0.5, 0.0, 4.2647, 0.5, 0.0, 0.0, 1.0]], ["frame10.png", [0.8130783438682556, 0.017909573391079903, -0.5818787217140198, 1.4955426369038918, -0.09360316395759583, -0.9824999570846558, -0.16103504598140717, 0.41933825061789415, -0.5745798349380493, 0.18539980053901672, -0.797173023223877, 2.2085080151023404, 0.0, 0.0, 0.0, 1.0, 4.2647, 0.0, 0.5, 0.0, 4.2647, 0.5, 0.0, 0.0, 1.0]], ["frame10_mirror.png", [0.8130783438682556, -0.017909573391079903, 0.5818787217140198, -1.4955426369038918, 0.09360316395759583, -0.9824999570846558, -0.16103504598140717, 0.41933825061789415, 0.5745798349380493, 0.18539980053901672, -0.797173023223877, 2.2085080151023404, 0.0, 0.0, 0.0, 1.0, 4.2647, 0.0, 0.5, 0.0, 4.2647, 0.5, 0.0, 0.0, 1.0]], ["frame11.png", [0.8830425143241882, -0.003799221245571971, -0.46927767992019653, 1.1971734678166992, -0.09749770909547806, -0.979634165763855, -0.17553097009658813, 0.4518492111643955, -0.45905357599258423, 0.2007548063993454, -0.8654289841651917, 2.377521393873429, 0.0, 0.0, 0.0, 1.0, 4.2647, 0.0, 0.5, 0.0, 4.2647, 0.5, 0.0, 0.0, 1.0]], ["frame11_mirror.png", [0.8830425143241882, 0.003799221245571971, 0.46927767992019653, -1.1971734678166992, 0.09749770909547806, -0.979634165763855, -0.17553097009658813, 0.4518492111643955, 0.45905357599258423, 0.2007548063993454, -0.8654289841651917, 2.377521393873429, 0.0, 0.0, 0.0, 1.0, 4.2647, 0.0, 0.5, 0.0, 4.2647, 0.5, 0.0, 0.0, 1.0]], ["frame12.png", [0.8932639360427856, -0.0019137326162308455, -0.44952860474586487, 1.1434823135456813, -0.10502898693084717, -0.9732028245925903, -0.2045612931251526, 0.5277486701365243, -0.43709105253219604, 0.2299407422542572, -0.8695279359817505, 2.38829008702405, 0.0, 0.0, 0.0, 1.0, 4.2647, 0.0, 0.5, 0.0, 4.2647, 0.5, 0.0, 0.0, 1.0]], ["frame12_mirror.png", [0.8932639360427856, 0.0019137326162308455, 0.44952860474586487, -1.1434823135456813, 0.10502898693084717, -0.9732028245925903, -0.2045612931251526, 0.5277486701365243, 0.43709105253219604, 0.2299407422542572, -0.8695279359817505, 2.38829008702405, 0.0, 0.0, 0.0, 1.0, 4.2647, 0.0, 0.5, 0.0, 4.2647, 0.5, 0.0, 0.0, 1.0]], ["frame13.png", [0.8902691006660461, 0.004260545130819082, -0.45541489124298096, 1.161068105617766, -0.11328762024641037, -0.9664547443389893, -0.23050209879875183, 0.5959120834104021, -0.441119909286499, 0.2568018138408661, -0.8599221110343933, 2.363643298588568, 0.0, 0.0, 0.0, 1.0, 4.2647, 0.0, 0.5, 0.0, 4.2647, 0.5, 0.0, 0.0, 1.0]], ["frame13_mirror.png", [0.8902691006660461, -0.004260545130819082, 0.45541489124298096, -1.161068105617766, 0.11328762024641037, -0.9664547443389893, -0.23050209879875183, 0.5959120834104021, 0.441119909286499, 0.2568018138408661, -0.8599221110343933, 2.363643298588568, 0.0, 0.0, 0.0, 1.0, 4.2647, 0.0, 0.5, 0.0, 4.2647, 0.5, 0.0, 0.0, 1.0]], ["frame14.png", [0.8841577172279358, -0.0018950222292914987, -0.4671846926212311, 1.192234344803985, -0.11846677958965302, -0.9682175517082214, -0.22027374804019928, 0.569914073151385, -0.45191898941993713, 0.25010260939598083, -0.8562814593315125, 2.354522290464418, 0.0, 0.0, 0.0, 1.0, 4.2647, 0.0, 0.5, 0.0, 4.2647, 0.5, 0.0, 0.0, 1.0]], ["frame14_mirror.png", [0.8841577172279358, 0.0018950222292914987, 0.4671846926212311, -1.192234344803985, 0.11846677958965302, -0.9682175517082214, -0.22027374804019928, 0.569914073151385, 0.45191898941993713, 0.25010260939598083, -0.8562814593315125, 2.354522290464418, 0.0, 0.0, 0.0, 1.0, 4.2647, 0.0, 0.5, 0.0, 4.2647, 0.5, 0.0, 0.0, 1.0]], ["frame15.png", [0.884002685546875, -0.009275869466364384, -0.46738967299461365, 1.1864852453998889, -0.12299434095621109, -0.9691935777664185, -0.21339201927185059, 0.553766977421503, -0.45101168751716614, 0.24612541496753693, -0.857910692691803, 2.3612697637427664, 0.0, 0.0, 0.0, 1.0, 4.2647, 0.0, 0.5, 0.0, 4.2647, 0.5, 0.0, 0.0, 1.0]], ["frame15_mirror.png", [0.884002685546875, 0.009275869466364384, 0.46738967299461365, -1.1864852453998889, 0.12299434095621109, -0.9691935777664185, -0.21339201927185059, 0.553766977421503, 0.45101168751716614, 0.24612541496753693, -0.857910692691803, 2.3612697637427664, 0.0, 0.0, 0.0, 1.0, 4.2647, 0.0, 0.5, 0.0, 4.2647, 0.5, 0.0, 0.0, 1.0]], ["frame16.png", [0.8808146119117737, -0.01398399006575346, -0.4732547998428345, 1.199511790550975, -0.12673327326774597, -0.9700528383255005, -0.20721037685871124, 0.5340422902845899, -0.4561845660209656, 0.24249105155467987, -0.8562089800834656, 2.3592308696939317, 0.0, 0.0, 0.0, 1.0, 4.2647, 0.0, 0.5, 0.0, 4.2647, 0.5, 0.0, 0.0, 1.0]], ["frame16_mirror.png", [0.8808146119117737, 0.01398399006575346, 0.4732547998428345, -1.199511790550975, 0.12673327326774597, -0.9700528383255005, -0.20721037685871124, 0.5340422902845899, 0.4561845660209656, 0.24249105155467987, -0.8562089800834656, 2.3592308696939317, 0.0, 0.0, 0.0, 1.0, 4.2647, 0.0, 0.5, 0.0, 4.2647, 0.5, 0.0, 0.0, 1.0]], ["frame17.png", [0.8836033344268799, -0.008000817149877548, -0.46816787123680115, 1.1896180547563713, -0.12233790010213852, -0.9690685868263245, -0.21433517336845398, 0.551567418800195, -0.4519719183444977, 0.24666191637516022, -0.8572510480880737, 2.360208098095538, 0.0, 0.0, 0.0, 1.0, 4.2647, 0.0, 0.5, 0.0, 4.2647, 0.5, 0.0, 0.0, 1.0]], ["frame17_mirror.png", [0.8836033344268799, 0.008000817149877548, 0.46816787123680115, -1.1896180547563713, 0.12233790010213852, -0.9690685868263245, -0.21433517336845398, 0.551567418800195, 0.4519719183444977, 0.24666191637516022, -0.8572510480880737, 2.360208098095538, 0.0, 0.0, 0.0, 1.0, 4.2647, 0.0, 0.5, 0.0, 4.2647, 0.5, 0.0, 0.0, 1.0]], ["frame18.png", [0.8719633221626282, -0.0008492543129250407, -0.4895704984664917, 1.2401737480251827, -0.11907936632633209, -0.9703345894813538, -0.21040643751621246, 0.539116486516512, -0.4748684763908386, 0.24176442623138428, -0.8461973071098328, 2.336947258428239, 0.0, 0.0, 0.0, 1.0, 4.2647, 0.0, 0.5, 0.0, 4.2647, 0.5, 0.0, 0.0, 1.0]], ["frame18_mirror.png", [0.8719633221626282, 0.0008492543129250407, 0.4895704984664917, -1.2401737480251827, 0.11907936632633209, -0.9703345894813538, -0.21040643751621246, 0.539116486516512, 0.4748684763908386, 0.24176442623138428, -0.8461973071098328, 2.336947258428239, 0.0, 0.0, 0.0, 1.0, 4.2647, 0.0, 0.5, 0.0, 4.2647, 0.5, 0.0, 0.0, 1.0]], ["frame19.png", [0.868963360786438, 0.022303037345409393, -0.4943735897541046, 1.2543925416656112, -0.11598525196313858, -0.9619805812835693, -0.247266486287117, 0.6318094868650581, -0.4810926020145416, 0.2722055912017822, -0.8333390355110168, 2.3059306415677385, 0.0, 0.0, 0.0, 1.0, 4.2647, 0.0, 0.5, 0.0, 4.2647, 0.5, 0.0, 0.0, 1.0]], ["frame19_mirror.png", [0.868963360786438, -0.022303037345409393, 0.4943735897541046, -1.2543925416656112, 0.11598525196313858, -0.9619805812835693, -0.247266486287117, 0.6318094868650581, 0.4810926020145416, 0.2722055912017822, -0.8333390355110168, 2.3059306415677385, 0.0, 0.0, 0.0, 1.0, 4.2647, 0.0, 0.5, 0.0, 4.2647, 0.5, 0.0, 0.0, 1.0]], ["frame2.png", [0.28313547372817993, -0.08987215906381607, -0.9548598527908325, 2.528942970316894, -0.09192581474781036, -0.9935591220855713, 0.06625667959451675, -0.1704246653999744, -0.9546642899513245, 0.06901665031909943, -0.28957340121269226, 0.9302703296935101, 0.0, 0.0, 0.0, 1.0, 4.2647, 0.0, 0.5, 0.0, 4.2647, 0.5, 0.0, 0.0, 1.0]], ["frame2_mirror.png", [0.28313547372817993, 0.08987215906381607, 0.9548598527908325, -2.528942970316894, 0.09192581474781036, -0.9935591220855713, 0.06625667959451675, -0.1704246653999744, 0.9546642899513245, 0.06901665031909943, -0.28957340121269226, 0.9302703296935101, 0.0, 0.0, 0.0, 1.0, 4.2647, 0.0, 0.5, 0.0, 4.2647, 0.5, 0.0, 0.0, 1.0]], ["frame20.png", [0.8633827567100525, 0.018405305221676826, -0.5042137503623962, 1.2848815136418223, -0.11144185066223145, -0.9676967859268188, -0.2261495739221573, 0.5766658585581999, -0.49208834767341614, 0.25144413113594055, -0.8334416151046753, 2.303591974173125, 0.0, 0.0, 0.0, 1.0, 4.2647, 0.0, 0.5, 0.0, 4.2647, 0.5, 0.0, 0.0, 1.0]], ["frame20_mirror.png", [0.8633827567100525, -0.018405305221676826, 0.5042137503623962, -1.2848815136418223, 0.11144185066223145, -0.9676967859268188, -0.2261495739221573, 0.5766658585581999, 0.49208834767341614, 0.25144413113594055, -0.8334416151046753, 2.303591974173125, 0.0, 0.0, 0.0, 1.0, 4.2647, 0.0, 0.5, 0.0, 4.2647, 0.5, 0.0, 0.0, 1.0]], ["frame21.png", [0.8640937209129333, 0.01878439448773861, -0.5029802918434143, 1.2832577994201373, -0.12745998799800873, -0.9585650563240051, -0.2547683119773865, 0.6578480755785582, -0.48692503571510315, 0.2842535674571991, -0.8258957862854004, 2.2826487530246466, 0.0, 0.0, 0.0, 1.0, 4.2647, 0.0, 0.5, 0.0, 4.2647, 0.5, 0.0, 0.0, 1.0]], ["frame21_mirror.png", [0.8640937209129333, -0.01878439448773861, 0.5029802918434143, -1.2832577994201373, 0.12745998799800873, -0.9585650563240051, -0.2547683119773865, 0.6578480755785582, 0.48692503571510315, 0.2842535674571991, -0.8258957862854004, 2.2826487530246466, 0.0, 0.0, 0.0, 1.0, 4.2647, 0.0, 0.5, 0.0, 4.2647, 0.5, 0.0, 0.0, 1.0]], ["frame22.png", [0.8596962690353394, 0.03367607295513153, -0.5096942186355591, 1.3007099535950173, -0.12827932834625244, -0.9516136050224304, -0.2792417109012604, 0.721822208376256, -0.49443575739860535, 0.3054462969303131, -0.8137787580490112, 2.2532479482102437, 0.0, 0.0, 0.0, 1.0, 4.2647, 0.0, 0.5, 0.0, 4.2647, 0.5, 0.0, 0.0, 1.0]], ["frame22_mirror.png", [0.8596962690353394, -0.03367607295513153, 0.5096942186355591, -1.3007099535950173, 0.12827932834625244, -0.9516136050224304, -0.2792417109012604, 0.721822208376256, 0.49443575739860535, 0.3054462969303131, -0.8137787580490112, 2.2532479482102437, 0.0, 0.0, 0.0, 1.0, 4.2647, 0.0, 0.5, 0.0, 4.2647, 0.5, 0.0, 0.0, 1.0]], ["frame23.png", [0.8606271147727966, 0.01866627298295498, -0.5088934302330017, 1.2978715000721492, -0.13995489478111267, -0.9521756768226624, -0.2716139554977417, 0.6977393615530326, -0.4896259009838104, 0.30498048663139343, -0.8168557286262512, 2.2624520663740117, 0.0, 0.0, 0.0, 1.0, 4.2647, 0.0, 0.5, 0.0, 4.2647, 0.5, 0.0, 0.0, 1.0]], ["frame23_mirror.png", [0.8606271147727966, -0.01866627298295498, 0.5088934302330017, -1.2978715000721492, 0.13995489478111267, -0.9521756768226624, -0.2716139554977417, 0.6977393615530326, 0.4896259009838104, 0.30498048663139343, -0.8168557286262512, 2.2624520663740117, 0.0, 0.0, 0.0, 1.0, 4.2647, 0.0, 0.5, 0.0, 4.2647, 0.5, 0.0, 0.0, 1.0]], ["frame24.png", [0.8556828498840332, 0.011745374649763107, -0.5173673629760742, 1.3231465287786863, -0.15243642032146454, -0.9496653079986572, -0.27367669343948364, 0.7075809983623674, -0.4945403039455414, 0.31304606795310974, -0.8108218908309937, 2.244685366401588, 0.0, 0.0, 0.0, 1.0, 4.2647, 0.0, 0.5, 0.0, 4.2647, 0.5, 0.0, 0.0, 1.0]], ["frame24_mirror.png", [0.8556828498840332, -0.011745374649763107, 0.5173673629760742, -1.3231465287786863, 0.15243642032146454, -0.9496653079986572, -0.27367669343948364, 0.7075809983623674, 0.4945403039455414, 0.31304606795310974, -0.8108218908309937, 2.244685366401588, 0.0, 0.0, 0.0, 1.0, 4.2647, 0.0, 0.5, 0.0, 4.2647, 0.5, 0.0, 0.0, 1.0]], ["frame25.png", [0.853702962398529, 0.014491727575659752, -0.5205585956573486, 1.3288360168301976, -0.15033340454101562, -0.9501965045928955, -0.27299532294273376, 0.7048531747069897, -0.4985891282558441, 0.3113142251968384, -0.8090070486068726, 2.2421812688719736, 0.0, 0.0, 0.0, 1.0, 4.2647, 0.0, 0.5, 0.0, 4.2647, 0.5, 0.0, 0.0, 1.0]], ["frame25_mirror.png", [0.853702962398529, -0.014491727575659752, 0.5205585956573486, -1.3288360168301976, 0.15033340454101562, -0.9501965045928955, -0.27299532294273376, 0.7048531747069897, 0.4985891282558441, 0.3113142251968384, -0.8090070486068726, 2.2421812688719736, 0.0, 0.0, 0.0, 1.0, 4.2647, 0.0, 0.5, 0.0, 4.2647, 0.5, 0.0, 0.0, 1.0]], ["frame26.png", [0.8501394987106323, 0.016862517222762108, -0.5262874960899353, 1.3454319839653999, -0.16017475724220276, -0.9438404440879822, -0.288979709148407, 0.7505667837333302, -0.5016043782234192, 0.329971045255661, -0.7996950745582581, 2.2173096941291566, 0.0, 0.0, 0.0, 1.0, 4.2647, 0.0, 0.5, 0.0, 4.2647, 0.5, 0.0, 0.0, 1.0]], ["frame26_mirror.png", [0.8501394987106323, -0.016862517222762108, 0.5262874960899353, -1.3454319839653999, 0.16017475724220276, -0.9438404440879822, -0.288979709148407, 0.7505667837333302, 0.5016043782234192, 0.329971045255661, -0.7996950745582581, 2.2173096941291566, 0.0, 0.0, 0.0, 1.0, 4.2647, 0.0, 0.5, 0.0, 4.2647, 0.5, 0.0, 0.0, 1.0]], ["frame27.png", [0.8494301438331604, 0.017332907766103745, -0.5274163484573364, 1.3505068032304075, -0.1622491478919983, -0.9424678087234497, -0.29228338599205017, 0.7597546430101673, -0.5021390318870544, 0.33384716510772705, -0.7977483868598938, 2.2110866687791506, 0.0, 0.0, 0.0, 1.0, 4.2647, 0.0, 0.5, 0.0, 4.2647, 0.5, 0.0, 0.0, 1.0]], ["frame27_mirror.png", [0.8494301438331604, -0.017332907766103745, 0.5274163484573364, -1.3505068032304075, 0.1622491478919983, -0.9424678087234497, -0.29228338599205017, 0.7597546430101673, 0.5021390318870544, 0.33384716510772705, -0.7977483868598938, 2.2110866687791506, 0.0, 0.0, 0.0, 1.0, 4.2647, 0.0, 0.5, 0.0, 4.2647, 0.5, 0.0, 0.0, 1.0]], ["frame28.png", [0.8524178266525269, 0.019889939576387405, -0.5224828720092773, 1.3385138030254629, -0.14898385107517242, -0.9486122131347656, -0.2791753113269806, 0.7097621420434737, -0.5011863708496094, 0.3158155083656311, -0.8056505918502808, 2.234864313740808, 0.0, 0.0, 0.0, 1.0, 4.2647, 0.0, 0.5, 0.0, 4.2647, 0.5, 0.0, 0.0, 1.0]], ["frame28_mirror.png", [0.8524178266525269, -0.019889939576387405, 0.5224828720092773, -1.3385138030254629, 0.14898385107517242, -0.9486122131347656, -0.2791753113269806, 0.7097621420434737, 0.5011863708496094, 0.3158155083656311, -0.8056505918502808, 2.234864313740808, 0.0, 0.0, 0.0, 1.0, 4.2647, 0.0, 0.5, 0.0, 4.2647, 0.5, 0.0, 0.0, 1.0]], ["frame29.png", [0.856916606426239, 0.011854625307023525, -0.5153188109397888, 1.318375840749881, -0.15050406754016876, -0.9504163265228271, -0.272134929895401, 0.702981815726491, -0.49299347400665283, 0.31075453758239746, -0.81264328956604, 2.248933460395156, 0.0, 0.0, 0.0, 1.0, 4.2647, 0.0, 0.5, 0.0, 4.2647, 0.5, 0.0, 0.0, 1.0]], ["frame29_mirror.png", [0.856916606426239, -0.011854625307023525, 0.5153188109397888, -1.318375840749881, 0.15050406754016876, -0.9504163265228271, -0.272134929895401, 0.702981815726491, 0.49299347400665283, 0.31075453758239746, -0.81264328956604, 2.248933460395156, 0.0, 0.0, 0.0, 1.0, 4.2647, 0.0, 0.5, 0.0, 4.2647, 0.5, 0.0, 0.0, 1.0]], ["frame3.png", [0.29149705171585083, -0.08114935457706451, -0.9531233906745911, 2.521895955160054, -0.0939207375049591, -0.9940087199211121, 0.05590624362230301, -0.14434336769148856, -0.9519497156143188, 0.07322151958942413, -0.2973722219467163, 0.9535228280176833, 0.0, 0.0, 0.0, 1.0, 4.2647, 0.0, 0.5, 0.0, 4.2647, 0.5, 0.0, 0.0, 1.0]], ["frame3_mirror.png", [0.29149705171585083, 0.08114935457706451, 0.9531233906745911, -2.521895955160054, 0.0939207375049591, -0.9940087199211121, 0.05590624362230301, -0.14434336769148856, 0.9519497156143188, 0.07322151958942413, -0.2973722219467163, 0.9535228280176833, 0.0, 0.0, 0.0, 1.0, 4.2647, 0.0, 0.5, 0.0, 4.2647, 0.5, 0.0, 0.0, 1.0]], ["frame30.png", [0.8577592372894287, 0.005904705263674259, -0.5140177607536316, 1.3132396443139027, -0.14921966195106506, -0.9540181756019592, -0.2599671483039856, 0.6701088378815644, -0.49191731214523315, 0.29969078302383423, -0.8174367547035217, 2.261936290436871, 0.0, 0.0, 0.0, 1.0, 4.2647, 0.0, 0.5, 0.0, 4.2647, 0.5, 0.0, 0.0, 1.0]], ["frame30_mirror.png", [0.8577592372894287, -0.005904705263674259, 0.5140177607536316, -1.3132396443139027, 0.14921966195106506, -0.9540181756019592, -0.2599671483039856, 0.6701088378815644, 0.49191731214523315, 0.29969078302383423, -0.8174367547035217, 2.261936290436871, 0.0, 0.0, 0.0, 1.0, 4.2647, 0.0, 0.5, 0.0, 4.2647, 0.5, 0.0, 0.0, 1.0]], ["frame31.png", [0.8534192442893982, 0.011494966223835945, -0.5210983157157898, 1.3328623301047045, -0.15696141123771667, -0.9476804137229919, -0.2779656946659088, 0.7190262415929074, -0.4970299005508423, 0.3190135955810547, -0.8069644570350647, 2.235280580349732, 0.0, 0.0, 0.0, 1.0, 4.2647, 0.0, 0.5, 0.0, 4.2647, 0.5, 0.0, 0.0, 1.0]], ["frame31_mirror.png", [0.8534192442893982, -0.011494966223835945, 0.5210983157157898, -1.3328623301047045, 0.15696141123771667, -0.9476804137229919, -0.2779656946659088, 0.7190262415929074, 0.4970299005508423, 0.3190135955810547, -0.8069644570350647, 2.235280580349732, 0.0, 0.0, 0.0, 1.0, 4.2647, 0.0, 0.5, 0.0, 4.2647, 0.5, 0.0, 0.0, 1.0]], ["frame32.png", [0.855956494808197, 0.01233020331710577, -0.5169007778167725, 1.3250633355114014, -0.1591014713048935, -0.9449281096458435, -0.2860028147697449, 0.7442891226758966, -0.4919605851173401, 0.32704561948776245, -0.8068556189537048, 2.2316453254829147, 0.0, 0.0, 0.0, 1.0, 4.2647, 0.0, 0.5, 0.0, 4.2647, 0.5, 0.0, 0.0, 1.0]], ["frame32_mirror.png", [0.855956494808197, -0.01233020331710577, 0.5169007778167725, -1.3250633355114014, 0.1591014713048935, -0.9449281096458435, -0.2860028147697449, 0.7442891226758966, 0.4919605851173401, 0.32704561948776245, -0.8068556189537048, 2.2316453254829147, 0.0, 0.0, 0.0, 1.0, 4.2647, 0.0, 0.5, 0.0, 4.2647, 0.5, 0.0, 0.0, 1.0]], ["frame33.png", [0.8493843078613281, 0.014864671044051647, -0.5275654792785645, 1.3541531944849787, -0.1566975712776184, -0.9474263191223145, -0.2789788842201233, 0.7207985565615564, -0.5039763450622559, 0.31962850689888, -0.8023998141288757, 2.22187276114653, 0.0, 0.0, 0.0, 1.0, 4.2647, 0.0, 0.5, 0.0, 4.2647, 0.5, 0.0, 0.0, 1.0]], ["frame33_mirror.png", [0.8493843078613281, -0.014864671044051647, 0.5275654792785645, -1.3541531944849787, 0.1566975712776184, -0.9474263191223145, -0.2789788842201233, 0.7207985565615564, 0.5039763450622559, 0.31962850689888, -0.8023998141288757, 2.22187276114653, 0.0, 0.0, 0.0, 1.0, 4.2647, 0.0, 0.5, 0.0, 4.2647, 0.5, 0.0, 0.0, 1.0]], ["frame34.png", [0.8506190776824951, 0.014666526578366756, -0.5255778431892395, 1.3429222636103995, -0.16155463457107544, -0.9439629316329956, -0.2878091335296631, 0.7437512925289919, -0.5003471970558167, 0.3297255039215088, -0.8005834221839905, 2.2211244469324485, 0.0, 0.0, 0.0, 1.0, 4.2647, 0.0, 0.5, 0.0, 4.2647, 0.5, 0.0, 0.0, 1.0]], ["frame34_mirror.png", [0.8506190776824951, -0.014666526578366756, 0.5255778431892395, -1.3429222636103995, 0.16155463457107544, -0.9439629316329956, -0.2878091335296631, 0.7437512925289919, 0.5003471970558167, 0.3297255039215088, -0.8005834221839905, 2.2211244469324485, 0.0, 0.0, 0.0, 1.0, 4.2647, 0.0, 0.5, 0.0, 4.2647, 0.5, 0.0, 0.0, 1.0]], ["frame35.png", [0.8490217924118042, 0.01369289867579937, -0.5281803011894226, 1.3560988550862738, -0.16786979138851166, -0.940875232219696, -0.29423367977142334, 0.7550958177399376, -0.5009807348251343, 0.3384763300418854, -0.7965250611305237, 2.2092591973929525, 0.0, 0.0, 0.0, 1.0, 4.2647, 0.0, 0.5, 0.0, 4.2647, 0.5, 0.0, 0.0, 1.0]], ["frame35_mirror.png", [0.8490217924118042, -0.01369289867579937, 0.5281803011894226, -1.3560988550862738, 0.16786979138851166, -0.940875232219696, -0.29423367977142334, 0.7550958177399376, 0.5009807348251343, 0.3384763300418854, -0.7965250611305237, 2.2092591973929525, 0.0, 0.0, 0.0, 1.0, 4.2647, 0.0, 0.5, 0.0, 4.2647, 0.5, 0.0, 0.0, 1.0]], ["frame36.png", [0.8467075228691101, 0.018213097006082535, -0.5317468047142029, 1.364446009938754, -0.16827258467674255, -0.9389476180076599, -0.30010297894477844, 0.7742580493100581, -0.5047482252120972, 0.3435778319835663, -0.7919492125511169, 2.197455701269265, 0.0, 0.0, 0.0, 1.0, 4.2647, 0.0, 0.5, 0.0, 4.2647, 0.5, 0.0, 0.0, 1.0]], ["frame36_mirror.png", [0.8467075228691101, -0.018213097006082535, 0.5317468047142029, -1.364446009938754, 0.16827258467674255, -0.9389476180076599, -0.30010297894477844, 0.7742580493100581, 0.5047482252120972, 0.3435778319835663, -0.7919492125511169, 2.197455701269265, 0.0, 0.0, 0.0, 1.0, 4.2647, 0.0, 0.5, 0.0, 4.2647, 0.5, 0.0, 0.0, 1.0]], ["frame37.png", [0.8570477962493896, -0.003282932098954916, -0.5152265429496765, 1.3184358888478014, -0.1666380912065506, -0.9480023384094238, -0.27115175127983093, 0.6961608644081589, -0.48754584789276123, 0.31824633479118347, -0.8130303621292114, 2.2510190709686566, 0.0, 0.0, 0.0, 1.0, 4.2647, 0.0, 0.5, 0.0, 4.2647, 0.5, 0.0, 0.0, 1.0]], ["frame37_mirror.png", [0.8570477962493896, 0.003282932098954916, 0.5152265429496765, -1.3184358888478014, 0.1666380912065506, -0.9480023384094238, -0.27115175127983093, 0.6961608644081589, 0.48754584789276123, 0.31824633479118347, -0.8130303621292114, 2.2510190709686566, 0.0, 0.0, 0.0, 1.0, 4.2647, 0.0, 0.5, 0.0, 4.2647, 0.5, 0.0, 0.0, 1.0]], ["frame38.png", [0.8551046848297119, -0.005277227144688368, -0.5184285044670105, 1.3206504818924722, -0.1594003438949585, -0.954190194606781, -0.2532046139240265, 0.6481316123218354, -0.49334320425987244, 0.2991541624069214, -0.8167736530303955, 2.264024672521543, 0.0, 0.0, 0.0, 1.0, 4.2647, 0.0, 0.5, 0.0, 4.2647, 0.5, 0.0, 0.0, 1.0]], ["frame38_mirror.png", [0.8551046848297119, 0.005277227144688368, 0.5184285044670105, -1.3206504818924722, 0.1594003438949585, -0.954190194606781, -0.2532046139240265, 0.6481316123218354, 0.49334320425987244, 0.2991541624069214, -0.8167736530303955, 2.264024672521543, 0.0, 0.0, 0.0, 1.0, 4.2647, 0.0, 0.5, 0.0, 4.2647, 0.5, 0.0, 0.0, 1.0]], ["frame39.png", [0.871104896068573, -0.015276764519512653, -0.49085938930511475, 1.254620154115363, -0.165208101272583, -0.9503771662712097, -0.2636088728904724, 0.676374614184205, -0.4624744653701782, 0.3107249140739441, -0.8304020166397095, 2.2931300988331893, 0.0, 0.0, 0.0, 1.0, 4.2647, 0.0, 0.5, 0.0, 4.2647, 0.5, 0.0, 0.0, 1.0]], ["frame39_mirror.png", [0.871104896068573, 0.015276764519512653, 0.49085938930511475, -1.254620154115363, 0.165208101272583, -0.9503771662712097, -0.2636088728904724, 0.676374614184205, 0.4624744653701782, 0.3107249140739441, -0.8304020166397095, 2.2931300988331893, 0.0, 0.0, 0.0, 1.0, 4.2647, 0.0, 0.5, 0.0, 4.2647, 0.5, 0.0, 0.0, 1.0]], ["frame4.png", [0.3104995787143707, -0.06541150063276291, -0.9483202695846558, 2.5080445734945687, -0.09123940020799637, -0.9950742721557617, 0.03876275569200516, -0.10245584559734111, -0.9461846351623535, 0.0744883343577385, -0.3149382472038269, 0.9945929906586815, 0.0, 0.0, 0.0, 1.0, 4.2647, 0.0, 0.5, 0.0, 4.2647, 0.5, 0.0, 0.0, 1.0]], ["frame4_mirror.png", [0.3104995787143707, 0.06541150063276291, 0.9483202695846558, -2.5080445734945687, 0.09123940020799637, -0.9950742721557617, 0.03876275569200516, -0.10245584559734111, 0.9461846351623535, 0.0744883343577385, -0.3149382472038269, 0.9945929906586815, 0.0, 0.0, 0.0, 1.0, 4.2647, 0.0, 0.5, 0.0, 4.2647, 0.5, 0.0, 0.0, 1.0]], ["frame40.png", [0.902553379535675, -0.023491067811846733, -0.4299366772174835, 1.0930821566686748, -0.1394280344247818, -0.9606558680534363, -0.2402084320783615, 0.6180927204119462, -0.4073784649372101, 0.27674615383148193, -0.8703185319900513, 2.390216054616469, 0.0, 0.0, 0.0, 1.0, 4.2647, 0.0, 0.5, 0.0, 4.2647, 0.5, 0.0, 0.0, 1.0]], ["frame40_mirror.png", [0.902553379535675, 0.023491067811846733, 0.4299366772174835, -1.0930821566686748, 0.1394280344247818, -0.9606558680534363, -0.2402084320783615, 0.6180927204119462, 0.4073784649372101, 0.27674615383148193, -0.8703185319900513, 2.390216054616469, 0.0, 0.0, 0.0, 1.0, 4.2647, 0.0, 0.5, 0.0, 4.2647, 0.5, 0.0, 0.0, 1.0]], ["frame41.png", [0.9182231426239014, -0.018081707879900932, -0.3956504166126251, 1.004895402912855, -0.13101816177368164, -0.9565837979316711, -0.2603491246700287, 0.6665492786212045, -0.3737652599811554, 0.2908959686756134, -0.8807264566421509, 2.415760188506749, 0.0, 0.0, 0.0, 1.0, 4.2647, 0.0, 0.5, 0.0, 4.2647, 0.5, 0.0, 0.0, 1.0]], ["frame41_mirror.png", [0.9182231426239014, 0.018081707879900932, 0.3956504166126251, -1.004895402912855, 0.13101816177368164, -0.9565837979316711, -0.2603491246700287, 0.6665492786212045, 0.3737652599811554, 0.2908959686756134, -0.8807264566421509, 2.415760188506749, 0.0, 0.0, 0.0, 1.0, 4.2647, 0.0, 0.5, 0.0, 4.2647, 0.5, 0.0, 0.0, 1.0]], ["frame42.png", [0.9231724739074707, -0.019297117367386818, -0.38390135765075684, 0.9707203249010548, -0.12216970324516296, -0.9616819620132446, -0.24544329941272736, 0.6289101776376452, -0.3644546568393707, 0.2734875977039337, -0.8901557922363281, 2.4397077774372438, 0.0, 0.0, 0.0, 1.0, 4.2647, 0.0, 0.5, 0.0, 4.2647, 0.5, 0.0, 0.0, 1.0]], ["frame42_mirror.png", [0.9231724739074707, 0.019297117367386818, 0.38390135765075684, -0.9707203249010548, 0.12216970324516296, -0.9616819620132446, -0.24544329941272736, 0.6289101776376452, 0.3644546568393707, 0.2734875977039337, -0.8901557922363281, 2.4397077774372438, 0.0, 0.0, 0.0, 1.0, 4.2647, 0.0, 0.5, 0.0, 4.2647, 0.5, 0.0, 0.0, 1.0]], ["frame43.png", [0.9327220320701599, -0.04231264814734459, -0.35810500383377075, 0.9064267896140915, -0.13511446118354797, -0.961751401424408, -0.23828203976154327, 0.6116789847392498, -0.3343256413936615, 0.27063608169555664, -0.902763843536377, 2.4686513108777137, 0.0, 0.0, 0.0, 1.0, 4.2647, 0.0, 0.5, 0.0, 4.2647, 0.5, 0.0, 0.0, 1.0]], ["frame43_mirror.png", [0.9327220320701599, 0.04231264814734459, 0.35810500383377075, -0.9064267896140915, 0.13511446118354797, -0.961751401424408, -0.23828203976154327, 0.6116789847392498, 0.3343256413936615, 0.27063608169555664, -0.902763843536377, 2.4686513108777137, 0.0, 0.0, 0.0, 1.0, 4.2647, 0.0, 0.5, 0.0, 4.2647, 0.5, 0.0, 0.0, 1.0]], ["frame44.png", [0.9352176189422607, -0.03446856886148453, -0.35239169001579285, 0.8915716023839928, -0.12586191296577454, -0.9626114964485168, -0.23987068235874176, 0.6134305924242714, -0.33094826340675354, 0.2686839997768402, -0.9045894742012024, 2.47362143144428, 0.0, 0.0, 0.0, 1.0, 4.2647, 0.0, 0.5, 0.0, 4.2647, 0.5, 0.0, 0.0, 1.0]], ["frame44_mirror.png", [0.9352176189422607, 0.03446856886148453, 0.35239169001579285, -0.8915716023839928, 0.12586191296577454, -0.9626114964485168, -0.23987068235874176, 0.6134305924242714, 0.33094826340675354, 0.2686839997768402, -0.9045894742012024, 2.47362143144428, 0.0, 0.0, 0.0, 1.0, 4.2647, 0.0, 0.5, 0.0, 4.2647, 0.5, 0.0, 0.0, 1.0]], ["frame45.png", [0.9487301111221313, -0.044238392263650894, -0.3129763901233673, 0.7935125028699691, -0.12964490056037903, -0.9575001001358032, -0.25765445828437805, 0.6551385938663549, -0.28827670216560364, 0.28502029180526733, -0.9141443967819214, 2.496223413602207, 0.0, 0.0, 0.0, 1.0, 4.2647, 0.0, 0.5, 0.0, 4.2647, 0.5, 0.0, 0.0, 1.0]], ["frame45_mirror.png", [0.9487301111221313, 0.044238392263650894, 0.3129763901233673, -0.7935125028699691, 0.12964490056037903, -0.9575001001358032, -0.25765445828437805, 0.6551385938663549, 0.28827670216560364, 0.28502029180526733, -0.9141443967819214, 2.496223413602207, 0.0, 0.0, 0.0, 1.0, 4.2647, 0.0, 0.5, 0.0, 4.2647, 0.5, 0.0, 0.0, 1.0]], ["frame46.png", [0.9287183284759521, -0.023400792852044106, -0.3700469136238098, 0.9349743255802906, -0.11891157925128937, -0.9640893936157227, -0.2374696433544159, 0.607902726576132, -0.35120129585266113, 0.2645452916622162, -0.8981500267982483, 2.4589179094729836, 0.0, 0.0, 0.0, 1.0, 4.2647, 0.0, 0.5, 0.0, 4.2647, 0.5, 0.0, 0.0, 1.0]], ["frame46_mirror.png", [0.9287183284759521, 0.023400792852044106, 0.3700469136238098, -0.9349743255802906, 0.11891157925128937, -0.9640893936157227, -0.2374696433544159, 0.607902726576132, 0.35120129585266113, 0.2645452916622162, -0.8981500267982483, 2.4589179094729836, 0.0, 0.0, 0.0, 1.0, 4.2647, 0.0, 0.5, 0.0, 4.2647, 0.5, 0.0, 0.0, 1.0]], ["frame47.png", [0.9413406848907471, -0.045591823756694794, -0.3343638479709625, 0.8475993312961781, -0.1355426162481308, -0.958475649356842, -0.2509036958217621, 0.6376281619307668, -0.3090404272079468, 0.28150638937950134, -0.9084317088127136, 2.4829429515595125, 0.0, 0.0, 0.0, 1.0, 4.2647, 0.0, 0.5, 0.0, 4.2647, 0.5, 0.0, 0.0, 1.0]], ["frame47_mirror.png", [0.9413406848907471, 0.045591823756694794, 0.3343638479709625, -0.8475993312961781, 0.1355426162481308, -0.958475649356842, -0.2509036958217621, 0.6376281619307668, 0.3090404272079468, 0.28150638937950134, -0.9084317088127136, 2.4829429515595125, 0.0, 0.0, 0.0, 1.0, 4.2647, 0.0, 0.5, 0.0, 4.2647, 0.5, 0.0, 0.0, 1.0]], ["frame48.png", [0.8981465697288513, -0.0020167964976280928, -0.43969154357910156, 1.116202411046591, -0.12881803512573242, -0.9573183655738831, -0.25874221324920654, 0.6660703709170976, -0.4204029440879822, 0.2890286445617676, -0.8600719571113586, 2.366525393601374, 0.0, 0.0, 0.0, 1.0, 4.2647, 0.0, 0.5, 0.0, 4.2647, 0.5, 0.0, 0.0, 1.0]], ["frame48_mirror.png", [0.8981465697288513, 0.0020167964976280928, 0.43969154357910156, -1.116202411046591, 0.12881803512573242, -0.9573183655738831, -0.25874221324920654, 0.6660703709170976, 0.4204029440879822, 0.2890286445617676, -0.8600719571113586, 2.366525393601374, 0.0, 0.0, 0.0, 1.0, 4.2647, 0.0, 0.5, 0.0, 4.2647, 0.5, 0.0, 0.0, 1.0]], ["frame49.png", [0.9439240097999573, -0.03781061992049217, -0.32799065113067627, 0.8383837608107476, -0.11501100659370422, -0.9688547253608704, -0.21930091083049774, 0.5575445250808024, -0.3094833791255951, 0.24472591280937195, -0.9188739061355591, 2.5052458506424573, 0.0, 0.0, 0.0, 1.0, 4.2647, 0.0, 0.5, 0.0, 4.2647, 0.5, 0.0, 0.0, 1.0]], ["frame49_mirror.png", [0.9439240097999573, 0.03781061992049217, 0.32799065113067627, -0.8383837608107476, 0.11501100659370422, -0.9688547253608704, -0.21930091083049774, 0.5575445250808024, 0.3094833791255951, 0.24472591280937195, -0.9188739061355591, 2.5052458506424573, 0.0, 0.0, 0.0, 1.0, 4.2647, 0.0, 0.5, 0.0, 4.2647, 0.5, 0.0, 0.0, 1.0]], ["frame5.png", [0.4540565013885498, -0.05346206575632095, -0.8893674612045288, 2.326183812924917, -0.09421087056398392, -0.9954829812049866, 0.011742634698748589, -0.03908309961796083, -0.8859779834747314, 0.07845626771450043, -0.45704224705696106, 1.3701610780526308, 0.0, 0.0, 0.0, 1.0, 4.2647, 0.0, 0.5, 0.0, 4.2647, 0.5, 0.0, 0.0, 1.0]], ["frame5_mirror.png", [0.4540565013885498, 0.05346206575632095, 0.8893674612045288, -2.326183812924917, 0.09421087056398392, -0.9954829812049866, 0.011742634698748589, -0.03908309961796083, 0.8859779834747314, 0.07845626771450043, -0.45704224705696106, 1.3701610780526308, 0.0, 0.0, 0.0, 1.0, 4.2647, 0.0, 0.5, 0.0, 4.2647, 0.5, 0.0, 0.0, 1.0]], ["frame6.png", [0.6976300477981567, -0.0011495049111545086, -0.7164572477340698, 1.8467657141738298, -0.07208764553070068, -0.9950366020202637, -0.06859684735536575, 0.18016883315466495, -0.7128223776817322, 0.09950294345617294, -0.6942502856254578, 1.9613759426769037, 0.0, 0.0, 0.0, 1.0, 4.2647, 0.0, 0.5, 0.0, 4.2647, 0.5, 0.0, 0.0, 1.0]], ["frame6_mirror.png", [0.6976300477981567, 0.0011495049111545086, 0.7164572477340698, -1.8467657141738298, 0.07208764553070068, -0.9950366020202637, -0.06859684735536575, 0.18016883315466495, 0.7128223776817322, 0.09950294345617294, -0.6942502856254578, 1.9613759426769037, 0.0, 0.0, 0.0, 1.0, 4.2647, 0.0, 0.5, 0.0, 4.2647, 0.5, 0.0, 0.0, 1.0]], ["frame7.png", [0.7620481848716736, 0.002869177609682083, -0.6475139260292053, 1.663735227691603, -0.09330720454454422, -0.9890668988227844, -0.11419429630041122, 0.29517729457068603, -0.6407622694969177, 0.14743928611278534, -0.7534489631652832, 2.10590965069917, 0.0, 0.0, 0.0, 1.0, 4.2647, 0.0, 0.5, 0.0, 4.2647, 0.5, 0.0, 0.0, 1.0]], ["frame7_mirror.png", [0.7620481848716736, -0.002869177609682083, 0.6475139260292053, -1.663735227691603, 0.09330720454454422, -0.9890668988227844, -0.11419429630041122, 0.29517729457068603, 0.6407622694969177, 0.14743928611278534, -0.7534489631652832, 2.10590965069917, 0.0, 0.0, 0.0, 1.0, 4.2647, 0.0, 0.5, 0.0, 4.2647, 0.5, 0.0, 0.0, 1.0]], ["frame8.png", [0.7692912817001343, 0.004336546175181866, -0.6388835310935974, 1.6465725381228722, -0.0949169248342514, -0.9881043434143066, -0.12099813669919968, 0.30902168242368583, -0.631808340549469, 0.15372367203235626, -0.7597284317016602, 2.1173815141564916, 0.0, 0.0, 0.0, 1.0, 4.2647, 0.0, 0.5, 0.0, 4.2647, 0.5, 0.0, 0.0, 1.0]], ["frame8_mirror.png", [0.7692912817001343, -0.004336546175181866, 0.6388835310935974, -1.6465725381228722, 0.0949169248342514, -0.9881043434143066, -0.12099813669919968, 0.30902168242368583, 0.631808340549469, 0.15372367203235626, -0.7597284317016602, 2.1173815141564916, 0.0, 0.0, 0.0, 1.0, 4.2647, 0.0, 0.5, 0.0, 4.2647, 0.5, 0.0, 0.0, 1.0]], ["frame9.png", [0.7756034135818481, 0.014418221078813076, -0.6310558319091797, 1.6202746641539034, -0.08989354968070984, -0.9870261549949646, -0.13303561508655548, 0.33634978706554497, -0.6247867345809937, 0.15991073846817017, -0.7642447352409363, 2.133442952938259, 0.0, 0.0, 0.0, 1.0, 4.2647, 0.0, 0.5, 0.0, 4.2647, 0.5, 0.0, 0.0, 1.0]], ["frame9_mirror.png", [0.7756034135818481, -0.014418221078813076, 0.6310558319091797, -1.6202746641539034, 0.08989354968070984, -0.9870261549949646, -0.13303561508655548, 0.33634978706554497, 0.6247867345809937, 0.15991073846817017, -0.7642447352409363, 2.133442952938259, 0.0, 0.0, 0.0, 1.0, 4.2647, 0.0, 0.5, 0.0, 4.2647, 0.5, 0.0, 0.0, 1.0]]]}