{"labels": [["frame0.png", [0.9119391441345215, 0.08420797437429428, -0.40159186720848083, 1.0261710509496735, 0.11110273003578186, -0.992829442024231, 0.044111382216215134, -0.09637869793825524, -0.3949977159500122, -0.08484485000371933, -0.9147557616233826, 2.4955328330391833, 0.0, 0.0, 0.0, 1.0, 4.2647, 0.0, 0.5, 0.0, 4.2647, 0.5, 0.0, 0.0, 1.0]], ["frame0_mirror.png", [0.9119391441345215, -0.08420797437429428, 0.40159186720848083, -1.0261710509496735, -0.11110273003578186, -0.992829442024231, 0.044111382216215134, -0.09637869793825524, 0.3949977159500122, -0.08484485000371933, -0.9147557616233826, 2.4955328330391833, 0.0, 0.0, 0.0, 1.0, 4.2647, 0.0, 0.5, 0.0, 4.2647, 0.5, 0.0, 0.0, 1.0]], ["frame1.png", [0.8530494570732117, 0.20191751420497894, -0.481181800365448, 1.2305862870184083, 0.19119876623153687, -0.9789202213287354, -0.07182135432958603, 0.1732964172695233, -0.48554056882858276, -0.03073420375585556, -0.8736737370491028, 2.3970034922719234, 0.0, 0.0, 0.0, 1.0, 4.2647, 0.0, 0.5, 0.0, 4.2647, 0.5, 0.0, 0.0, 1.0]], ["frame1_mirror.png", [0.8530494570732117, -0.20191751420497894, 0.481181800365448, -1.2305862870184083, -0.19119876623153687, -0.9789202213287354, -0.07182135432958603, 0.1732964172695233, 0.48554056882858276, -0.03073420375585556, -0.8736737370491028, 2.3970034922719234, 0.0, 0.0, 0.0, 1.0, 4.2647, 0.0, 0.5, 0.0, 4.2647, 0.5, 0.0, 0.0, 1.0]], ["frame2.png", [0.864264965057373, 0.16945159435272217, -0.47363710403442383, 1.2173307092109857, 0.14336660504341125, -0.9854801893234253, -0.090965136885643, 0.24361146898919003, -0.48217418789863586, 0.010714232921600342, -0.8760098218917847, 2.397657064008281, 0.0, 0.0, 0.0, 1.0, 4.2647, 0.0, 0.5, 0.0, 4.2647, 0.5, 0.0, 0.0, 1.0]], ["frame2_mirror.png", [0.864264965057373, -0.16945159435272217, 0.47363710403442383, -1.2173307092109857, -0.14336660504341125, -0.9854801893234253, -0.090965136885643, 0.24361146898919003, 0.48217418789863586, 0.010714232921600342, -0.8760098218917847, 2.397657064008281, 0.0, 0.0, 0.0, 1.0, 4.2647, 0.0, 0.5, 0.0, 4.2647, 0.5, 0.0, 0.0, 1.0]], ["frame3.png", [0.8913784623146057, 0.1547347605228424, -0.4260300099849701, 1.0886379258250736, 0.06575380265712738, -0.9741261601448059, -0.21622808277606964, 0.5527312267925897, -0.4484649896621704, 0.16472795605659485, -0.8784895539283752, 2.4081851376884713, 0.0, 0.0, 0.0, 1.0, 4.2647, 0.0, 0.5, 0.0, 4.2647, 0.5, 0.0, 0.0, 1.0]], ["frame3_mirror.png", [0.8913784623146057, -0.1547347605228424, 0.4260300099849701, -1.0886379258250736, -0.06575380265712738, -0.9741261601448059, -0.21622808277606964, 0.5527312267925897, 0.4484649896621704, 0.16472795605659485, -0.8784895539283752, 2.4081851376884713, 0.0, 0.0, 0.0, 1.0, 4.2647, 0.0, 0.5, 0.0, 4.2647, 0.5, 0.0, 0.0, 1.0]]]}