{"labels": [["frame0.png", [0.998214840888977, -0.027102060616016388, 0.05322299152612686, -0.13657988756039138, -0.024257803335785866, -0.9982796907424927, -0.053378019481897354, 0.140229157004277, 0.054578084498643875, 0.05199165269732475, -0.9971550107002258, 2.6928946726227263, 0.0, 0.0, 0.0, 1.0, 4.2647, 0.0, 0.5, 0.0, 4.2647, 0.5, 0.0, 0.0, 1.0]], ["frame0_mirror.png", [0.998214840888977, 0.027102060616016388, -0.05322299152612686, 0.13657988756039138, 0.024257803335785866, -0.9982796907424927, -0.053378019481897354, 0.140229157004277, -0.054578084498643875, 0.05199165269732475, -0.9971550107002258, 2.6928946726227263, 0.0, 0.0, 0.0, 1.0, 4.2647, 0.0, 0.5, 0.0, 4.2647, 0.5, 0.0, 0.0, 1.0]], ["frame1.png", [0.9975399374961853, -0.02318722940981388, 0.06615414470434189, -0.1682094445862589, -0.018499169498682022, -0.9973317980766296, -0.07061845809221268, 0.18972155023448684, 0.0676150768995285, 0.06922094523906708, -0.9953073263168335, 2.688068324304389, 0.0, 0.0, 0.0, 1.0, 4.2647, 0.0, 0.5, 0.0, 4.2647, 0.5, 0.0, 0.0, 1.0]], ["frame1_mirror.png", [0.9975399374961853, 0.02318722940981388, -0.06615414470434189, 0.1682094445862589, 0.018499169498682022, -0.9973317980766296, -0.07061845809221268, 0.18972155023448684, -0.0676150768995285, 0.06922094523906708, -0.9953073263168335, 2.688068324304389, 0.0, 0.0, 0.0, 1.0, 4.2647, 0.0, 0.5, 0.0, 4.2647, 0.5, 0.0, 0.0, 1.0]], ["frame10.png", [0.9957959055900574, 0.013120255433022976, -0.09065496176481247, 0.2292070412304245, 0.0060340226627886295, -0.9969347715377808, -0.07800328731536865, 0.20458846115402762, -0.09140051156282425, 0.0771283507347107, -0.9928227663040161, 2.6824629902037835, 0.0, 0.0, 0.0, 1.0, 4.2647, 0.0, 0.5, 0.0, 4.2647, 0.5, 0.0, 0.0, 1.0]], ["frame10_mirror.png", [0.9957959055900574, -0.013120255433022976, 0.09065496176481247, -0.2292070412304245, -0.0060340226627886295, -0.9969347715377808, -0.07800328731536865, 0.20458846115402762, 0.09140051156282425, 0.0771283507347107, -0.9928227663040161, 2.6824629902037835, 0.0, 0.0, 0.0, 1.0, 4.2647, 0.0, 0.5, 0.0, 4.2647, 0.5, 0.0, 0.0, 1.0]], ["frame11.png", [0.9964391589164734, 0.008392182178795338, -0.08389639109373093, 0.21315696628119615, 0.0003751348704099655, -0.9954656362533569, -0.09512124955654144, 0.24432102627070118, -0.0843142494559288, 0.09475106745958328, -0.9919240474700928, 2.680461031958463, 0.0, 0.0, 0.0, 1.0, 4.2647, 0.0, 0.5, 0.0, 4.2647, 0.5, 0.0, 0.0, 1.0]], ["frame11_mirror.png", [0.9964391589164734, -0.008392182178795338, 0.08389639109373093, -0.21315696628119615, -0.0003751348704099655, -0.9954656362533569, -0.09512124955654144, 0.24432102627070118, 0.0843142494559288, 0.09475106745958328, -0.9919240474700928, 2.680461031958463, 0.0, 0.0, 0.0, 1.0, 4.2647, 0.0, 0.5, 0.0, 4.2647, 0.5, 0.0, 0.0, 1.0]], ["frame12.png", [0.9960036277770996, 0.007092264015227556, -0.0890313908457756, 0.22511418001747507, -0.0008856859058141708, -0.9960088133811951, -0.0892505869269371, 0.23370284976930894, -0.08930903673171997, 0.08897275477647781, -0.9920220375061035, 2.6804302982851027, 0.0, 0.0, 0.0, 1.0, 4.2647, 0.0, 0.5, 0.0, 4.2647, 0.5, 0.0, 0.0, 1.0]], ["frame12_mirror.png", [0.9960036277770996, -0.007092264015227556, 0.0890313908457756, -0.22511418001747507, 0.0008856859058141708, -0.9960088133811951, -0.0892505869269371, 0.23370284976930894, 0.08930903673171997, 0.08897275477647781, -0.9920220375061035, 2.6804302982851027, 0.0, 0.0, 0.0, 1.0, 4.2647, 0.0, 0.5, 0.0, 4.2647, 0.5, 0.0, 0.0, 1.0]], ["frame13.png", [0.9967966079711914, -0.00452180253341794, -0.07985003292560577, 0.20205802422072622, -0.011930951848626137, -0.9956359267234802, -0.09255680441856384, 0.24093798313016598, -0.07908303290605545, 0.09321299940347672, -0.9925004243850708, 2.681626641263318, 0.0, 0.0, 0.0, 1.0, 4.2647, 0.0, 0.5, 0.0, 4.2647, 0.5, 0.0, 0.0, 1.0]], ["frame13_mirror.png", [0.9967966079711914, 0.00452180253341794, 0.07985003292560577, -0.20205802422072622, 0.011930951848626137, -0.9956359267234802, -0.09255680441856384, 0.24093798313016598, 0.07908303290605545, 0.09321299940347672, -0.9925004243850708, 2.681626641263318, 0.0, 0.0, 0.0, 1.0, 4.2647, 0.0, 0.5, 0.0, 4.2647, 0.5, 0.0, 0.0, 1.0]], ["frame14.png", [0.9971354603767395, 0.0013411601539701223, -0.07562429457902908, 0.19167024565049842, -0.005547564476728439, -0.9958529472351074, -0.09080774337053299, 0.23856734125837015, -0.07543246448040009, 0.09096715599298477, -0.9929928779602051, 2.6826010028733664, 0.0, 0.0, 0.0, 1.0, 4.2647, 0.0, 0.5, 0.0, 4.2647, 0.5, 0.0, 0.0, 1.0]], ["frame14_mirror.png", [0.9971354603767395, -0.0013411601539701223, 0.07562429457902908, -0.19167024565049842, 0.005547564476728439, -0.9958529472351074, -0.09080774337053299, 0.23856734125837015, 0.07543246448040009, 0.09096715599298477, -0.9929928779602051, 2.6826010028733664, 0.0, 0.0, 0.0, 1.0, 4.2647, 0.0, 0.5, 0.0, 4.2647, 0.5, 0.0, 0.0, 1.0]], ["frame15.png", [0.9944223165512085, -0.001661213580518961, -0.10545872896909714, 0.26812595361752445, -0.006041394080966711, -0.999131441116333, -0.041228700429201126, 0.10005088975600772, -0.10529864579439163, 0.04163585603237152, -0.9935685992240906, 2.6847901766163638, 0.0, 0.0, 0.0, 1.0, 4.2647, 0.0, 0.5, 0.0, 4.2647, 0.5, 0.0, 0.0, 1.0]], ["frame15_mirror.png", [0.9944223165512085, 0.001661213580518961, 0.10545872896909714, -0.26812595361752445, 0.006041394080966711, -0.999131441116333, -0.041228700429201126, 0.10005088975600772, 0.10529864579439163, 0.04163585603237152, -0.9935685992240906, 2.6847901766163638, 0.0, 0.0, 0.0, 1.0, 4.2647, 0.0, 0.5, 0.0, 4.2647, 0.5, 0.0, 0.0, 1.0]], ["frame16.png", [0.9952170252799988, -0.003121522720903158, -0.09763903170824051, 0.2506443041300732, -0.008547130040824413, -0.9984387755393982, -0.05519923195242882, 0.1390172640052948, -0.09731429070234299, 0.055769748985767365, -0.9936898946762085, 2.6847442397955965, 0.0, 0.0, 0.0, 1.0, 4.2647, 0.0, 0.5, 0.0, 4.2647, 0.5, 0.0, 0.0, 1.0]], ["frame16_mirror.png", [0.9952170252799988, 0.003121522720903158, 0.09763903170824051, -0.2506443041300732, 0.008547130040824413, -0.9984387755393982, -0.05519923195242882, 0.1390172640052948, 0.09731429070234299, 0.055769748985767365, -0.9936898946762085, 2.6847442397955965, 0.0, 0.0, 0.0, 1.0, 4.2647, 0.0, 0.5, 0.0, 4.2647, 0.5, 0.0, 0.0, 1.0]], ["frame17.png", [0.9974939823150635, -0.01241376157850027, -0.0696539506316185, 0.17635793864142127, -0.01898517645895481, -0.9953447580337524, -0.09449037164449692, 0.25033040029853953, -0.06815671175718307, 0.0955759659409523, -0.993086040019989, 2.6825794616682876, 0.0, 0.0, 0.0, 1.0, 4.2647, 0.0, 0.5, 0.0, 4.2647, 0.5, 0.0, 0.0, 1.0]], ["frame17_mirror.png", [0.9974939823150635, 0.01241376157850027, 0.0696539506316185, -0.17635793864142127, 0.01898517645895481, -0.9953447580337524, -0.09449037164449692, 0.25033040029853953, 0.06815671175718307, 0.0955759659409523, -0.993086040019989, 2.6825794616682876, 0.0, 0.0, 0.0, 1.0, 4.2647, 0.0, 0.5, 0.0, 4.2647, 0.5, 0.0, 0.0, 1.0]], ["frame18.png", [0.9972073435783386, -0.004919189028441906, -0.07452114671468735, 0.18967875714270555, -0.012202825397253036, -0.9951506853103638, -0.0976019948720932, 0.26170103617735235, -0.07367964833974838, 0.09823878854513168, -0.9924315810203552, 2.680584737842193, 0.0, 0.0, 0.0, 1.0, 4.2647, 0.0, 0.5, 0.0, 4.2647, 0.5, 0.0, 0.0, 1.0]], ["frame18_mirror.png", [0.9972073435783386, 0.004919189028441906, 0.07452114671468735, -0.18967875714270555, 0.012202825397253036, -0.9951506853103638, -0.0976019948720932, 0.26170103617735235, 0.07367964833974838, 0.09823878854513168, -0.9924315810203552, 2.680584737842193, 0.0, 0.0, 0.0, 1.0, 4.2647, 0.0, 0.5, 0.0, 4.2647, 0.5, 0.0, 0.0, 1.0]], ["frame19.png", [0.9959650635719299, -0.004021058324724436, -0.08965145796537399, 0.22704171591301947, -0.011778639629483223, -0.9962108135223389, -0.08617028594017029, 0.22548686001314627, -0.08896525204181671, 0.08687856793403625, -0.992238461971283, 2.680971416333394, 0.0, 0.0, 0.0, 1.0, 4.2647, 0.0, 0.5, 0.0, 4.2647, 0.5, 0.0, 0.0, 1.0]], ["frame19_mirror.png", [0.9959650635719299, 0.004021058324724436, 0.08965145796537399, -0.22704171591301947, 0.011778639629483223, -0.9962108135223389, -0.08617028594017029, 0.22548686001314627, 0.08896525204181671, 0.08687856793403625, -0.992238461971283, 2.680971416333394, 0.0, 0.0, 0.0, 1.0, 4.2647, 0.0, 0.5, 0.0, 4.2647, 0.5, 0.0, 0.0, 1.0]], ["frame2.png", [0.9976824522018433, -0.02133403904736042, 0.06461099535226822, -0.16475615260195373, -0.01602812483906746, -0.9965401291847229, -0.0815533697605133, 0.22050465884898218, 0.06612730771303177, 0.08032876998186111, -0.9945724606513977, 2.685932446210384, 0.0, 0.0, 0.0, 1.0, 4.2647, 0.0, 0.5, 0.0, 4.2647, 0.5, 0.0, 0.0, 1.0]], ["frame2_mirror.png", [0.9976824522018433, 0.02133403904736042, -0.06461099535226822, 0.16475615260195373, 0.01602812483906746, -0.9965401291847229, -0.0815533697605133, 0.22050465884898218, -0.06612730771303177, 0.08032876998186111, -0.9945724606513977, 2.685932446210384, 0.0, 0.0, 0.0, 1.0, 4.2647, 0.0, 0.5, 0.0, 4.2647, 0.5, 0.0, 0.0, 1.0]], ["frame20.png", [0.9888362288475037, 0.011815549805760384, -0.14853686094284058, 0.3784846765517063, -0.006718524731695652, -0.9923018217086792, -0.12366030365228653, 0.32496820090992357, -0.14885452389717102, 0.12327774614095688, -0.9811447262763977, 2.6535155959618777, 0.0, 0.0, 0.0, 1.0, 4.2647, 0.0, 0.5, 0.0, 4.2647, 0.5, 0.0, 0.0, 1.0]], ["frame20_mirror.png", [0.9888362288475037, -0.011815549805760384, 0.14853686094284058, -0.3784846765517063, 0.006718524731695652, -0.9923018217086792, -0.12366030365228653, 0.32496820090992357, 0.14885452389717102, 0.12327774614095688, -0.9811447262763977, 2.6535155959618777, 0.0, 0.0, 0.0, 1.0, 4.2647, 0.0, 0.5, 0.0, 4.2647, 0.5, 0.0, 0.0, 1.0]], ["frame21.png", [0.953790009021759, 0.03662806376814842, -0.2982329726219177, 0.7616727393148015, -0.009202457964420319, -0.9885157346725464, -0.15083721280097961, 0.39709255364808393, -0.30033284425735474, 0.14661149680614471, -0.9424993991851807, 2.5597211062969207, 0.0, 0.0, 0.0, 1.0, 4.2647, 0.0, 0.5, 0.0, 4.2647, 0.5, 0.0, 0.0, 1.0]], ["frame21_mirror.png", [0.953790009021759, -0.03662806376814842, 0.2982329726219177, -0.7616727393148015, 0.009202457964420319, -0.9885157346725464, -0.15083721280097961, 0.39709255364808393, 0.30033284425735474, 0.14661149680614471, -0.9424993991851807, 2.5597211062969207, 0.0, 0.0, 0.0, 1.0, 4.2647, 0.0, 0.5, 0.0, 4.2647, 0.5, 0.0, 0.0, 1.0]], ["frame22.png", [0.9408507943153381, 0.035620447248220444, -0.3369435966014862, 0.8604094891601489, -0.020097270607948303, -0.986840546131134, -0.16044297814369202, 0.42142031555392595, -0.3382246494293213, 0.1577245444059372, -0.9277538061141968, 2.5243019685849, 0.0, 0.0, 0.0, 1.0, 4.2647, 0.0, 0.5, 0.0, 4.2647, 0.5, 0.0, 0.0, 1.0]], ["frame22_mirror.png", [0.9408507943153381, -0.035620447248220444, 0.3369435966014862, -0.8604094891601489, 0.020097270607948303, -0.986840546131134, -0.16044297814369202, 0.42142031555392595, 0.3382246494293213, 0.1577245444059372, -0.9277538061141968, 2.5243019685849, 0.0, 0.0, 0.0, 1.0, 4.2647, 0.0, 0.5, 0.0, 4.2647, 0.5, 0.0, 0.0, 1.0]], ["frame23.png", [0.9256333112716675, 0.019117029383778572, -0.37793847918510437, 0.9634518005199242, -0.04095081984996796, -0.9877979159355164, -0.15026044845581055, 0.3940068594942111, -0.3761993944644928, 0.15456297993659973, -0.9135558605194092, 2.4912886670850543, 0.0, 0.0, 0.0, 1.0, 4.2647, 0.0, 0.5, 0.0, 4.2647, 0.5, 0.0, 0.0, 1.0]], ["frame23_mirror.png", [0.9256333112716675, -0.019117029383778572, 0.37793847918510437, -0.9634518005199242, 0.04095081984996796, -0.9877979159355164, -0.15026044845581055, 0.3940068594942111, 0.3761993944644928, 0.15456297993659973, -0.9135558605194092, 2.4912886670850543, 0.0, 0.0, 0.0, 1.0, 4.2647, 0.0, 0.5, 0.0, 4.2647, 0.5, 0.0, 0.0, 1.0]], ["frame24.png", [0.9237674474716187, 0.026416771113872528, -0.38204172253608704, 0.9731562008210214, -0.03411715477705002, -0.9879739880561829, -0.15080919861793518, 0.3936217870644387, -0.3814311623573303, 0.15234680473804474, -0.9117569923400879, 2.487574902902784, 0.0, 0.0, 0.0, 1.0, 4.2647, 0.0, 0.5, 0.0, 4.2647, 0.5, 0.0, 0.0, 1.0]], ["frame24_mirror.png", [0.9237674474716187, -0.026416771113872528, 0.38204172253608704, -0.9731562008210214, 0.03411715477705002, -0.9879739880561829, -0.15080919861793518, 0.3936217870644387, 0.3814311623573303, 0.15234680473804474, -0.9117569923400879, 2.487574902902784, 0.0, 0.0, 0.0, 1.0, 4.2647, 0.0, 0.5, 0.0, 4.2647, 0.5, 0.0, 0.0, 1.0]], ["frame25.png", [0.9264320135116577, 0.04432481899857521, -0.37384358048439026, 0.9541071220632651, -0.017461974173784256, -0.9869160056114197, -0.16028685867786407, 0.4221559184905559, -0.37605687975883484, 0.15502290427684784, -0.9135366082191467, 2.4902738765267465, 0.0, 0.0, 0.0, 1.0, 4.2647, 0.0, 0.5, 0.0, 4.2647, 0.5, 0.0, 0.0, 1.0]], ["frame25_mirror.png", [0.9264320135116577, -0.04432481899857521, 0.37384358048439026, -0.9541071220632651, 0.017461974173784256, -0.9869160056114197, -0.16028685867786407, 0.4221559184905559, 0.37605687975883484, 0.15502290427684784, -0.9135366082191467, 2.4902738765267465, 0.0, 0.0, 0.0, 1.0, 4.2647, 0.0, 0.5, 0.0, 4.2647, 0.5, 0.0, 0.0, 1.0]], ["frame26.png", [0.9285163879394531, 0.07802678644657135, -0.3630000352859497, 0.9290674101037749, 0.015062041580677032, -0.9847800731658936, -0.1731511652469635, 0.454850102602803, -0.37098562717437744, 0.15530617535114288, -0.915559709072113, 2.4939817825407795, 0.0, 0.0, 0.0, 1.0, 4.2647, 0.0, 0.5, 0.0, 4.2647, 0.5, 0.0, 0.0, 1.0]], ["frame26_mirror.png", [0.9285163879394531, -0.07802678644657135, 0.3630000352859497, -0.9290674101037749, -0.015062041580677032, -0.9847800731658936, -0.1731511652469635, 0.454850102602803, 0.37098562717437744, 0.15530617535114288, -0.915559709072113, 2.4939817825407795, 0.0, 0.0, 0.0, 1.0, 4.2647, 0.0, 0.5, 0.0, 4.2647, 0.5, 0.0, 0.0, 1.0]], ["frame27.png", [0.932769775390625, 0.11855166405439377, -0.3404204845428467, 0.8708238262949889, 0.05575930327177048, -0.9804579615592957, -0.18866175413131714, 0.49637930684789794, -0.3561341166496277, 0.15699636936187744, -0.9211518168449402, 2.50704476371886, 0.0, 0.0, 0.0, 1.0, 4.2647, 0.0, 0.5, 0.0, 4.2647, 0.5, 0.0, 0.0, 1.0]], ["frame27_mirror.png", [0.932769775390625, -0.11855166405439377, 0.3404204845428467, -0.8708238262949889, -0.05575930327177048, -0.9804579615592957, -0.18866175413131714, 0.49637930684789794, 0.3561341166496277, 0.15699636936187744, -0.9211518168449402, 2.50704476371886, 0.0, 0.0, 0.0, 1.0, 4.2647, 0.0, 0.5, 0.0, 4.2647, 0.5, 0.0, 0.0, 1.0]], ["frame28.png", [0.9201259016990662, 0.1146143227815628, -0.3744755685329437, 0.951619631216728, 0.05279168486595154, -0.9837879538536072, -0.17138952016830444, 0.44582211980748376, -0.3880482316017151, 0.1379307210445404, -0.9112594127655029, 2.4870992571615034, 0.0, 0.0, 0.0, 1.0, 4.2647, 0.0, 0.5, 0.0, 4.2647, 0.5, 0.0, 0.0, 1.0]], ["frame28_mirror.png", [0.9201259016990662, -0.1146143227815628, 0.3744755685329437, -0.951619631216728, -0.05279168486595154, -0.9837879538536072, -0.17138952016830444, 0.44582211980748376, 0.3880482316017151, 0.1379307210445404, -0.9112594127655029, 2.4870992571615034, 0.0, 0.0, 0.0, 1.0, 4.2647, 0.0, 0.5, 0.0, 4.2647, 0.5, 0.0, 0.0, 1.0]], ["frame29.png", [0.9372252225875854, 0.11790195107460022, -0.32818901538848877, 0.8372629467334992, 0.06331969797611237, -0.9830038547515869, -0.1723191738128662, 0.4436382228898514, -0.34292784333229065, 0.14072105288505554, -0.9287616014480591, 2.528275278765798, 0.0, 0.0, 0.0, 1.0, 4.2647, 0.0, 0.5, 0.0, 4.2647, 0.5, 0.0, 0.0, 1.0]], ["frame29_mirror.png", [0.9372252225875854, -0.11790195107460022, 0.32818901538848877, -0.8372629467334992, -0.06331969797611237, -0.9830038547515869, -0.1723191738128662, 0.4436382228898514, 0.34292784333229065, 0.14072105288505554, -0.9287616014480591, 2.528275278765798, 0.0, 0.0, 0.0, 1.0, 4.2647, 0.0, 0.5, 0.0, 4.2647, 0.5, 0.0, 0.0, 1.0]], ["frame3.png", [0.9982541799545288, -0.024232421070337296, 0.053864408284425735, -0.13567979499079894, -0.01984436810016632, -0.9965524077415466, -0.08055698871612549, 0.21763365646729635, 0.055630799382925034, 0.07934743911027908, -0.9952934980392456, 2.6877921394341358, 0.0, 0.0, 0.0, 1.0, 4.2647, 0.0, 0.5, 0.0, 4.2647, 0.5, 0.0, 0.0, 1.0]], ["frame3_mirror.png", [0.9982541799545288, 0.024232421070337296, -0.053864408284425735, 0.13567979499079894, 0.01984436810016632, -0.9965524077415466, -0.08055698871612549, 0.21763365646729635, -0.055630799382925034, 0.07934743911027908, -0.9952934980392456, 2.6877921394341358, 0.0, 0.0, 0.0, 1.0, 4.2647, 0.0, 0.5, 0.0, 4.2647, 0.5, 0.0, 0.0, 1.0]], ["frame30.png", [0.9470927119255066, 0.09191282838582993, -0.30751824378967285, 0.7838125103179443, 0.043528564274311066, -0.9860499501228333, -0.16065733134746552, 0.4185359827384486, -0.3179948329925537, 0.13877154886722565, -0.9378815293312073, 2.5496010628767483, 0.0, 0.0, 0.0, 1.0, 4.2647, 0.0, 0.5, 0.0, 4.2647, 0.5, 0.0, 0.0, 1.0]], ["frame30_mirror.png", [0.9470927119255066, -0.09191282838582993, 0.30751824378967285, -0.7838125103179443, -0.043528564274311066, -0.9860499501228333, -0.16065733134746552, 0.4185359827384486, 0.3179948329925537, 0.13877154886722565, -0.9378815293312073, 2.5496010628767483, 0.0, 0.0, 0.0, 1.0, 4.2647, 0.0, 0.5, 0.0, 4.2647, 0.5, 0.0, 0.0, 1.0]], ["frame31.png", [0.9499520063400269, 0.06134284287691116, -0.30631378293037415, 0.7794586801141744, 0.011659182608127594, -0.986810028553009, -0.16146211326122284, 0.42286519520064453, -0.3121780455112457, 0.14980989694595337, -0.938137412071228, 2.5502214007184927, 0.0, 0.0, 0.0, 1.0, 4.2647, 0.0, 0.5, 0.0, 4.2647, 0.5, 0.0, 0.0, 1.0]], ["frame31_mirror.png", [0.9499520063400269, -0.06134284287691116, 0.30631378293037415, -0.7794586801141744, -0.011659182608127594, -0.986810028553009, -0.16146211326122284, 0.42286519520064453, 0.3121780455112457, 0.14980989694595337, -0.938137412071228, 2.5502214007184927, 0.0, 0.0, 0.0, 1.0, 4.2647, 0.0, 0.5, 0.0, 4.2647, 0.5, 0.0, 0.0, 1.0]], ["frame32.png", [0.95169997215271, 0.04771597683429718, -0.3032989799976349, 0.7770354068406807, -0.0007150322198867798, -0.9875026345252991, -0.1576007753610611, 0.4134702021992877, -0.307028591632843, 0.15020550787448883, -0.9397721886634827, 2.5525004149674917, 0.0, 0.0, 0.0, 1.0, 4.2647, 0.0, 0.5, 0.0, 4.2647, 0.5, 0.0, 0.0, 1.0]], ["frame32_mirror.png", [0.95169997215271, -0.04771597683429718, 0.3032989799976349, -0.7770354068406807, 0.0007150322198867798, -0.9875026345252991, -0.1576007753610611, 0.4134702021992877, 0.307028591632843, 0.15020550787448883, -0.9397721886634827, 2.5525004149674917, 0.0, 0.0, 0.0, 1.0, 4.2647, 0.0, 0.5, 0.0, 4.2647, 0.5, 0.0, 0.0, 1.0]], ["frame33.png", [0.9526553153991699, 0.03532721847295761, -0.30199310183525085, 0.7682549402364504, -0.0039354488253593445, -0.9917113184928894, -0.1284252256155014, 0.3377743390486149, -0.30402690172195435, 0.12353344261646271, -0.9446201324462891, 2.566260478338581, 0.0, 0.0, 0.0, 1.0, 4.2647, 0.0, 0.5, 0.0, 4.2647, 0.5, 0.0, 0.0, 1.0]], ["frame33_mirror.png", [0.9526553153991699, -0.03532721847295761, 0.30199310183525085, -0.7682549402364504, 0.0039354488253593445, -0.9917113184928894, -0.1284252256155014, 0.3377743390486149, 0.30402690172195435, 0.12353344261646271, -0.9446201324462891, 2.566260478338581, 0.0, 0.0, 0.0, 1.0, 4.2647, 0.0, 0.5, 0.0, 4.2647, 0.5, 0.0, 0.0, 1.0]], ["frame34.png", [0.9419183731079102, 0.03945968672633171, -0.3335156738758087, 0.8511369997974826, -0.011756505817174911, -0.9885907173156738, -0.1501673012971878, 0.38490037026794016, -0.33563604950904846, 0.14536631107330322, -0.9307078719139099, 2.5332622273549465, 0.0, 0.0, 0.0, 1.0, 4.2647, 0.0, 0.5, 0.0, 4.2647, 0.5, 0.0, 0.0, 1.0]], ["frame34_mirror.png", [0.9419183731079102, -0.03945968672633171, 0.3335156738758087, -0.8511369997974826, 0.011756505817174911, -0.9885907173156738, -0.1501673012971878, 0.38490037026794016, 0.33563604950904846, 0.14536631107330322, -0.9307078719139099, 2.5332622273549465, 0.0, 0.0, 0.0, 1.0, 4.2647, 0.0, 0.5, 0.0, 4.2647, 0.5, 0.0, 0.0, 1.0]], ["frame35.png", [0.9420750737190247, 0.025802353397011757, -0.3344082236289978, 0.8538011300372002, -0.024996235966682434, -0.9888626933097839, -0.14671681821346283, 0.3809015420986711, -0.3344694674015045, 0.14657720923423767, -0.9309379458427429, 2.532970123308614, 0.0, 0.0, 0.0, 1.0, 4.2647, 0.0, 0.5, 0.0, 4.2647, 0.5, 0.0, 0.0, 1.0]], ["frame35_mirror.png", [0.9420750737190247, -0.025802353397011757, 0.3344082236289978, -0.8538011300372002, 0.024996235966682434, -0.9888626933097839, -0.14671681821346283, 0.3809015420986711, 0.3344694674015045, 0.14657720923423767, -0.9309379458427429, 2.532970123308614, 0.0, 0.0, 0.0, 1.0, 4.2647, 0.0, 0.5, 0.0, 4.2647, 0.5, 0.0, 0.0, 1.0]], ["frame36.png", [0.9351059794425964, 0.022525953128933907, -0.35365137457847595, 0.9045230164394944, -0.030379530042409897, -0.9892076849937439, -0.14333587884902954, 0.37318673447220524, -0.3530634343624115, 0.14477799832820892, -0.9243297576904297, 2.5164597699834528, 0.0, 0.0, 0.0, 1.0, 4.2647, 0.0, 0.5, 0.0, 4.2647, 0.5, 0.0, 0.0, 1.0]], ["frame36_mirror.png", [0.9351059794425964, -0.022525953128933907, 0.35365137457847595, -0.9045230164394944, 0.030379530042409897, -0.9892076849937439, -0.14333587884902954, 0.37318673447220524, 0.3530634343624115, 0.14477799832820892, -0.9243297576904297, 2.5164597699834528, 0.0, 0.0, 0.0, 1.0, 4.2647, 0.0, 0.5, 0.0, 4.2647, 0.5, 0.0, 0.0, 1.0]], ["frame37.png", [0.9480521082878113, 0.051979295909404755, -0.3138396143913269, 0.800429586053371, -0.00033271685242652893, -0.9863976836204529, -0.16437596082687378, 0.43021066331014407, -0.3181148171424866, 0.1559414118528366, -0.9351391196250916, 2.5424852532403555, 0.0, 0.0, 0.0, 1.0, 4.2647, 0.0, 0.5, 0.0, 4.2647, 0.5, 0.0, 0.0, 1.0]], ["frame37_mirror.png", [0.9480521082878113, -0.051979295909404755, 0.3138396143913269, -0.800429586053371, 0.00033271685242652893, -0.9863976836204529, -0.16437596082687378, 0.43021066331014407, 0.3181148171424866, 0.1559414118528366, -0.9351391196250916, 2.5424852532403555, 0.0, 0.0, 0.0, 1.0, 4.2647, 0.0, 0.5, 0.0, 4.2647, 0.5, 0.0, 0.0, 1.0]], ["frame38.png", [0.9914186000823975, 0.11429344862699509, -0.0634506419301033, 0.1645238397664954, 0.10797350853681564, -0.989564836025238, -0.09541007876396179, 0.26116410980141763, -0.07369327545166016, 0.08774034678936005, -0.9934137463569641, 2.6822984945565107, 0.0, 0.0, 0.0, 1.0, 4.2647, 0.0, 0.5, 0.0, 4.2647, 0.5, 0.0, 0.0, 1.0]], ["frame38_mirror.png", [0.9914186000823975, -0.11429344862699509, 0.0634506419301033, -0.1645238397664954, -0.10797350853681564, -0.989564836025238, -0.09541007876396179, 0.26116410980141763, 0.07369327545166016, 0.08774034678936005, -0.9934137463569641, 2.6822984945565107, 0.0, 0.0, 0.0, 1.0, 4.2647, 0.0, 0.5, 0.0, 4.2647, 0.5, 0.0, 0.0, 1.0]], ["frame39.png", [0.9623574614524841, 0.14629505574703217, 0.22905442118644714, -0.5901905063381235, 0.10884495079517365, -0.9796885848045349, 0.1684134304523468, -0.4209110089033978, 0.24904005229473114, -0.13714250922203064, -0.9587340950965881, 2.6008669879123527, 0.0, 0.0, 0.0, 1.0, 4.2647, 0.0, 0.5, 0.0, 4.2647, 0.5, 0.0, 0.0, 1.0]], ["frame39_mirror.png", [0.9623574614524841, -0.14629505574703217, -0.22905442118644714, 0.5901905063381235, -0.10884495079517365, -0.9796885848045349, 0.1684134304523468, -0.4209110089033978, -0.24904005229473114, -0.13714250922203064, -0.9587340950965881, 2.6008669879123527, 0.0, 0.0, 0.0, 1.0, 4.2647, 0.0, 0.5, 0.0, 4.2647, 0.5, 0.0, 0.0, 1.0]], ["frame4.png", [0.9996640086174011, -0.02118450216948986, 0.014936027117073536, -0.03790261260551138, -0.02026185393333435, -0.9980268478393555, -0.05943042039871216, 0.1551057184749422, 0.016165558248758316, 0.05910781770944595, -0.9981207251548767, 2.6952746813736903, 0.0, 0.0, 0.0, 1.0, 4.2647, 0.0, 0.5, 0.0, 4.2647, 0.5, 0.0, 0.0, 1.0]], ["frame4_mirror.png", [0.9996640086174011, 0.02118450216948986, -0.014936027117073536, 0.03790261260551138, 0.02026185393333435, -0.9980268478393555, -0.05943042039871216, 0.1551057184749422, -0.016165558248758316, 0.05910781770944595, -0.9981207251548767, 2.6952746813736903, 0.0, 0.0, 0.0, 1.0, 4.2647, 0.0, 0.5, 0.0, 4.2647, 0.5, 0.0, 0.0, 1.0]], ["frame40.png", [0.9805575609207153, 0.16168555617332458, 0.11119663715362549, -0.288733359404466, 0.15820656716823578, -0.9866161942481995, 0.039487965404987335, -0.08553298194711903, 0.11609303206205368, -0.021128185093402863, -0.9930136203765869, 2.6831543295468947, 0.0, 0.0, 0.0, 1.0, 4.2647, 0.0, 0.5, 0.0, 4.2647, 0.5, 0.0, 0.0, 1.0]], ["frame40_mirror.png", [0.9805575609207153, -0.16168555617332458, -0.11119663715362549, 0.288733359404466, -0.15820656716823578, -0.9866161942481995, 0.039487965404987335, -0.08553298194711903, -0.11609303206205368, -0.021128185093402863, -0.9930136203765869, 2.6831543295468947, 0.0, 0.0, 0.0, 1.0, 4.2647, 0.0, 0.5, 0.0, 4.2647, 0.5, 0.0, 0.0, 1.0]], ["frame41.png", [0.9919431209564209, 0.09753885865211487, 0.08084005862474442, -0.20685583721097686, 0.08840416371822357, -0.9900184273719788, 0.109764464199543, -0.27198835749660216, 0.09073944389820099, -0.1017335057258606, -0.9906647801399231, 2.67828919200262, 0.0, 0.0, 0.0, 1.0, 4.2647, 0.0, 0.5, 0.0, 4.2647, 0.5, 0.0, 0.0, 1.0]], ["frame41_mirror.png", [0.9919431209564209, -0.09753885865211487, -0.08084005862474442, 0.20685583721097686, -0.08840416371822357, -0.9900184273719788, 0.109764464199543, -0.27198835749660216, -0.09073944389820099, -0.1017335057258606, -0.9906647801399231, 2.67828919200262, 0.0, 0.0, 0.0, 1.0, 4.2647, 0.0, 0.5, 0.0, 4.2647, 0.5, 0.0, 0.0, 1.0]], ["frame42.png", [0.9959156513214111, 0.06654088944196701, 0.06102670356631279, -0.15849450073500285, 0.06292993575334549, -0.9962547421455383, 0.05929802358150482, -0.14039282761395955, 0.06474388390779495, -0.05521542578935623, -0.9963731169700623, 2.691685224388491, 0.0, 0.0, 0.0, 1.0, 4.2647, 0.0, 0.5, 0.0, 4.2647, 0.5, 0.0, 0.0, 1.0]], ["frame42_mirror.png", [0.9959156513214111, -0.06654088944196701, -0.06102670356631279, 0.15849450073500285, -0.06292993575334549, -0.9962547421455383, 0.05929802358150482, -0.14039282761395955, -0.06474388390779495, -0.05521542578935623, -0.9963731169700623, 2.691685224388491, 0.0, 0.0, 0.0, 1.0, 4.2647, 0.0, 0.5, 0.0, 4.2647, 0.5, 0.0, 0.0, 1.0]], ["frame43.png", [0.9990580677986145, -0.02296958491206169, 0.036816805601119995, -0.09640665987756433, -0.025805309414863586, -0.9965804815292358, 0.07849573343992233, -0.18843502538305998, 0.03488789498806, -0.0793718621134758, -0.9962344169616699, 2.691690546318454, 0.0, 0.0, 0.0, 1.0, 4.2647, 0.0, 0.5, 0.0, 4.2647, 0.5, 0.0, 0.0, 1.0]], ["frame43_mirror.png", [0.9990580677986145, 0.02296958491206169, -0.036816805601119995, 0.09640665987756433, 0.025805309414863586, -0.9965804815292358, 0.07849573343992233, -0.18843502538305998, -0.03488789498806, -0.0793718621134758, -0.9962344169616699, 2.691690546318454, 0.0, 0.0, 0.0, 1.0, 4.2647, 0.0, 0.5, 0.0, 4.2647, 0.5, 0.0, 0.0, 1.0]], ["frame44.png", [0.9844478964805603, -0.12982909381389618, -0.11834961920976639, 0.30152647253219966, -0.11676706373691559, -0.9868986010551453, 0.11134017258882523, -0.28016042299172644, -0.13125427067279816, -0.09578926861286163, -0.9867100715637207, 2.6684437269223773, 0.0, 0.0, 0.0, 1.0, 4.2647, 0.0, 0.5, 0.0, 4.2647, 0.5, 0.0, 0.0, 1.0]], ["frame44_mirror.png", [0.9844478964805603, 0.12982909381389618, 0.11834961920976639, -0.30152647253219966, 0.11676706373691559, -0.9868986010551453, 0.11134017258882523, -0.28016042299172644, 0.13125427067279816, -0.09578926861286163, -0.9867100715637207, 2.6684437269223773, 0.0, 0.0, 0.0, 1.0, 4.2647, 0.0, 0.5, 0.0, 4.2647, 0.5, 0.0, 0.0, 1.0]], ["frame45.png", [0.9630431532859802, -0.13667018711566925, -0.2320973426103592, 0.5976625024872547, -0.11274551600217819, -0.9871256947517395, 0.1134517714381218, -0.2949388591067796, -0.24461473524570465, -0.08309102058410645, -0.9660535454750061, 2.6164500000018087, 0.0, 0.0, 0.0, 1.0, 4.2647, 0.0, 0.5, 0.0, 4.2647, 0.5, 0.0, 0.0, 1.0]], ["frame45_mirror.png", [0.9630431532859802, 0.13667018711566925, 0.2320973426103592, -0.5976625024872547, 0.11274551600217819, -0.9871256947517395, 0.1134517714381218, -0.2949388591067796, 0.24461473524570465, -0.08309102058410645, -0.9660535454750061, 2.6164500000018087, 0.0, 0.0, 0.0, 1.0, 4.2647, 0.0, 0.5, 0.0, 4.2647, 0.5, 0.0, 0.0, 1.0]], ["frame46.png", [0.9529783129692078, -0.14166738092899323, -0.26788559556007385, 0.6858107538974615, -0.12640440464019775, -0.9892535209655762, 0.07348025590181351, -0.18976064583196617, -0.2754165530204773, -0.036163173615932465, -0.960644543170929, 2.60454497122473, 0.0, 0.0, 0.0, 1.0, 4.2647, 0.0, 0.5, 0.0, 4.2647, 0.5, 0.0, 0.0, 1.0]], ["frame46_mirror.png", [0.9529783129692078, 0.14166738092899323, 0.26788559556007385, -0.6858107538974615, 0.12640440464019775, -0.9892535209655762, 0.07348025590181351, -0.18976064583196617, 0.2754165530204773, -0.036163173615932465, -0.960644543170929, 2.60454497122473, 0.0, 0.0, 0.0, 1.0, 4.2647, 0.0, 0.5, 0.0, 4.2647, 0.5, 0.0, 0.0, 1.0]], ["frame47.png", [0.9369186162948608, -0.13378474116325378, -0.32293206453323364, 0.8331012924581662, -0.11894674599170685, -0.9907476902008057, 0.06534965336322784, -0.15923135785869208, -0.32868698239326477, -0.022815585136413574, -0.9441632628440857, 2.563315745509907, 0.0, 0.0, 0.0, 1.0, 4.2647, 0.0, 0.5, 0.0, 4.2647, 0.5, 0.0, 0.0, 1.0]], ["frame47_mirror.png", [0.9369186162948608, 0.13378474116325378, 0.32293206453323364, -0.8331012924581662, 0.11894674599170685, -0.9907476902008057, 0.06534965336322784, -0.15923135785869208, 0.32868698239326477, -0.022815585136413574, -0.9441632628440857, 2.563315745509907, 0.0, 0.0, 0.0, 1.0, 4.2647, 0.0, 0.5, 0.0, 4.2647, 0.5, 0.0, 0.0, 1.0]], ["frame48.png", [0.9324141144752502, -0.11411205679178238, -0.342902809381485, 0.8836555520418431, -0.09649699181318283, -0.9930035471916199, 0.06806160509586334, -0.1709738575903697, -0.34827032685279846, -0.030372507870197296, -0.9369019269943237, 2.545568856928898, 0.0, 0.0, 0.0, 1.0, 4.2647, 0.0, 0.5, 0.0, 4.2647, 0.5, 0.0, 0.0, 1.0]], ["frame48_mirror.png", [0.9324141144752502, 0.11411205679178238, 0.342902809381485, -0.8836555520418431, 0.09649699181318283, -0.9930035471916199, 0.06806160509586334, -0.1709738575903697, 0.34827032685279846, -0.030372507870197296, -0.9369019269943237, 2.545568856928898, 0.0, 0.0, 0.0, 1.0, 4.2647, 0.0, 0.5, 0.0, 4.2647, 0.5, 0.0, 0.0, 1.0]], ["frame49.png", [0.9299529790878296, -0.09455280750989914, -0.35531288385391235, 0.9152285698356148, -0.07534316927194595, -0.9948669075965881, 0.06755134463310242, -0.1664088627909793, -0.35987621545791626, -0.03604917228221893, -0.9323033690452576, 2.53469224075454, 0.0, 0.0, 0.0, 1.0, 4.2647, 0.0, 0.5, 0.0, 4.2647, 0.5, 0.0, 0.0, 1.0]], ["frame49_mirror.png", [0.9299529790878296, 0.09455280750989914, 0.35531288385391235, -0.9152285698356148, 0.07534316927194595, -0.9948669075965881, 0.06755134463310242, -0.1664088627909793, 0.35987621545791626, -0.03604917228221893, -0.9323033690452576, 2.53469224075454, 0.0, 0.0, 0.0, 1.0, 4.2647, 0.0, 0.5, 0.0, 4.2647, 0.5, 0.0, 0.0, 1.0]], ["frame5.png", [0.9996751546859741, -0.012156695127487183, -0.02239973470568657, 0.05560532365884766, -0.01372561790049076, -0.9973623156547546, -0.07127450406551361, 0.18521054747232027, -0.021474188193678856, 0.07155881077051163, -0.9972051978111267, 2.6930661152459288, 0.0, 0.0, 0.0, 1.0, 4.2647, 0.0, 0.5, 0.0, 4.2647, 0.5, 0.0, 0.0, 1.0]], ["frame5_mirror.png", [0.9996751546859741, 0.012156695127487183, 0.02239973470568657, -0.05560532365884766, 0.01372561790049076, -0.9973623156547546, -0.07127450406551361, 0.18521054747232027, 0.021474188193678856, 0.07155881077051163, -0.9972051978111267, 2.6930661152459288, 0.0, 0.0, 0.0, 1.0, 4.2647, 0.0, 0.5, 0.0, 4.2647, 0.5, 0.0, 0.0, 1.0]], ["frame6.png", [0.996647834777832, -0.005650117062032223, -0.08161574602127075, 0.2046046694886354, -0.012224482372403145, -0.9966974258422852, -0.08027919381856918, 0.20835334429609956, -0.08089261502027512, 0.08100779354572296, -0.9934254288673401, 2.6841620318349038, 0.0, 0.0, 0.0, 1.0, 4.2647, 0.0, 0.5, 0.0, 4.2647, 0.5, 0.0, 0.0, 1.0]], ["frame6_mirror.png", [0.996647834777832, 0.005650117062032223, 0.08161574602127075, -0.2046046694886354, 0.012224482372403145, -0.9966974258422852, -0.08027919381856918, 0.20835334429609956, 0.08089261502027512, 0.08100779354572296, -0.9934254288673401, 2.6841620318349038, 0.0, 0.0, 0.0, 1.0, 4.2647, 0.0, 0.5, 0.0, 4.2647, 0.5, 0.0, 0.0, 1.0]], ["frame7.png", [0.9953047633171082, -0.007474982179701328, -0.09650138765573502, 0.24375288401515674, -0.014503708109259605, -0.9972744584083557, -0.0723409354686737, 0.18577814999223907, -0.09569762647151947, 0.07340090721845627, -0.992700457572937, 2.682549349130367, 0.0, 0.0, 0.0, 1.0, 4.2647, 0.0, 0.5, 0.0, 4.2647, 0.5, 0.0, 0.0, 1.0]], ["frame7_mirror.png", [0.9953047633171082, 0.007474982179701328, 0.09650138765573502, -0.24375288401515674, 0.014503708109259605, -0.9972744584083557, -0.0723409354686737, 0.18577814999223907, 0.09569762647151947, 0.07340090721845627, -0.992700457572937, 2.682549349130367, 0.0, 0.0, 0.0, 1.0, 4.2647, 0.0, 0.5, 0.0, 4.2647, 0.5, 0.0, 0.0, 1.0]], ["frame8.png", [0.9946684241294861, -0.0011547181056812406, -0.10311827063560486, 0.26585312848061465, -0.008402276784181595, -0.9975202083587646, -0.06987728178501129, 0.17730166664462557, -0.10278186947107315, 0.07037115842103958, -0.9922115206718445, 2.6810233555644585, 0.0, 0.0, 0.0, 1.0, 4.2647, 0.0, 0.5, 0.0, 4.2647, 0.5, 0.0, 0.0, 1.0]], ["frame8_mirror.png", [0.9946684241294861, 0.0011547181056812406, 0.10311827063560486, -0.26585312848061465, 0.008402276784181595, -0.9975202083587646, -0.06987728178501129, 0.17730166664462557, 0.10278186947107315, 0.07037115842103958, -0.9922115206718445, 2.6810233555644585, 0.0, 0.0, 0.0, 1.0, 4.2647, 0.0, 0.5, 0.0, 4.2647, 0.5, 0.0, 0.0, 1.0]], ["frame9.png", [0.9940252304077148, -0.0016048802062869072, -0.10913841426372528, 0.2765780481635109, -0.009586571715772152, -0.997311532497406, -0.07264838367700577, 0.18935979001406258, -0.10872840881347656, 0.0732605904340744, -0.9913682341575623, 2.679113184096539, 0.0, 0.0, 0.0, 1.0, 4.2647, 0.0, 0.5, 0.0, 4.2647, 0.5, 0.0, 0.0, 1.0]], ["frame9_mirror.png", [0.9940252304077148, 0.0016048802062869072, 0.10913841426372528, -0.2765780481635109, 0.009586571715772152, -0.997311532497406, -0.07264838367700577, 0.18935979001406258, 0.10872840881347656, 0.0732605904340744, -0.9913682341575623, 2.679113184096539, 0.0, 0.0, 0.0, 1.0, 4.2647, 0.0, 0.5, 0.0, 4.2647, 0.5, 0.0, 0.0, 1.0]]]}