{"labels": [["frame0.png", [0.968098521232605, -0.21216419339179993, -0.13331054151058197, 0.34446953399550384, -0.1992381364107132, -0.9744237661361694, 0.10393539816141129, -0.2621494743991054, -0.15195232629776, -0.07405915856361389, -0.9856093525886536, 2.6650738063365513, 0.0, 0.0, 0.0, 1.0, 4.2647, 0.0, 0.5, 0.0, 4.2647, 0.5, 0.0, 0.0, 1.0]], ["frame0_mirror.png", [0.968098521232605, 0.21216419339179993, 0.13331054151058197, -0.34446953399550384, 0.1992381364107132, -0.9744237661361694, 0.10393539816141129, -0.2621494743991054, 0.15195232629776, -0.07405915856361389, -0.9856093525886536, 2.6650738063365513, 0.0, 0.0, 0.0, 1.0, 4.2647, 0.0, 0.5, 0.0, 4.2647, 0.5, 0.0, 0.0, 1.0]], ["frame1.png", [0.9895855784416199, -0.14331965148448944, -0.013411774300038815, 0.03455841600225394, -0.1438463032245636, -0.9880635738372803, -0.05512220785021782, 0.13673309170050846, -0.005351590923964977, 0.0564773753285408, -0.998389482498169, 2.6963141095794896, 0.0, 0.0, 0.0, 1.0, 4.2647, 0.0, 0.5, 0.0, 4.2647, 0.5, 0.0, 0.0, 1.0]], ["frame1_mirror.png", [0.9895855784416199, 0.14331965148448944, 0.013411774300038815, -0.03455841600225394, 0.1438463032245636, -0.9880635738372803, -0.05512220785021782, 0.13673309170050846, 0.005351590923964977, 0.0564773753285408, -0.998389482498169, 2.6963141095794896, 0.0, 0.0, 0.0, 1.0, 4.2647, 0.0, 0.5, 0.0, 4.2647, 0.5, 0.0, 0.0, 1.0]]]}