{"labels": [["frame0.png", [0.9935604929924011, -0.028167344629764557, 0.10974591225385666, -0.2791110337798341, -0.04066622257232666, -0.9927200675010681, 0.11337157338857651, -0.2822315228441851, 0.1057535856962204, -0.11710447072982788, -0.9874728322029114, 2.670663288086951, 0.0, 0.0, 0.0, 1.0, 4.2647, 0.0, 0.5, 0.0, 4.2647, 0.5, 0.0, 0.0, 1.0]], ["frame0_mirror.png", [0.9935604929924011, 0.028167344629764557, -0.10974591225385666, 0.2791110337798341, 0.04066622257232666, -0.9927200675010681, 0.11337157338857651, -0.2822315228441851, -0.1057535856962204, -0.11710447072982788, -0.9874728322029114, 2.670663288086951, 0.0, 0.0, 0.0, 1.0, 4.2647, 0.0, 0.5, 0.0, 4.2647, 0.5, 0.0, 0.0, 1.0]], ["frame1.png", [0.8317432403564453, -0.05425208806991577, 0.5525032877922058, -1.419573240091099, -0.11441284418106079, -0.9906006455421448, 0.07496780902147293, -0.18891425078385768, 0.5432429909706116, -0.1255674511194229, -0.8301324844360352, 2.2889131092874697, 0.0, 0.0, 0.0, 1.0, 4.2647, 0.0, 0.5, 0.0, 4.2647, 0.5, 0.0, 0.0, 1.0]], ["frame1_mirror.png", [0.8317432403564453, 0.05425208806991577, -0.5525032877922058, 1.419573240091099, 0.11441284418106079, -0.9906006455421448, 0.07496780902147293, -0.18891425078385768, -0.5432429909706116, -0.1255674511194229, -0.8301324844360352, 2.2889131092874697, 0.0, 0.0, 0.0, 1.0, 4.2647, 0.0, 0.5, 0.0, 4.2647, 0.5, 0.0, 0.0, 1.0]], ["frame2.png", [0.9402377605438232, -0.08164862543344498, 0.33058515191078186, -0.8429490614278418, -0.11485137045383453, -0.9899802207946777, 0.082148477435112, -0.20187656780370403, 0.32056543231010437, -0.1152072548866272, -0.9401941895484924, 2.55708481111005, 0.0, 0.0, 0.0, 1.0, 4.2647, 0.0, 0.5, 0.0, 4.2647, 0.5, 0.0, 0.0, 1.0]], ["frame2_mirror.png", [0.9402377605438232, 0.08164862543344498, -0.33058515191078186, 0.8429490614278418, 0.11485137045383453, -0.9899802207946777, 0.082148477435112, -0.20187656780370403, -0.32056543231010437, -0.1152072548866272, -0.9401941895484924, 2.55708481111005, 0.0, 0.0, 0.0, 1.0, 4.2647, 0.0, 0.5, 0.0, 4.2647, 0.5, 0.0, 0.0, 1.0]], ["frame3.png", [0.6427607536315918, -0.06485208123922348, 0.7633169889450073, -1.9801916743931032, -0.17576417326927185, -0.9823139905929565, 0.06454620510339737, -0.1760060334191111, 0.7456309795379639, -0.17565155029296875, -0.6427915692329407, 1.8269818852042043, 0.0, 0.0, 0.0, 1.0, 4.2647, 0.0, 0.5, 0.0, 4.2647, 0.5, 0.0, 0.0, 1.0]], ["frame3_mirror.png", [0.6427607536315918, 0.06485208123922348, -0.7633169889450073, 1.9801916743931032, 0.17576417326927185, -0.9823139905929565, 0.06454620510339737, -0.1760060334191111, -0.7456309795379639, -0.17565155029296875, -0.6427915692329407, 1.8269818852042043, 0.0, 0.0, 0.0, 1.0, 4.2647, 0.0, 0.5, 0.0, 4.2647, 0.5, 0.0, 0.0, 1.0]], ["frame4.png", [0.8451643586158752, -0.05618210509419441, 0.5315456986427307, -1.363340213646654, -0.08010666072368622, -0.9965426325798035, 0.022040309384465218, -0.04909143466412981, 0.5284696817398071, -0.061208032071590424, -0.8467428088188171, 2.329998603625443, 0.0, 0.0, 0.0, 1.0, 4.2647, 0.0, 0.5, 0.0, 4.2647, 0.5, 0.0, 0.0, 1.0]], ["frame4_mirror.png", [0.8451643586158752, 0.05618210509419441, -0.5315456986427307, 1.363340213646654, 0.08010666072368622, -0.9965426325798035, 0.022040309384465218, -0.04909143466412981, -0.5284696817398071, -0.061208032071590424, -0.8467428088188171, 2.329998603625443, 0.0, 0.0, 0.0, 1.0, 4.2647, 0.0, 0.5, 0.0, 4.2647, 0.5, 0.0, 0.0, 1.0]]]}