{"labels": [["frame0.png", [0.676033616065979, -0.07733377814292908, 0.7328014969825745, -1.891507960437065, -0.2144065499305725, -0.9720929861068726, 0.09521050751209259, -0.2435165319055008, 0.7049882411956787, -0.22148294746875763, -0.6737483739852905, 1.9112554340778032, 0.0, 0.0, 0.0, 1.0, 4.2647, 0.0, 0.5, 0.0, 4.2647, 0.5, 0.0, 0.0, 1.0]], ["frame0_mirror.png", [0.676033616065979, 0.07733377814292908, -0.7328014969825745, 1.891507960437065, 0.2144065499305725, -0.9720929861068726, 0.09521050751209259, -0.2435165319055008, -0.7049882411956787, -0.22148294746875763, -0.6737483739852905, 1.9112554340778032, 0.0, 0.0, 0.0, 1.0, 4.2647, 0.0, 0.5, 0.0, 4.2647, 0.5, 0.0, 0.0, 1.0]], ["frame1.png", [0.6546248197555542, -0.14676912128925323, 0.7415693998336792, -1.9161804550598236, -0.17179571092128754, -0.9841878414154053, -0.043133724480867386, 0.12129324093699966, 0.7361742258071899, -0.0991620272397995, -0.6694880723953247, 1.8982993476661492, 0.0, 0.0, 0.0, 1.0, 4.2647, 0.0, 0.5, 0.0, 4.2647, 0.5, 0.0, 0.0, 1.0]], ["frame1_mirror.png", [0.6546248197555542, 0.14676912128925323, -0.7415693998336792, 1.9161804550598236, 0.17179571092128754, -0.9841878414154053, -0.043133724480867386, 0.12129324093699966, -0.7361742258071899, -0.0991620272397995, -0.6694880723953247, 1.8982993476661492, 0.0, 0.0, 0.0, 1.0, 4.2647, 0.0, 0.5, 0.0, 4.2647, 0.5, 0.0, 0.0, 1.0]], ["frame2.png", [0.4931628704071045, -0.15769852697849274, 0.8555241227149963, -2.2325278219521847, -0.08074550330638885, -0.9874846935272217, -0.13547740876674652, 0.3497398805012786, 0.8661816120147705, -0.00226728618144989, -0.49972423911094666, 1.4776676013895633, 0.0, 0.0, 0.0, 1.0, 4.2647, 0.0, 0.5, 0.0, 4.2647, 0.5, 0.0, 0.0, 1.0]], ["frame2_mirror.png", [0.4931628704071045, 0.15769852697849274, -0.8555241227149963, 2.2325278219521847, 0.08074550330638885, -0.9874846935272217, -0.13547740876674652, 0.3497398805012786, -0.8661816120147705, -0.00226728618144989, -0.49972423911094666, 1.4776676013895633, 0.0, 0.0, 0.0, 1.0, 4.2647, 0.0, 0.5, 0.0, 4.2647, 0.5, 0.0, 0.0, 1.0]], ["frame3.png", [0.44329240918159485, -0.14194124937057495, 0.8850675225257874, -2.3005354494272607, -0.2529224455356598, -0.9670692086219788, -0.02841411903500557, 0.06600622886913707, 0.8599546551704407, -0.211257666349411, -0.4645945727825165, 1.4118002067144586, 0.0, 0.0, 0.0, 1.0, 4.2647, 0.0, 0.5, 0.0, 4.2647, 0.5, 0.0, 0.0, 1.0]], ["frame3_mirror.png", [0.44329240918159485, 0.14194124937057495, -0.8850675225257874, 2.3005354494272607, 0.2529224455356598, -0.9670692086219788, -0.02841411903500557, 0.06600622886913707, -0.8599546551704407, -0.211257666349411, -0.4645945727825165, 1.4118002067144586, 0.0, 0.0, 0.0, 1.0, 4.2647, 0.0, 0.5, 0.0, 4.2647, 0.5, 0.0, 0.0, 1.0]], ["frame4.png", [0.2713874280452728, -0.08065299689769745, 0.9590849876403809, -2.5261556256671103, -0.07949118316173553, -0.9949566125869751, -0.0611763559281826, 0.1306486340919678, 0.9591820240020752, -0.05963635444641113, -0.2764299213886261, 0.944176196120361, 0.0, 0.0, 0.0, 1.0, 4.2647, 0.0, 0.5, 0.0, 4.2647, 0.5, 0.0, 0.0, 1.0]], ["frame4_mirror.png", [0.2713874280452728, 0.08065299689769745, -0.9590849876403809, 2.5261556256671103, 0.07949118316173553, -0.9949566125869751, -0.0611763559281826, 0.1306486340919678, -0.9591820240020752, -0.05963635444641113, -0.2764299213886261, 0.944176196120361, 0.0, 0.0, 0.0, 1.0, 4.2647, 0.0, 0.5, 0.0, 4.2647, 0.5, 0.0, 0.0, 1.0]], ["frame5.png", [0.4040372371673584, -0.17570056021213531, 0.8977099657058716, -2.3413736317808267, -0.1629585474729538, -0.9795069694519043, -0.1183663010597229, 0.30816287619897964, 0.9001101851463318, -0.09846511483192444, -0.42438921332359314, 1.308818229600366, 0.0, 0.0, 0.0, 1.0, 4.2647, 0.0, 0.5, 0.0, 4.2647, 0.5, 0.0, 0.0, 1.0]], ["frame5_mirror.png", [0.4040372371673584, 0.17570056021213531, -0.8977099657058716, 2.3413736317808267, 0.1629585474729538, -0.9795069694519043, -0.1183663010597229, 0.30816287619897964, -0.9001101851463318, -0.09846511483192444, -0.42438921332359314, 1.308818229600366, 0.0, 0.0, 0.0, 1.0, 4.2647, 0.0, 0.5, 0.0, 4.2647, 0.5, 0.0, 0.0, 1.0]], ["frame6.png", [0.45876914262771606, -0.194299578666687, 0.8670516610145569, -2.2614444372841804, -0.19012725353240967, -0.974664568901062, -0.11781581491231918, 0.30306047599333963, 0.8679760694503784, -0.1107998788356781, -0.48408767580986023, 1.4436147010082463, 0.0, 0.0, 0.0, 1.0, 4.2647, 0.0, 0.5, 0.0, 4.2647, 0.5, 0.0, 0.0, 1.0]], ["frame6_mirror.png", [0.45876914262771606, 0.194299578666687, -0.8670516610145569, 2.2614444372841804, 0.19012725353240967, -0.974664568901062, -0.11781581491231918, 0.30306047599333963, -0.8679760694503784, -0.1107998788356781, -0.48408767580986023, 1.4436147010082463, 0.0, 0.0, 0.0, 1.0, 4.2647, 0.0, 0.5, 0.0, 4.2647, 0.5, 0.0, 0.0, 1.0]], ["frame7.png", [0.3040629029273987, -0.12536843121051788, 0.9443667531013489, -2.47900933135898, -0.07161763310432434, -0.9915059804916382, -0.1085672378540039, 0.27825276988714265, 0.9499561786651611, -0.03462204337120056, -0.310458779335022, 1.0329995794216174, 0.0, 0.0, 0.0, 1.0, 4.2647, 0.0, 0.5, 0.0, 4.2647, 0.5, 0.0, 0.0, 1.0]], ["frame7_mirror.png", [0.3040629029273987, 0.12536843121051788, -0.9443667531013489, 2.47900933135898, 0.07161763310432434, -0.9915059804916382, -0.1085672378540039, 0.27825276988714265, -0.9499561786651611, -0.03462204337120056, -0.310458779335022, 1.0329995794216174, 0.0, 0.0, 0.0, 1.0, 4.2647, 0.0, 0.5, 0.0, 4.2647, 0.5, 0.0, 0.0, 1.0]]]}