{"frame0.png": {"intrinsics": [[2985.29, 0.0, 512.0], [0.0, 2985.29, 512.0], [0.0, 0.0, 1.0]], "pose": [[0.9546203017234802, -0.26787087321281433, -0.13017426431179047, 0.3665677607059479], [-0.23667246103286743, -0.9476349353790283, 0.21441608667373657, -0.6113556623458862], [-0.18079350888729095, -0.1738772839307785, -0.9680291414260864, 2.918915271759033], [0.0, 0.0, 0.0, 1.0]]}, "frame1.png": {"intrinsics": [[2985.29, 0.0, 512.0], [0.0, 2985.29, 512.0], [0.0, 0.0, 1.0]], "pose": [[0.9582531452178955, -0.2557915151119232, -0.12775593996047974, 0.3468307852745056], [-0.22756698727607727, -0.9528262615203857, 0.20083679258823395, -0.5515827536582947], [-0.17310157418251038, -0.1633794605731964, -0.9712584614753723, 2.8470113277435303], [0.0, 0.0, 0.0, 1.0]]}, "frame10.png": {"intrinsics": [[2985.29, 0.0, 512.0], [0.0, 2985.29, 512.0], [0.0, 0.0, 1.0]], "pose": [[0.9667695760726929, -0.21322184801101685, -0.14104242622852325, 0.3813490569591522], [-0.20396475493907928, -0.9759225249290466, 0.0772894099354744, -0.21153464913368225], [-0.15412627160549164, -0.04595337063074112, -0.9869819283485413, 2.8607828617095947], [0.0, 0.0, 0.0, 1.0]]}, "frame11.png": {"intrinsics": [[2985.29, 0.0, 512.0], [0.0, 2985.29, 512.0], [0.0, 0.0, 1.0]], "pose": [[0.9689450860023499, -0.2056935727596283, -0.13724291324615479, 0.3797459900379181], [-0.1966453641653061, -0.9774730205535889, 0.07666225731372833, -0.20914313197135925], [-0.14992016553878784, -0.04729333519935608, -0.9875662922859192, 2.897578239440918], [0.0, 0.0, 0.0, 1.0]]}, "frame12.png": {"intrinsics": [[2985.29, 0.0, 512.0], [0.0, 2985.29, 512.0], [0.0, 0.0, 1.0]], "pose": [[0.9698681235313416, -0.2023911029100418, -0.1356234848499298, 0.37334713339805603], [-0.1959119737148285, -0.9788044691085815, 0.05966919660568237, -0.1678599864244461], [-0.14482538402080536, -0.03130098804831505, -0.9889619946479797, 2.909141778945923], [0.0, 0.0, 0.0, 1.0]]}, "frame13.png": {"intrinsics": [[2985.29, 0.0, 512.0], [0.0, 2985.29, 512.0], [0.0, 0.0, 1.0]], "pose": [[0.9695761799812317, -0.20628510415554047, -0.13178949058055878, 0.3537014126777649], [-0.20296034216880798, -0.9784365296363831, 0.0383291132748127, -0.10444928705692291], [-0.1368543803691864, -0.010414961725473404, -0.9905363917350769, 2.840515375137329], [0.0, 0.0, 0.0, 1.0]]}, "frame14.png": {"intrinsics": [[2985.29, 0.0, 512.0], [0.0, 2985.29, 512.0], [0.0, 0.0, 1.0]], "pose": [[0.9707158803939819, -0.20120427012443542, -0.13125360012054443, 0.3550424873828888], [-0.1980331391096115, -0.9794998168945312, 0.03691813722252846, -0.10088913887739182], [-0.1359909623861313, -0.0098444614559412, -0.9906611442565918, 2.8787057399749756], [0.0, 0.0, 0.0, 1.0]]}, "frame15.png": {"intrinsics": [[2985.29, 0.0, 512.0], [0.0, 2985.29, 512.0], [0.0, 0.0, 1.0]], "pose": [[0.9708142280578613, -0.20045773684978485, -0.13166794180870056, 0.35635119676589966], [-0.19770830869674683, -0.9796791076660156, 0.03376845270395279, -0.09389277547597885], [-0.13576148450374603, -0.006751047447323799, -0.9907185435295105, 2.873324394226074], [0.0, 0.0, 0.0, 1.0]]}, "frame16.png": {"intrinsics": [[2985.29, 0.0, 512.0], [0.0, 2985.29, 512.0], [0.0, 0.0, 1.0]], "pose": [[0.9716705679893494, -0.1974756419658661, -0.1298445463180542, 0.35110941529273987], [-0.1952366828918457, -0.9803009033203125, 0.029880471527576447, -0.08516818284988403], [-0.133187398314476, -0.0036835595965385437, -0.9910840392112732, 2.874673366546631], [0.0, 0.0, 0.0, 1.0]]}, "frame17.png": {"intrinsics": [[2985.29, 0.0, 512.0], [0.0, 2985.29, 512.0], [0.0, 0.0, 1.0]], "pose": [[0.9723718762397766, -0.20017457008361816, -0.1200961321592331, 0.3264816701412201], [-0.19703440368175507, -0.9796753525733948, 0.03759812191128731, -0.10325582325458527], [-0.1251814216375351, -0.012896290048956871, -0.992050051689148, 2.888547420501709], [0.0, 0.0, 0.0, 1.0]]}, "frame18.png": {"intrinsics": [[2985.29, 0.0, 512.0], [0.0, 2985.29, 512.0], [0.0, 0.0, 1.0]], "pose": [[0.972762405872345, -0.20481537282466888, -0.10855401307344437, 0.29618993401527405], [-0.2010478675365448, -0.9785609245300293, 0.04470144957304001, -0.1226470023393631], [-0.11538226157426834, -0.021659336984157562, -0.9930849671363831, 2.873798131942749], [0.0, 0.0, 0.0, 1.0]]}, "frame19.png": {"intrinsics": [[2985.29, 0.0, 512.0], [0.0, 2985.29, 512.0], [0.0, 0.0, 1.0]], "pose": [[0.9735907912254333, -0.20164762437343597, -0.1070474311709404, 0.2974286377429962], [-0.1959930658340454, -0.9787025451660156, 0.06105704978108406, -0.16881686449050903], [-0.11707960069179535, -0.038464028388261795, -0.9923774003982544, 2.905465841293335], [0.0, 0.0, 0.0, 1.0]]}, "frame2.png": {"intrinsics": [[2985.29, 0.0, 512.0], [0.0, 2985.29, 512.0], [0.0, 0.0, 1.0]], "pose": [[0.9603585600852966, -0.25031521916389465, -0.12269357591867447, 0.34899163246154785], [-0.2249908149242401, -0.9558500051498413, 0.18902358412742615, -0.5327689051628113], [-0.16459214687347412, -0.15392549335956573, -0.9742773175239563, 2.9222309589385986], [0.0, 0.0, 0.0, 1.0]]}, "frame20.png": {"intrinsics": [[2985.29, 0.0, 512.0], [0.0, 2985.29, 512.0], [0.0, 0.0, 1.0]], "pose": [[0.9738775491714478, -0.2000739872455597, -0.1073915958404541, 0.2978375256061554], [-0.19418233633041382, -0.9789484143257141, 0.06287536025047302, -0.17497359216213226], [-0.11771056056022644, -0.040379345417022705, -0.9922266602516174, 2.913076639175415], [0.0, 0.0, 0.0, 1.0]]}, "frame21.png": {"intrinsics": [[2985.29, 0.0, 512.0], [0.0, 2985.29, 512.0], [0.0, 0.0, 1.0]], "pose": [[0.9729357957839966, -0.20704567432403564, -0.10260629653930664, 0.2814696431159973], [-0.19897478818893433, -0.9764333963394165, 0.08358761668205261, -0.23143433034420013], [-0.11749466508626938, -0.060909319669008255, -0.9912038445472717, 2.8980467319488525], [0.0, 0.0, 0.0, 1.0]]}, "frame22.png": {"intrinsics": [[2985.29, 0.0, 512.0], [0.0, 2985.29, 512.0], [0.0, 0.0, 1.0]], "pose": [[0.9727384448051453, -0.20843316614627838, -0.10166367143392563, 0.27984148263931274], [-0.19854405522346497, -0.9750438332557678, 0.09934747964143753, -0.2791474461555481], [-0.11983384937047958, -0.07645440101623535, -0.9898457527160645, 2.8959615230560303], [0.0, 0.0, 0.0, 1.0]]}, "frame23.png": {"intrinsics": [[2985.29, 0.0, 512.0], [0.0, 2985.29, 512.0], [0.0, 0.0, 1.0]], "pose": [[0.9715889692306519, -0.21473704278469086, -0.099512979388237, 0.27671971917152405], [-0.20133757591247559, -0.9709352254867554, 0.1294141262769699, -0.35920900106430054], [-0.12441065907478333, -0.10570164024829865, -0.9865845441818237, 2.9220423698425293], [0.0, 0.0, 0.0, 1.0]]}, "frame24.png": {"intrinsics": [[2985.29, 0.0, 512.0], [0.0, 2985.29, 512.0], [0.0, 0.0, 1.0]], "pose": [[0.9720737934112549, -0.21455824375152588, -0.09506470710039139, 0.26262664794921875], [-0.20059113204479218, -0.9699144959449768, 0.13794583082199097, -0.37587305903434753], [-0.12180205434560776, -0.11502440273761749, -0.985866904258728, 2.8792784214019775], [0.0, 0.0, 0.0, 1.0]]}, "frame25.png": {"intrinsics": [[2985.29, 0.0, 512.0], [0.0, 2985.29, 512.0], [0.0, 0.0, 1.0]], "pose": [[0.9718026518821716, -0.21544843912124634, -0.09582013636827469, 0.2627379298210144], [-0.2014252096414566, -0.9697800278663635, 0.13767509162425995, -0.37285706400871277], [-0.12258633971214294, -0.11449242383241653, -0.985831618309021, 2.8696224689483643], [0.0, 0.0, 0.0, 1.0]]}, "frame26.png": {"intrinsics": [[2985.29, 0.0, 512.0], [0.0, 2985.29, 512.0], [0.0, 0.0, 1.0]], "pose": [[0.9732061624526978, -0.20945177972316742, -0.09486709535121918, 0.26338401436805725], [-0.19378992915153503, -0.9692177772521973, 0.15186330676078796, -0.42004138231277466], [-0.12375490367412567, -0.1294100135564804, -0.9838383197784424, 2.888125419616699], [0.0, 0.0, 0.0, 1.0]]}, "frame27.png": {"intrinsics": [[2985.29, 0.0, 512.0], [0.0, 2985.29, 512.0], [0.0, 0.0, 1.0]], "pose": [[0.9744874835014343, -0.2064308226108551, -0.08809323608875275, 0.245198056101799], [-0.19137214124202728, -0.9692953824996948, 0.15441247820854187, -0.4271966516971588], [-0.11726386845111847, -0.1336144357919693, -0.9840713143348694, 2.888749122619629], [0.0, 0.0, 0.0, 1.0]]}, "frame28.png": {"intrinsics": [[2985.29, 0.0, 512.0], [0.0, 2985.29, 512.0], [0.0, 0.0, 1.0]], "pose": [[0.9762110710144043, -0.19890151917934418, -0.08631493151187897, 0.24024392664432526], [-0.18493609130382538, -0.9716337323188782, 0.14739947021007538, -0.40908870100975037], [-0.11318447440862656, -0.12793023884296417, -0.9853035807609558, 2.893322467803955], [0.0, 0.0, 0.0, 1.0]]}, "frame29.png": {"intrinsics": [[2985.29, 0.0, 512.0], [0.0, 2985.29, 512.0], [0.0, 0.0, 1.0]], "pose": [[0.97674560546875, -0.1974150836467743, -0.08363799005746841, 0.23960629105567932], [-0.18098077178001404, -0.9683220982551575, 0.1720416098833084, -0.48716843128204346], [-0.11495211720466614, -0.15290401875972748, -0.9815326929092407, 2.9486846923828125], [0.0, 0.0, 0.0, 1.0]]}, "frame3.png": {"intrinsics": [[2985.29, 0.0, 512.0], [0.0, 2985.29, 512.0], [0.0, 0.0, 1.0]], "pose": [[0.9609399437904358, -0.24592015147209167, -0.12695538997650146, 0.36473381519317627], [-0.21938341856002808, -0.9565057158470154, 0.19227004051208496, -0.5549435019493103], [-0.16871662437915802, -0.1569080501794815, -0.9730953574180603, 2.972203016281128], [0.0, 0.0, 0.0, 1.0]]}, "frame30.png": {"intrinsics": [[2985.29, 0.0, 512.0], [0.0, 2985.29, 512.0], [0.0, 0.0, 1.0]], "pose": [[0.9767402410507202, -0.19714879989624023, -0.08432554453611374, 0.24149030447006226], [-0.18055644631385803, -0.9683194756507874, 0.1725015491247177, -0.48835813999176025], [-0.11566253751516342, -0.15326367318630219, -0.9813930988311768, 2.9480247497558594], [0.0, 0.0, 0.0, 1.0]]}, "frame31.png": {"intrinsics": [[2985.29, 0.0, 512.0], [0.0, 2985.29, 512.0], [0.0, 0.0, 1.0]], "pose": [[0.9751208424568176, -0.20561151206493378, -0.08284458518028259, 0.24180206656455994], [-0.18743178248405457, -0.9642922282218933, 0.18710890412330627, -0.5280454158782959], [-0.11835813522338867, -0.1669260859489441, -0.978839635848999, 2.929438829421997], [0.0, 0.0, 0.0, 1.0]]}, "frame32.png": {"intrinsics": [[2985.29, 0.0, 512.0], [0.0, 2985.29, 512.0], [0.0, 0.0, 1.0]], "pose": [[0.9764696955680847, -0.20234841108322144, -0.07457876950502396, 0.21110820770263672], [-0.18688835203647614, -0.9665678143501282, 0.17555463314056396, -0.4976600706577301], [-0.10760864615440369, -0.15748588740825653, -0.9816407561302185, 2.9170565605163574], [0.0, 0.0, 0.0, 1.0]]}, "frame33.png": {"intrinsics": [[2985.29, 0.0, 512.0], [0.0, 2985.29, 512.0], [0.0, 0.0, 1.0]], "pose": [[0.9773135781288147, -0.19406531751155853, -0.08483345061540604, 0.22999529540538788], [-0.17860452830791473, -0.9704311490058899, 0.16236962378025055, -0.44792234897613525], [-0.11383533477783203, -0.14353442192077637, -0.9830764532089233, 2.8629603385925293], [0.0, 0.0, 0.0, 1.0]]}, "frame34.png": {"intrinsics": [[2985.29, 0.0, 512.0], [0.0, 2985.29, 512.0], [0.0, 0.0, 1.0]], "pose": [[0.9772850275039673, -0.19851695001125336, -0.07419557124376297, 0.20291456580162048], [-0.1844065636396408, -0.9690846800804138, 0.16391782462596893, -0.4488492012023926], [-0.10444226861000061, -0.14651228487491608, -0.9836798310279846, 2.8752379417419434], [0.0, 0.0, 0.0, 1.0]]}, "frame35.png": {"intrinsics": [[2985.29, 0.0, 512.0], [0.0, 2985.29, 512.0], [0.0, 0.0, 1.0]], "pose": [[0.9770320057868958, -0.1998257339000702, -0.0740143209695816, 0.20288148522377014], [-0.18584208190441132, -0.9689868688583374, 0.1628718078136444, -0.4440152645111084], [-0.10426487773656845, -0.14537601172924042, -0.9838671684265137, 2.8662147521972656], [0.0, 0.0, 0.0, 1.0]]}, "frame36.png": {"intrinsics": [[2985.29, 0.0, 512.0], [0.0, 2985.29, 512.0], [0.0, 0.0, 1.0]], "pose": [[0.9788594841957092, -0.19204074144363403, -0.07038766145706177, 0.1915358603000641], [-0.17941486835479736, -0.9714341163635254, 0.15532520413398743, -0.42204344272613525], [-0.09820573776960373, -0.13941295444965363, -0.9853525757789612, 2.8467791080474854], [0.0, 0.0, 0.0, 1.0]]}, "frame37.png": {"intrinsics": [[2985.29, 0.0, 512.0], [0.0, 2985.29, 512.0], [0.0, 0.0, 1.0]], "pose": [[0.9795377254486084, -0.18871811032295227, -0.0699385479092598, 0.19627083837985992], [-0.17569194734096527, -0.9713144898414612, 0.16025136411190033, -0.4414369761943817], [-0.09817465394735336, -0.1446845978498459, -0.9845954179763794, 2.8973095417022705], [0.0, 0.0, 0.0, 1.0]]}, "frame38.png": {"intrinsics": [[2985.29, 0.0, 512.0], [0.0, 2985.29, 512.0], [0.0, 0.0, 1.0]], "pose": [[0.9807862043380737, -0.18038390576839447, -0.0742969885468483, 0.20815904438495636], [-0.16597473621368408, -0.9716912508010864, 0.16813236474990845, -0.46312496066093445], [-0.1025221049785614, -0.15257048606872559, -0.9829605221748352, 2.8998515605926514], [0.0, 0.0, 0.0, 1.0]]}, "frame39.png": {"intrinsics": [[2985.29, 0.0, 512.0], [0.0, 2985.29, 512.0], [0.0, 0.0, 1.0]], "pose": [[0.9806778430938721, -0.18194396793842316, -0.07188457250595093, 0.2021464854478836], [-0.16926315426826477, -0.9733812212944031, 0.1545284241437912, -0.43155980110168457], [-0.09808661043643951, -0.13937519490718842, -0.9853698015213013, 2.9123826026916504], [0.0, 0.0, 0.0, 1.0]]}, "frame4.png": {"intrinsics": [[2985.29, 0.0, 512.0], [0.0, 2985.29, 512.0], [0.0, 0.0, 1.0]], "pose": [[0.960318922996521, -0.24849674105644226, -0.12663708627223969, 0.36088529229164124], [-0.22583338618278503, -0.9592573046684265, 0.16977830231189728, -0.48045283555984497], [-0.16366690397262573, -0.13444241881370544, -0.9773118495941162, 2.9555821418762207], [0.0, 0.0, 0.0, 1.0]]}, "frame40.png": {"intrinsics": [[2985.29, 0.0, 512.0], [0.0, 2985.29, 512.0], [0.0, 0.0, 1.0]], "pose": [[0.9799273014068604, -0.18567292392253876, -0.07258099317550659, 0.20100539922714233], [-0.172500342130661, -0.9722298383712769, 0.15815392136573792, -0.4377751350402832], [-0.0999303087592125, -0.14245910942554474, -0.9847432374954224, 2.885538101196289], [0.0, 0.0, 0.0, 1.0]]}, "frame41.png": {"intrinsics": [[2985.29, 0.0, 512.0], [0.0, 2985.29, 512.0], [0.0, 0.0, 1.0]], "pose": [[0.9802110195159912, -0.18561241030693054, -0.06880645453929901, 0.1912849098443985], [-0.17369160056114197, -0.973177969455719, 0.15085038542747498, -0.4305818974971771], [-0.09496062994003296, -0.13591411709785461, -0.986159086227417, 2.8982512950897217], [0.0, 0.0, 0.0, 1.0]]}, "frame42.png": {"intrinsics": [[2985.29, 0.0, 512.0], [0.0, 2985.29, 512.0], [0.0, 0.0, 1.0]], "pose": [[0.9792040586471558, -0.1882084161043167, -0.07574211806058884, 0.21352671086788177], [-0.17643706500530243, -0.9743040204048157, 0.1400056779384613, -0.3968692421913147], [-0.1001460999250412, -0.12373040616512299, -0.9872494339942932, 2.907957077026367], [0.0, 0.0, 0.0, 1.0]]}, "frame43.png": {"intrinsics": [[2985.29, 0.0, 512.0], [0.0, 2985.29, 512.0], [0.0, 0.0, 1.0]], "pose": [[0.9751322269439697, -0.20596256852149963, -0.08183309435844421, 0.2223551720380783], [-0.19262069463729858, -0.9702472686767578, 0.14668844640254974, -0.4053753614425659], [-0.1096106767654419, -0.12727788090705872, -0.9857919812202454, 2.863715171813965], [0.0, 0.0, 0.0, 1.0]]}, "frame44.png": {"intrinsics": [[2985.29, 0.0, 512.0], [0.0, 2985.29, 512.0], [0.0, 0.0, 1.0]], "pose": [[0.9750032424926758, -0.20633159577846527, -0.08243756741285324, 0.22637678682804108], [-0.1951659768819809, -0.9726282358169556, 0.12611328065395355, -0.34286364912986755], [-0.10620226711034775, -0.10687185823917389, -0.988584578037262, 2.8581740856170654], [0.0, 0.0, 0.0, 1.0]]}, "frame45.png": {"intrinsics": [[2985.29, 0.0, 512.0], [0.0, 2985.29, 512.0], [0.0, 0.0, 1.0]], "pose": [[0.9749940037727356, -0.20671847462654114, -0.0815732404589653, 0.225653737783432], [-0.1955639123916626, -0.9724493026733398, 0.1268748790025711, -0.3440570831298828], [-0.10555322468280792, -0.10774947702884674, -0.988558828830719, 2.8621721267700195], [0.0, 0.0, 0.0, 1.0]]}, "frame46.png": {"intrinsics": [[2985.29, 0.0, 512.0], [0.0, 2985.29, 512.0], [0.0, 0.0, 1.0]], "pose": [[0.9712364077568054, -0.2164485901594162, -0.09924659132957458, 0.29264286160469055], [-0.20157299935817719, -0.9692396521568298, 0.1412190943956375, -0.4246438443660736], [-0.12676039338111877, -0.11715168505907059, -0.9849910140037537, 3.069344997406006], [0.0, 0.0, 0.0, 1.0]]}, "frame47.png": {"intrinsics": [[2985.29, 0.0, 512.0], [0.0, 2985.29, 512.0], [0.0, 0.0, 1.0]], "pose": [[0.9670631289482117, -0.23332303762435913, -0.10173138976097107, 0.28112685680389404], [-0.22349882125854492, -0.9696342349052429, 0.0992862805724144, -0.2681986689567566], [-0.1218080148100853, -0.07327926158905029, -0.9898449182510376, 2.8640544414520264], [0.0, 0.0, 0.0, 1.0]]}, "frame48.png": {"intrinsics": [[2985.29, 0.0, 512.0], [0.0, 2985.29, 512.0], [0.0, 0.0, 1.0]], "pose": [[0.9620303511619568, -0.2469761073589325, -0.116191066801548, 0.3239840269088745], [-0.23674191534519196, -0.9669068455696106, 0.09510175883769989, -0.26477062702178955], [-0.13583379983901978, -0.0639834776520729, -0.988663375377655, 2.937812328338623], [0.0, 0.0, 0.0, 1.0]]}, "frame49.png": {"intrinsics": [[2985.29, 0.0, 512.0], [0.0, 2985.29, 512.0], [0.0, 0.0, 1.0]], "pose": [[0.9537081718444824, -0.26938244700431824, -0.13369297981262207, 0.37419021129608154], [-0.25937288999557495, -0.961788535118103, 0.08768504858016968, -0.2443356066942215], [-0.1522051841020584, -0.04894962161779404, -0.9871360063552856, 2.93442440032959], [0.0, 0.0, 0.0, 1.0]]}, "frame5.png": {"intrinsics": [[2985.29, 0.0, 512.0], [0.0, 2985.29, 512.0], [0.0, 0.0, 1.0]], "pose": [[0.96026611328125, -0.24872887134552002, -0.12658189237117767, 0.36083143949508667], [-0.22608116269111633, -0.9592077732086182, 0.16972880065441132, -0.48048141598701477], [-0.163634791970253, -0.13436704874038696, -0.9773275852203369, 2.956416130065918], [0.0, 0.0, 0.0, 1.0]]}, "frame6.png": {"intrinsics": [[2985.29, 0.0, 512.0], [0.0, 2985.29, 512.0], [0.0, 0.0, 1.0]], "pose": [[0.9603131413459778, -0.24333436787128448, -0.13633452355861664, 0.3822854459285736], [-0.2212778478860855, -0.9622049331665039, 0.1587381809949875, -0.4472637474536896], [-0.16980819404125214, -0.12227053940296173, -0.977862536907196, 2.9178922176361084], [0.0, 0.0, 0.0, 1.0]]}, "frame7.png": {"intrinsics": [[2985.29, 0.0, 512.0], [0.0, 2985.29, 512.0], [0.0, 0.0, 1.0]], "pose": [[0.9621267914772034, -0.23584423959255219, -0.13670943677425385, 0.38009417057037354], [-0.21792912483215332, -0.966720700263977, 0.1340072751045227, -0.3759056329727173], [-0.16376470029354095, -0.0991390198469162, -0.981505274772644, 2.9099721908569336], [0.0, 0.0, 0.0, 1.0]]}, "frame8.png": {"intrinsics": [[2985.29, 0.0, 512.0], [0.0, 2985.29, 512.0], [0.0, 0.0, 1.0]], "pose": [[0.9649214744567871, -0.2221730500459671, -0.13987736403942108, 0.3883914649486542], [-0.2073187232017517, -0.9716980457305908, 0.11323365569114685, -0.3167489469051361], [-0.16107603907585144, -0.08026239275932312, -0.9836729168891907, 2.9260270595550537], [0.0, 0.0, 0.0, 1.0]]}, "frame9.png": {"intrinsics": [[2985.29, 0.0, 512.0], [0.0, 2985.29, 512.0], [0.0, 0.0, 1.0]], "pose": [[0.9663581252098083, -0.2135200798511505, -0.143391415476799, 0.3847946226596832], [-0.2035668045282364, -0.9757050275802612, 0.08099626749753952, -0.2206297516822815], [-0.15720205008983612, -0.049081671983003616, -0.9863460659980774, 2.855785608291626], [0.0, 0.0, 0.0, 1.0]]}}