{"frame0.png": {"intrinsics": [[2985.29, 0.0, 512.0], [0.0, 2985.29, 512.0], [0.0, 0.0, 1.0]], "pose": [[0.9601119160652161, 0.05781916156411171, -0.2735725939273834, 0.7592438459396362], [-0.022796630859375, -0.9589442610740662, -0.28267693519592285, 0.7943950891494751], [-0.2786850333213806, 0.2776380479335785, -0.9193757772445679, 2.7309093475341797], [0.0, 0.0, 0.0, 1.0]]}, "frame1.png": {"intrinsics": [[2985.29, 0.0, 512.0], [0.0, 2985.29, 512.0], [0.0, 0.0, 1.0]], "pose": [[0.956984281539917, 0.06678347289562225, -0.28234919905662537, 0.7503542304039001], [-0.025683976709842682, -0.9498289823532104, -0.31171339750289917, 0.8320115804672241], [-0.2890007495880127, 0.30555665493011475, -0.9072561264038086, 2.5983989238739014], [0.0, 0.0, 0.0, 1.0]]}, "frame10.png": {"intrinsics": [[2985.29, 0.0, 512.0], [0.0, 2985.29, 512.0], [0.0, 0.0, 1.0]], "pose": [[0.9596644043922424, 0.07197621464729309, -0.2717787027359009, 0.7726926207542419], [-0.03942126780748367, -0.9226764440536499, -0.3835545480251312, 1.0966682434082031], [-0.27837061882019043, 0.3787975013256073, -0.8826223611831665, 2.679816484451294], [0.0, 0.0, 0.0, 1.0]]}, "frame11.png": {"intrinsics": [[2985.29, 0.0, 512.0], [0.0, 2985.29, 512.0], [0.0, 0.0, 1.0]], "pose": [[0.9579440355300903, 0.05886300280690193, -0.2808529734611511, 0.7613419890403748], [-0.04592142999172211, -0.9346747398376465, -0.3525258004665375, 0.9715108275413513], [-0.2832568883895874, 0.3505971431732178, -0.8926630020141602, 2.6039836406707764], [0.0, 0.0, 0.0, 1.0]]}, "frame12.png": {"intrinsics": [[2985.29, 0.0, 512.0], [0.0, 2985.29, 512.0], [0.0, 0.0, 1.0]], "pose": [[0.9564489722251892, 0.05717648193240166, -0.2862449586391449, 0.7788380980491638], [-0.04670996218919754, -0.938012421131134, -0.34343990683555603, 0.951641857624054], [-0.2881380021572113, 0.34185323119163513, -0.8944903016090393, 2.617987632751465], [0.0, 0.0, 0.0, 1.0]]}, "frame13.png": {"intrinsics": [[2985.29, 0.0, 512.0], [0.0, 2985.29, 512.0], [0.0, 0.0, 1.0]], "pose": [[0.9567448496818542, 0.052363187074661255, -0.28617730736732483, 0.7855636477470398], [-0.05380856245756149, -0.9348484873771667, -0.35094574093818665, 0.9647090435028076], [-0.2859090566635132, 0.3511643409729004, -0.891593873500824, 2.6228132247924805], [0.0, 0.0, 0.0, 1.0]]}, "frame14.png": {"intrinsics": [[2985.29, 0.0, 512.0], [0.0, 2985.29, 512.0], [0.0, 0.0, 1.0]], "pose": [[0.9643064737319946, 0.04244440421462059, -0.26136481761932373, 0.7659703493118286], [-0.05331768840551376, -0.935726523399353, -0.34867337346076965, 1.0209472179412842], [-0.2593652307987213, 0.3501633405685425, -0.9000641107559204, 2.8096113204956055], [0.0, 0.0, 0.0, 1.0]]}, "frame15.png": {"intrinsics": [[2985.29, 0.0, 512.0], [0.0, 2985.29, 512.0], [0.0, 0.0, 1.0]], "pose": [[0.9637855887413025, 0.05037873610854149, -0.2618764340877533, 0.7079710364341736], [-0.04950859025120735, -0.9311218857765198, -0.3613322973251343, 0.9803466200828552], [-0.2620423436164856, 0.36121198534965515, -0.8949077129364014, 2.6044602394104004], [0.0, 0.0, 0.0, 1.0]]}, "frame16.png": {"intrinsics": [[2985.29, 0.0, 512.0], [0.0, 2985.29, 512.0], [0.0, 0.0, 1.0]], "pose": [[0.9681525826454163, 0.05406311899423599, -0.24445396661758423, 0.6499778032302856], [-0.03593096137046814, -0.9362944960594177, -0.3493731617927551, 0.9292569160461426], [-0.24776910245418549, 0.34702998399734497, -0.9045333862304688, 2.5850980281829834], [0.0, 0.0, 0.0, 1.0]]}, "frame17.png": {"intrinsics": [[2985.29, 0.0, 512.0], [0.0, 2985.29, 512.0], [0.0, 0.0, 1.0]], "pose": [[0.9703127145767212, 0.05848327651619911, -0.23467642068862915, 0.6379364728927612], [-0.026473775506019592, -0.9388089776039124, -0.34341952204704285, 0.9348730444908142], [-0.24040062725543976, 0.3394370973110199, -0.9093899726867676, 2.658766031265259], [0.0, 0.0, 0.0, 1.0]]}, "frame18.png": {"intrinsics": [[2985.29, 0.0, 512.0], [0.0, 2985.29, 512.0], [0.0, 0.0, 1.0]], "pose": [[0.9721099734306335, 0.059739574790000916, -0.22678899765014648, 0.6195366978645325], [-0.024151645600795746, -0.9363717436790466, -0.35017797350883484, 0.9602422714233398], [-0.233278289437294, 0.3458888530731201, -0.9088135361671448, 2.6673367023468018], [0.0, 0.0, 0.0, 1.0]]}, "frame19.png": {"intrinsics": [[2985.29, 0.0, 512.0], [0.0, 2985.29, 512.0], [0.0, 0.0, 1.0]], "pose": [[0.972740650177002, 0.054705068469047546, -0.2253509908914566, 0.604522168636322], [-0.026162300258874893, -0.9396833181381226, -0.3410438299179077, 0.9206918478012085], [-0.23041538894176483, 0.3376428782939911, -0.9126368761062622, 2.6455183029174805], [0.0, 0.0, 0.0, 1.0]]}, "frame2.png": {"intrinsics": [[2985.29, 0.0, 512.0], [0.0, 2985.29, 512.0], [0.0, 0.0, 1.0]], "pose": [[0.9499751329421997, 0.07916794717311859, -0.3021251857280731, 0.8204034566879272], [-0.02045276015996933, -0.9494957327842712, -0.3131127655506134, 0.8626669049263], [-0.31165504455566406, 0.3036286234855652, -0.9003781676292419, 2.6297969818115234], [0.0, 0.0, 0.0, 1.0]]}, "frame20.png": {"intrinsics": [[2985.29, 0.0, 512.0], [0.0, 2985.29, 512.0], [0.0, 0.0, 1.0]], "pose": [[0.9633486866950989, 0.05303305387496948, -0.2629578411579132, 0.6974702477455139], [-0.022101540118455887, -0.9612385630607605, -0.27483078837394714, 0.7336885333061218], [-0.2673403322696686, 0.2705696225166321, -0.924835741519928, 2.6335086822509766], [0.0, 0.0, 0.0, 1.0]]}, "frame21.png": {"intrinsics": [[2985.29, 0.0, 512.0], [0.0, 2985.29, 512.0], [0.0, 0.0, 1.0]], "pose": [[0.9661328196525574, 0.049984946846961975, -0.2531578838825226, 0.6965540647506714], [-0.029111243784427643, -0.9536838531494141, -0.2993987798690796, 0.828179121017456], [-0.2563980221748352, 0.2966287434101105, -0.9199301600456238, 2.7186572551727295], [0.0, 0.0, 0.0, 1.0]]}, "frame22.png": {"intrinsics": [[2985.29, 0.0, 512.0], [0.0, 2985.29, 512.0], [0.0, 0.0, 1.0]], "pose": [[0.9628463983535767, 0.06365884095430374, -0.26243922114372253, 0.6986390948295593], [-0.02558496594429016, -0.9459434747695923, -0.32332083582878113, 0.8683114647865295], [-0.2688348889350891, 0.31802278757095337, -0.9091695547103882, 2.59999942779541], [0.0, 0.0, 0.0, 1.0]]}, "frame23.png": {"intrinsics": [[2985.29, 0.0, 512.0], [0.0, 2985.29, 512.0], [0.0, 0.0, 1.0]], "pose": [[0.964076817035675, 0.0695447325706482, -0.25635793805122375, 0.6889340877532959], [-0.024937771260738373, -0.937157392501831, -0.3480145335197449, 0.9417613744735718], [-0.2644503116607666, 0.34190574288368225, -0.9017574787139893, 2.613754987716675], [0.0, 0.0, 0.0, 1.0]]}, "frame24.png": {"intrinsics": [[2985.29, 0.0, 512.0], [0.0, 2985.29, 512.0], [0.0, 0.0, 1.0]], "pose": [[0.966306746006012, 0.08020976930856705, -0.24457639455795288, 0.6972807049751282], [-0.013742081820964813, -0.9327735900878906, -0.36020082235336304, 1.04459810256958], [-0.2570260167121887, 0.35142549872398376, -0.9002431631088257, 2.705549955368042], [0.0, 0.0, 0.0, 1.0]]}, "frame25.png": {"intrinsics": [[2985.29, 0.0, 512.0], [0.0, 2985.29, 512.0], [0.0, 0.0, 1.0]], "pose": [[0.9676303267478943, 0.07943636924028397, -0.2395443320274353, 0.650529146194458], [-0.005882233381271362, -0.9418149590492249, -0.33608052134513855, 0.9253136515617371], [-0.25230345129966736, 0.3266107141971588, -0.9108614325523376, 2.6463422775268555], [0.0, 0.0, 0.0, 1.0]]}, "frame26.png": {"intrinsics": [[2985.29, 0.0, 512.0], [0.0, 2985.29, 512.0], [0.0, 0.0, 1.0]], "pose": [[0.9655659794807434, 0.07509760558605194, -0.24908381700515747, 0.7179075479507446], [-0.014825738966464996, -0.93999183177948, -0.34087467193603516, 0.9962838888168335], [-0.259735643863678, 0.3328298032283783, -0.9065107703208923, 2.7590832710266113], [0.0, 0.0, 0.0, 1.0]]}, "frame27.png": {"intrinsics": [[2985.29, 0.0, 512.0], [0.0, 2985.29, 512.0], [0.0, 0.0, 1.0]], "pose": [[0.9667197465896606, 0.07447671890258789, -0.24475736916065216, 0.6504172682762146], [-0.011327788233757019, -0.9432910084724426, -0.3317735493183136, 0.8901340365409851], [-0.2555868327617645, 0.32350459694862366, -0.9110543727874756, 2.6123433113098145], [0.0, 0.0, 0.0, 1.0]]}, "frame28.png": {"intrinsics": [[2985.29, 0.0, 512.0], [0.0, 2985.29, 512.0], [0.0, 0.0, 1.0]], "pose": [[0.9670233726501465, 0.07568324357271194, -0.24318255484104156, 0.7111002802848816], [-0.01368711143732071, -0.9380044341087341, -0.34635287523269653, 1.02670419216156], [-0.254319429397583, 0.33825981616973877, -0.906036376953125, 2.7944259643554688], [0.0, 0.0, 0.0, 1.0]]}, "frame29.png": {"intrinsics": [[2985.29, 0.0, 512.0], [0.0, 2985.29, 512.0], [0.0, 0.0, 1.0]], "pose": [[0.9638641476631165, 0.08238937705755234, -0.2533336877822876, 0.6756813526153564], [-0.01110774278640747, -0.9377155303955078, -0.34722644090652466, 0.9313028454780579], [-0.2661627233028412, 0.33749303221702576, -0.9029152393341064, 2.5958309173583984], [0.0, 0.0, 0.0, 1.0]]}, "frame3.png": {"intrinsics": [[2985.29, 0.0, 512.0], [0.0, 2985.29, 512.0], [0.0, 0.0, 1.0]], "pose": [[0.9508270025253296, 0.0839923769235611, -0.29811614751815796, 0.8212357759475708], [-0.023361988365650177, -0.9403355121612549, -0.33944565057754517, 0.9351431131362915], [-0.3088400363922119, 0.329718679189682, -0.8921341896057129, 2.632474660873413], [0.0, 0.0, 0.0, 1.0]]}, "frame30.png": {"intrinsics": [[2985.29, 0.0, 512.0], [0.0, 2985.29, 512.0], [0.0, 0.0, 1.0]], "pose": [[0.964687705039978, 0.07890153676271439, -0.25130099058151245, 0.667036235332489], [-0.008841745555400848, -0.9438410997390747, -0.3302813768386841, 0.8867397904396057], [-0.26324793696403503, 0.32084032893180847, -0.9098142981529236, 2.596081495285034], [0.0, 0.0, 0.0, 1.0]]}, "frame31.png": {"intrinsics": [[2985.29, 0.0, 512.0], [0.0, 2985.29, 512.0], [0.0, 0.0, 1.0]], "pose": [[0.9675163626670837, 0.07660676538944244, -0.2409220188856125, 0.7127045392990112], [-0.010241664946079254, -0.9403236508369446, -0.34012719988822937, 1.012862205505371], [-0.25260069966316223, 0.3315460681915283, -0.9089939594268799, 2.842872381210327], [0.0, 0.0, 0.0, 1.0]]}, "frame32.png": {"intrinsics": [[2985.29, 0.0, 512.0], [0.0, 2985.29, 512.0], [0.0, 0.0, 1.0]], "pose": [[0.9574205875396729, 0.0863233208656311, -0.275488942861557, 0.7516375780105591], [-0.012023113667964935, -0.941499650478363, -0.3367995619773865, 0.9244420528411865], [-0.2884463965892792, 0.3257710635662079, -0.9003732204437256, 2.6431150436401367], [0.0, 0.0, 0.0, 1.0]]}, "frame33.png": {"intrinsics": [[2985.29, 0.0, 512.0], [0.0, 2985.29, 512.0], [0.0, 0.0, 1.0]], "pose": [[0.9575262069702148, 0.05292733758687973, -0.2834470868110657, 0.7659236788749695], [-0.014071714133024216, -0.9732609391212463, -0.2292708456516266, 0.6209107041358948], [-0.2880026698112488, 0.2235214114189148, -0.931178092956543, 2.697922468185425], [0.0, 0.0, 0.0, 1.0]]}, "frame34.png": {"intrinsics": [[2985.29, 0.0, 512.0], [0.0, 2985.29, 512.0], [0.0, 0.0, 1.0]], "pose": [[0.9574921131134033, 0.049336306750774384, -0.28420907258987427, 0.764892578125], [-0.013188660144805908, -0.9767473340034485, -0.21398736536502838, 0.5811370611190796], [-0.28815779089927673, 0.20863954722881317, -0.934577226638794, 2.6967849731445312], [0.0, 0.0, 0.0, 1.0]]}, "frame35.png": {"intrinsics": [[2985.29, 0.0, 512.0], [0.0, 2985.29, 512.0], [0.0, 0.0, 1.0]], "pose": [[0.9603142142295837, 0.054046474397182465, -0.27363401651382446, 0.7279869914054871], [-0.009611483663320541, -0.9740520119667053, -0.2261200100183487, 0.6091726422309875], [-0.2787547707557678, 0.21977628767490387, -0.934876561164856, 2.671550989151001], [0.0, 0.0, 0.0, 1.0]]}, "frame36.png": {"intrinsics": [[2985.29, 0.0, 512.0], [0.0, 2985.29, 512.0], [0.0, 0.0, 1.0]], "pose": [[0.9622770547866821, 0.058315880596637726, -0.2657483220100403, 0.7151196599006653], [-0.015485681593418121, -0.9634360671043396, -0.267490416765213, 0.7389192581176758], [-0.2716304659843445, 0.26151520013809204, -0.9261893033981323, 2.688875436782837], [0.0, 0.0, 0.0, 1.0]]}, "frame37.png": {"intrinsics": [[2985.29, 0.0, 512.0], [0.0, 2985.29, 512.0], [0.0, 0.0, 1.0]], "pose": [[0.9607385993003845, 0.06225639209151268, -0.2703803479671478, 0.7303423881530762], [-0.014473170042037964, -0.9619289636611938, -0.27291613817214966, 0.7492800951004028], [-0.27707749605178833, 0.2661142945289612, -0.9232612252235413, 2.67600679397583], [0.0, 0.0, 0.0, 1.0]]}, "frame38.png": {"intrinsics": [[2985.29, 0.0, 512.0], [0.0, 2985.29, 512.0], [0.0, 0.0, 1.0]], "pose": [[0.9628401398658752, 0.06413830816745758, -0.2623452842235565, 0.7034364938735962], [-0.010213859379291534, -0.9620482921600342, -0.2726881802082062, 0.7419130802154541], [-0.2698785960674286, 0.26523470878601074, -0.9256436228752136, 2.6631007194519043], [0.0, 0.0, 0.0, 1.0]]}, "frame39.png": {"intrinsics": [[2985.29, 0.0, 512.0], [0.0, 2985.29, 512.0], [0.0, 0.0, 1.0]], "pose": [[0.9650300741195679, 0.06466425210237503, -0.25403809547424316, 0.6893160343170166], [-0.011605866253376007, -0.9576073884963989, -0.28784260153770447, 0.7956451773643494], [-0.26188185811042786, 0.2807250916957855, -0.9233695268630981, 2.697070598602295], [0.0, 0.0, 0.0, 1.0]]}, "frame4.png": {"intrinsics": [[2985.29, 0.0, 512.0], [0.0, 2985.29, 512.0], [0.0, 0.0, 1.0]], "pose": [[0.9481356143951416, 0.025399532169103622, -0.31684964895248413, 0.8599228262901306], [-0.05197668820619583, -0.9709973931312561, -0.23337198793888092, 0.6395655870437622], [-0.3135877251625061, 0.23773708939552307, -0.9193170666694641, 2.6816539764404297], [0.0, 0.0, 0.0, 1.0]]}, "frame40.png": {"intrinsics": [[2985.29, 0.0, 512.0], [0.0, 2985.29, 512.0], [0.0, 0.0, 1.0]], "pose": [[0.9632068872451782, 0.0605328194797039, -0.26185545325279236, 0.7135713696479797], [-0.02273787185549736, -0.9524587988853455, -0.30381760001182556, 0.8357466459274292], [-0.26779747009277344, 0.2985932528972626, -0.9160385131835938, 2.689110040664673], [0.0, 0.0, 0.0, 1.0]]}, "frame41.png": {"intrinsics": [[2985.29, 0.0, 512.0], [0.0, 2985.29, 512.0], [0.0, 0.0, 1.0]], "pose": [[0.9633051156997681, 0.05755508691072464, -0.2621654272079468, 0.70233154296875], [-0.022877708077430725, -0.9555785059928894, -0.29384738206863403, 0.7964262366294861], [-0.2674320638179779, 0.28906241059303284, -0.9191969633102417, 2.653292179107666], [0.0, 0.0, 0.0, 1.0]]}, "frame42.png": {"intrinsics": [[2985.29, 0.0, 512.0], [0.0, 2985.29, 512.0], [0.0, 0.0, 1.0]], "pose": [[0.9760022163391113, 0.04051055759191513, -0.2139592468738556, 0.5794656872749329], [-0.025646504014730453, -0.9543215036392212, -0.2976788282394409, 0.8188163638114929], [-0.21624505519866943, 0.2960225045681, -0.9303809404373169, 2.701132297515869], [0.0, 0.0, 0.0, 1.0]]}, "frame43.png": {"intrinsics": [[2985.29, 0.0, 512.0], [0.0, 2985.29, 512.0], [0.0, 0.0, 1.0]], "pose": [[0.9886073470115662, 0.022688662633299828, -0.14879736304283142, 0.4047020673751831], [-0.015507511794567108, -0.9679596424102783, -0.25062644481658936, 0.695280909538269], [-0.14971622824668884, 0.25007861852645874, -0.9565802216529846, 2.7938573360443115], [0.0, 0.0, 0.0, 1.0]]}, "frame44.png": {"intrinsics": [[2985.29, 0.0, 512.0], [0.0, 2985.29, 512.0], [0.0, 0.0, 1.0]], "pose": [[0.9684298038482666, 0.05774744227528572, -0.2425057739019394, 0.6551126837730408], [-0.0030316077172756195, -0.9699988961219788, -0.24309051036834717, 0.6670410633087158], [-0.24926818907260895, 0.23615126311779022, -0.9392006993293762, 2.724964141845703], [0.0, 0.0, 0.0, 1.0]]}, "frame45.png": {"intrinsics": [[2985.29, 0.0, 512.0], [0.0, 2985.29, 512.0], [0.0, 0.0, 1.0]], "pose": [[0.9678701758384705, 0.0621226504445076, -0.24365557730197906, 0.6723434329032898], [-0.003665473312139511, -0.9654121994972229, -0.2607027292251587, 0.7272078990936279], [-0.25142359733581543, 0.25321951508522034, -0.9341659545898438, 2.7602593898773193], [0.0, 0.0, 0.0, 1.0]]}, "frame46.png": {"intrinsics": [[2985.29, 0.0, 512.0], [0.0, 2985.29, 512.0], [0.0, 0.0, 1.0]], "pose": [[0.9688434600830078, 0.06036123260855675, -0.24020589888095856, 0.6575255990028381], [-0.0104941725730896, -0.9589719176292419, -0.28330671787261963, 0.781548023223877], [-0.24745145440101624, 0.2770006060600281, -0.9284602403640747, 2.7298176288604736], [0.0, 0.0, 0.0, 1.0]]}, "frame47.png": {"intrinsics": [[2985.29, 0.0, 512.0], [0.0, 2985.29, 512.0], [0.0, 0.0, 1.0]], "pose": [[0.9656388759613037, 0.06829380989074707, -0.2507540285587311, 0.6704545021057129], [-0.009684637188911438, -0.9547290802001953, -0.29731905460357666, 0.8076867461204529], [-0.2597072124481201, 0.28953129053115845, -0.9212620854377747, 2.6484596729278564], [0.0, 0.0, 0.0, 1.0]]}, "frame48.png": {"intrinsics": [[2985.29, 0.0, 512.0], [0.0, 2985.29, 512.0], [0.0, 0.0, 1.0]], "pose": [[0.9619125127792358, 0.06675288081169128, -0.2650816738605499, 0.7193083167076111], [-0.018772728741168976, -0.9513049721717834, -0.30767902731895447, 0.8387159705162048], [-0.27271196246147156, 0.30093663930892944, -0.9138190746307373, 2.6622471809387207], [0.0, 0.0, 0.0, 1.0]]}, "frame49.png": {"intrinsics": [[2985.29, 0.0, 512.0], [0.0, 2985.29, 512.0], [0.0, 0.0, 1.0]], "pose": [[0.964275598526001, 0.07688844949007034, -0.25349709391593933, 0.6956619024276733], [-0.01401606947183609, -0.9408005475997925, -0.3386707603931427, 0.9349671602249146], [-0.2645300626754761, 0.33012494444847107, -0.90611332654953, 2.663591146469116], [0.0, 0.0, 0.0, 1.0]]}, "frame5.png": {"intrinsics": [[2985.29, 0.0, 512.0], [0.0, 2985.29, 512.0], [0.0, 0.0, 1.0]], "pose": [[0.9503093957901001, 0.0246589258313179, -0.31032896041870117, 0.837552547454834], [-0.06621715426445007, -0.9580343961715698, -0.2789004445075989, 0.7545348405838013], [-0.3041831851005554, 0.2855908274650574, -0.9087961912155151, 2.63394832611084], [0.0, 0.0, 0.0, 1.0]]}, "frame6.png": {"intrinsics": [[2985.29, 0.0, 512.0], [0.0, 2985.29, 512.0], [0.0, 0.0, 1.0]], "pose": [[0.951738715171814, 0.046149205416440964, -0.30341997742652893, 0.822971761226654], [-0.07058268785476685, -0.9292181134223938, -0.3627281188964844, 0.9829711318016052], [-0.2986829876899719, 0.3666386008262634, -0.8811156153678894, 2.5753893852233887], [0.0, 0.0, 0.0, 1.0]]}, "frame7.png": {"intrinsics": [[2985.29, 0.0, 512.0], [0.0, 2985.29, 512.0], [0.0, 0.0, 1.0]], "pose": [[0.9551205635070801, 0.07373584061861038, -0.2868932783603668, 0.7731607556343079], [-0.04098726809024811, -0.9263087511062622, -0.37452927231788635, 1.0171735286712646], [-0.29336798191070557, 0.36947956681251526, -0.8817142844200134, 2.5638530254364014], [0.0, 0.0, 0.0, 1.0]]}, "frame8.png": {"intrinsics": [[2985.29, 0.0, 512.0], [0.0, 2985.29, 512.0], [0.0, 0.0, 1.0]], "pose": [[0.9581865072250366, 0.0786990374326706, -0.27510932087898254, 0.8018204569816589], [-0.03610266000032425, -0.9205021262168884, -0.3890661299228668, 1.1661944389343262], [-0.2838578224182129, 0.382730096578598, -0.8791714906692505, 2.7044260501861572], [0.0, 0.0, 0.0, 1.0]]}, "frame9.png": {"intrinsics": [[2985.29, 0.0, 512.0], [0.0, 2985.29, 512.0], [0.0, 0.0, 1.0]], "pose": [[0.9565107226371765, 0.08053350448608398, -0.28035977482795715, 0.7618584036827087], [-0.03521204739809036, -0.9222262501716614, -0.3850438892841339, 1.0504558086395264], [-0.2895641028881073, 0.37817060947418213, -0.879283607006073, 2.561488151550293], [0.0, 0.0, 0.0, 1.0]]}}