{"labels": [["frame0.png", [0.992181122303009, -0.026342181488871574, 0.12199467420578003, -0.30471179153447436, -0.007612461224198341, -0.9884252548217773, -0.1515175700187683, 0.38511226356346795, 0.12457391619682312, 0.14940418303012848, -0.9808974266052246, 2.654965022095936, 0.0, 0.0, 0.0, 1.0, 4.2647, 0.0, 0.5, 0.0, 4.2647, 0.5, 0.0, 0.0, 1.0]], ["frame0_mirror.png", [0.992181122303009, 0.026342181488871574, -0.12199467420578003, 0.30471179153447436, 0.007612461224198341, -0.9884252548217773, -0.1515175700187683, 0.38511226356346795, -0.12457391619682312, 0.14940418303012848, -0.9808974266052246, 2.654965022095936, 0.0, 0.0, 0.0, 1.0, 4.2647, 0.0, 0.5, 0.0, 4.2647, 0.5, 0.0, 0.0, 1.0]], ["frame1.png", [0.9921680092811584, -0.020445117726922035, 0.12322581559419632, -0.31214139513378225, 0.0035011284053325653, -0.9815743565559387, -0.1910485178232193, 0.48585550206252537, 0.12486130744218826, 0.18998366594314575, -0.9738150835037231, 2.6375200815462065, 0.0, 0.0, 0.0, 1.0, 4.2647, 0.0, 0.5, 0.0, 4.2647, 0.5, 0.0, 0.0, 1.0]], ["frame1_mirror.png", [0.9921680092811584, 0.020445117726922035, -0.12322581559419632, 0.31214139513378225, -0.0035011284053325653, -0.9815743565559387, -0.1910485178232193, 0.48585550206252537, -0.12486130744218826, 0.18998366594314575, -0.9738150835037231, 2.6375200815462065, 0.0, 0.0, 0.0, 1.0, 4.2647, 0.0, 0.5, 0.0, 4.2647, 0.5, 0.0, 0.0, 1.0]]]}