{"labels": [["frame0.png", [0.9457975625991821, 0.204018697142601, 0.25267237424850464, -0.6440102828627156, 0.23138518631458282, -0.9692738056182861, -0.08348191529512405, 0.2151999850462503, 0.22787684202194214, 0.1374216377735138, -0.9639436602592468, 2.6132240091509913, 0.0, 0.0, 0.0, 1.0, 4.2647, 0.0, 0.5, 0.0, 4.2647, 0.5, 0.0, 0.0, 1.0]], ["frame0_mirror.png", [0.9457975625991821, -0.204018697142601, -0.25267237424850464, 0.6440102828627156, -0.23138518631458282, -0.9692738056182861, -0.08348191529512405, 0.2151999850462503, -0.22787684202194214, 0.1374216377735138, -0.9639436602592468, 2.6132240091509913, 0.0, 0.0, 0.0, 1.0, 4.2647, 0.0, 0.5, 0.0, 4.2647, 0.5, 0.0, 0.0, 1.0]], ["frame1.png", [0.96278977394104, 0.17649424076080322, 0.20466004312038422, -0.5230558455374322, 0.21484285593032837, -0.9592658281326294, -0.18344371020793915, 0.47126484497574406, 0.16394662857055664, 0.22058746218681335, -0.9614898562431335, 2.6065920333529586, 0.0, 0.0, 0.0, 1.0, 4.2647, 0.0, 0.5, 0.0, 4.2647, 0.5, 0.0, 0.0, 1.0]], ["frame1_mirror.png", [0.96278977394104, -0.17649424076080322, -0.20466004312038422, 0.5230558455374322, -0.21484285593032837, -0.9592658281326294, -0.18344371020793915, 0.47126484497574406, -0.16394662857055664, 0.22058746218681335, -0.9614898562431335, 2.6065920333529586, 0.0, 0.0, 0.0, 1.0, 4.2647, 0.0, 0.5, 0.0, 4.2647, 0.5, 0.0, 0.0, 1.0]], ["frame2.png", [0.9836787581443787, 0.14183984696865082, 0.11071384698152542, -0.2806899246775411, 0.1605995148420334, -0.9695755839347839, -0.1847454160451889, 0.4734609465120345, 0.08114118874073029, 0.19951073825359344, -0.9765303730964661, 2.643302460618619, 0.0, 0.0, 0.0, 1.0, 4.2647, 0.0, 0.5, 0.0, 4.2647, 0.5, 0.0, 0.0, 1.0]], ["frame2_mirror.png", [0.9836787581443787, -0.14183984696865082, -0.11071384698152542, 0.2806899246775411, -0.1605995148420334, -0.9695755839347839, -0.1847454160451889, 0.4734609465120345, -0.08114118874073029, 0.19951073825359344, -0.9765303730964661, 2.643302460618619, 0.0, 0.0, 0.0, 1.0, 4.2647, 0.0, 0.5, 0.0, 4.2647, 0.5, 0.0, 0.0, 1.0]]]}