{"labels": [["frame0.png", [0.9997019171714783, 0.0004976224154233932, -0.02440868690609932, 0.06206560929207448, 0.0013923200313001871, -0.9993271827697754, 0.0366516038775444, -0.08458694164679867, -0.02437402307987213, -0.03667466342449188, -0.9990299344062805, 2.6979608798954158, 0.0, 0.0, 0.0, 1.0, 4.2647, 0.0, 0.5, 0.0, 4.2647, 0.5, 0.0, 0.0, 1.0]], ["frame0_mirror.png", [0.9997019171714783, -0.0004976224154233932, 0.02440868690609932, -0.06206560929207448, -0.0013923200313001871, -0.9993271827697754, 0.0366516038775444, -0.08458694164679867, 0.02437402307987213, -0.03667466342449188, -0.9990299344062805, 2.6979608798954158, 0.0, 0.0, 0.0, 1.0, 4.2647, 0.0, 0.5, 0.0, 4.2647, 0.5, 0.0, 0.0, 1.0]], ["frame1.png", [0.9991943836212158, 0.009669563733041286, -0.03894989192485809, 0.09888885773390753, 0.01103589404374361, -0.9993256330490112, 0.035018324851989746, -0.08329589765409692, -0.03858501464128494, -0.03541995957493782, -0.9986273646354675, 2.696902443035358, 0.0, 0.0, 0.0, 1.0, 4.2647, 0.0, 0.5, 0.0, 4.2647, 0.5, 0.0, 0.0, 1.0]], ["frame1_mirror.png", [0.9991943836212158, -0.009669563733041286, 0.03894989192485809, -0.09888885773390753, -0.01103589404374361, -0.9993256330490112, 0.035018324851989746, -0.08329589765409692, 0.03858501464128494, -0.03541995957493782, -0.9986273646354675, 2.696902443035358, 0.0, 0.0, 0.0, 1.0, 4.2647, 0.0, 0.5, 0.0, 4.2647, 0.5, 0.0, 0.0, 1.0]], ["frame2.png", [0.9991558194160461, -0.0025890276301652193, -0.04099984094500542, 0.1036875108239513, -0.0016259077237918973, -0.9997223615646362, 0.023506764322519302, -0.05634388077329628, -0.04104931652545929, -0.02342025749385357, -0.9988825917243958, 2.6974199278567172, 0.0, 0.0, 0.0, 1.0, 4.2647, 0.0, 0.5, 0.0, 4.2647, 0.5, 0.0, 0.0, 1.0]], ["frame2_mirror.png", [0.9991558194160461, 0.0025890276301652193, 0.04099984094500542, -0.1036875108239513, 0.0016259077237918973, -0.9997223615646362, 0.023506764322519302, -0.05634388077329628, 0.04104931652545929, -0.02342025749385357, -0.9988825917243958, 2.6974199278567172, 0.0, 0.0, 0.0, 1.0, 4.2647, 0.0, 0.5, 0.0, 4.2647, 0.5, 0.0, 0.0, 1.0]]]}