{"labels": [["frame0.png", [0.9901571273803711, -0.027781715616583824, 0.13717493414878845, -0.35254895881644127, 0.0035256966948509216, -0.9748392701148987, -0.22288110852241516, 0.5695115229163239, 0.13991554081439972, 0.22117096185684204, -0.9651461243629456, 2.6156004773097465, 0.0, 0.0, 0.0, 1.0, 4.2647, 0.0, 0.5, 0.0, 4.2647, 0.5, 0.0, 0.0, 1.0]], ["frame0_mirror.png", [0.9901571273803711, 0.027781715616583824, -0.13717493414878845, 0.35254895881644127, -0.0035256966948509216, -0.9748392701148987, -0.22288110852241516, 0.5695115229163239, -0.13991554081439972, 0.22117096185684204, -0.9651461243629456, 2.6156004773097465, 0.0, 0.0, 0.0, 1.0, 4.2647, 0.0, 0.5, 0.0, 4.2647, 0.5, 0.0, 0.0, 1.0]], ["frame1.png", [0.9879814982414246, -0.13951794803142548, 0.06653754413127899, -0.17140990693070185, -0.11520911753177643, -0.9516487717628479, -0.28476569056510925, 0.7258898255066387, 0.10305029153823853, 0.2736774981021881, -0.9562851190567017, 2.59493788076554, 0.0, 0.0, 0.0, 1.0, 4.2647, 0.0, 0.5, 0.0, 4.2647, 0.5, 0.0, 0.0, 1.0]], ["frame1_mirror.png", [0.9879814982414246, 0.13951794803142548, -0.06653754413127899, 0.17140990693070185, 0.11520911753177643, -0.9516487717628479, -0.28476569056510925, 0.7258898255066387, -0.10305029153823853, 0.2736774981021881, -0.9562851190567017, 2.59493788076554, 0.0, 0.0, 0.0, 1.0, 4.2647, 0.0, 0.5, 0.0, 4.2647, 0.5, 0.0, 0.0, 1.0]], ["frame2.png", [0.979270339012146, -0.08945629000663757, 0.18173366785049438, -0.46485074767873963, -0.05591772124171257, -0.9817205667495728, -0.18192839622497559, 0.4708840123548044, 0.19468632340431213, 0.16799496114253998, -0.966372013092041, 2.6176672877375307, 0.0, 0.0, 0.0, 1.0, 4.2647, 0.0, 0.5, 0.0, 4.2647, 0.5, 0.0, 0.0, 1.0]], ["frame2_mirror.png", [0.979270339012146, 0.08945629000663757, -0.18173366785049438, 0.46485074767873963, 0.05591772124171257, -0.9817205667495728, -0.18192839622497559, 0.4708840123548044, -0.19468632340431213, 0.16799496114253998, -0.966372013092041, 2.6176672877375307, 0.0, 0.0, 0.0, 1.0, 4.2647, 0.0, 0.5, 0.0, 4.2647, 0.5, 0.0, 0.0, 1.0]]]}