{"labels": [["frame0.png", [0.9938655495643616, 0.08909566700458527, 0.06552308052778244, -0.16005793638530674, 0.07592978328466415, -0.980459988117218, 0.18147410452365875, -0.4623682580269075, 0.08041131496429443, -0.17538569867610931, -0.9812104105949402, 2.6552960382920094, 0.0, 0.0, 0.0, 1.0, 4.2647, 0.0, 0.5, 0.0, 4.2647, 0.5, 0.0, 0.0, 1.0]], ["frame0_mirror.png", [0.9938655495643616, -0.08909566700458527, -0.06552308052778244, 0.16005793638530674, -0.07592978328466415, -0.980459988117218, 0.18147410452365875, -0.4623682580269075, -0.08041131496429443, -0.17538569867610931, -0.9812104105949402, 2.6552960382920094, 0.0, 0.0, 0.0, 1.0, 4.2647, 0.0, 0.5, 0.0, 4.2647, 0.5, 0.0, 0.0, 1.0]], ["frame1.png", [0.9948767423629761, 0.08405283093452454, 0.05617270618677139, -0.1365386687912897, 0.07123298943042755, -0.9771078824996948, 0.20046471059322357, -0.5203129930006992, 0.0717364177107811, -0.19543632864952087, -0.9780892133712769, 2.6458706660075726, 0.0, 0.0, 0.0, 1.0, 4.2647, 0.0, 0.5, 0.0, 4.2647, 0.5, 0.0, 0.0, 1.0]], ["frame1_mirror.png", [0.9948767423629761, -0.08405283093452454, -0.05617270618677139, 0.1365386687912897, -0.07123298943042755, -0.9771078824996948, 0.20046471059322357, -0.5203129930006992, -0.0717364177107811, -0.19543632864952087, -0.9780892133712769, 2.6458706660075726, 0.0, 0.0, 0.0, 1.0, 4.2647, 0.0, 0.5, 0.0, 4.2647, 0.5, 0.0, 0.0, 1.0]], ["frame2.png", [0.9616554975509644, 0.012543750926852226, 0.27397340536117554, -0.6921940327746892, -0.003213816322386265, -0.998369574546814, 0.05699050426483154, -0.14585186874776623, 0.27424156665802, -0.055685728788375854, -0.96004718542099, 2.6056850641192035, 0.0, 0.0, 0.0, 1.0, 4.2647, 0.0, 0.5, 0.0, 4.2647, 0.5, 0.0, 0.0, 1.0]], ["frame2_mirror.png", [0.9616554975509644, -0.012543750926852226, -0.27397340536117554, 0.6921940327746892, 0.003213816322386265, -0.998369574546814, 0.05699050426483154, -0.14585186874776623, -0.27424156665802, -0.055685728788375854, -0.96004718542099, 2.6056850641192035, 0.0, 0.0, 0.0, 1.0, 4.2647, 0.0, 0.5, 0.0, 4.2647, 0.5, 0.0, 0.0, 1.0]]]}