{"labels": [["frame0.png", [0.9852851033210754, 0.15373346209526062, -0.07469461858272552, 0.19560369546108913, 0.11702317744493484, -0.9252888560295105, -0.3607576787471771, 0.9243361640515335, -0.12457462400197983, 0.34670817852020264, -0.9296636581420898, 2.529296710579536, 0.0, 0.0, 0.0, 1.0, 4.2647, 0.0, 0.5, 0.0, 4.2647, 0.5, 0.0, 0.0, 1.0]], ["frame0_mirror.png", [0.9852851033210754, -0.15373346209526062, 0.07469461858272552, -0.19560369546108913, -0.11702317744493484, -0.9252888560295105, -0.3607576787471771, 0.9243361640515335, 0.12457462400197983, 0.34670817852020264, -0.9296636581420898, 2.529296710579536, 0.0, 0.0, 0.0, 1.0, 4.2647, 0.0, 0.5, 0.0, 4.2647, 0.5, 0.0, 0.0, 1.0]], ["frame1.png", [0.9611812829971313, 0.2284080535173416, -0.15479116141796112, 0.39995507659313495, 0.18469320237636566, -0.9493921995162964, -0.254052996635437, 0.6605579418809701, -0.20498526096343994, 0.21560212969779968, -0.9547234177589417, 2.587218417939498, 0.0, 0.0, 0.0, 1.0, 4.2647, 0.0, 0.5, 0.0, 4.2647, 0.5, 0.0, 0.0, 1.0]], ["frame1_mirror.png", [0.9611812829971313, -0.2284080535173416, 0.15479116141796112, -0.39995507659313495, -0.18469320237636566, -0.9493921995162964, -0.254052996635437, 0.6605579418809701, 0.20498526096343994, 0.21560212969779968, -0.9547234177589417, 2.587218417939498, 0.0, 0.0, 0.0, 1.0, 4.2647, 0.0, 0.5, 0.0, 4.2647, 0.5, 0.0, 0.0, 1.0]]]}