{"labels": [["frame0.png", [0.9919126033782959, 0.07163497805595398, 0.10477529466152191, -0.26836761521204994, 0.05714712291955948, -0.9891587495803833, 0.13527438044548035, -0.33485781866841485, 0.11332977563142776, -0.1281927525997162, -0.9852527379989624, 2.665679850316243, 0.0, 0.0, 0.0, 1.0, 4.2647, 0.0, 0.5, 0.0, 4.2647, 0.5, 0.0, 0.0, 1.0]], ["frame0_mirror.png", [0.9919126033782959, -0.07163497805595398, -0.10477529466152191, 0.26836761521204994, -0.05714712291955948, -0.9891587495803833, 0.13527438044548035, -0.33485781866841485, -0.11332977563142776, -0.1281927525997162, -0.9852527379989624, 2.665679850316243, 0.0, 0.0, 0.0, 1.0, 4.2647, 0.0, 0.5, 0.0, 4.2647, 0.5, 0.0, 0.0, 1.0]], ["frame1.png", [0.991265594959259, 0.05456334725022316, 0.12006339430809021, -0.30569115926887913, 0.043923817574977875, -0.9950137138366699, 0.08954527974128723, -0.22573085007211985, 0.12435060739517212, -0.08348951488733292, -0.9887195825576782, 2.67312523060005, 0.0, 0.0, 0.0, 1.0, 4.2647, 0.0, 0.5, 0.0, 4.2647, 0.5, 0.0, 0.0, 1.0]], ["frame1_mirror.png", [0.991265594959259, -0.05456334725022316, -0.12006339430809021, 0.30569115926887913, -0.043923817574977875, -0.9950137138366699, 0.08954527974128723, -0.22573085007211985, -0.12435060739517212, -0.08348951488733292, -0.9887195825576782, 2.67312523060005, 0.0, 0.0, 0.0, 1.0, 4.2647, 0.0, 0.5, 0.0, 4.2647, 0.5, 0.0, 0.0, 1.0]], ["frame2.png", [0.9922622442245483, 0.05884303152561188, 0.1093301847577095, -0.2769239697518801, 0.050017524510622025, -0.9953941702842712, 0.08178441971540451, -0.20045608538315637, 0.11363906413316727, -0.07568316161632538, -0.9906352758407593, 2.678270052255695, 0.0, 0.0, 0.0, 1.0, 4.2647, 0.0, 0.5, 0.0, 4.2647, 0.5, 0.0, 0.0, 1.0]], ["frame2_mirror.png", [0.9922622442245483, -0.05884303152561188, -0.1093301847577095, 0.2769239697518801, -0.050017524510622025, -0.9953941702842712, 0.08178441971540451, -0.20045608538315637, -0.11363906413316727, -0.07568316161632538, -0.9906352758407593, 2.678270052255695, 0.0, 0.0, 0.0, 1.0, 4.2647, 0.0, 0.5, 0.0, 4.2647, 0.5, 0.0, 0.0, 1.0]], ["frame3.png", [0.9917564392089844, 0.05661369860172272, 0.11495215445756912, -0.2928941567030251, 0.04252834618091583, -0.991681694984436, 0.1214853972196579, -0.30566312194120604, 0.12087368220090866, -0.11559519916772842, -0.985914409160614, 2.6666051580341588, 0.0, 0.0, 0.0, 1.0, 4.2647, 0.0, 0.5, 0.0, 4.2647, 0.5, 0.0, 0.0, 1.0]], ["frame3_mirror.png", [0.9917564392089844, -0.05661369860172272, -0.11495215445756912, 0.2928941567030251, -0.04252834618091583, -0.991681694984436, 0.1214853972196579, -0.30566312194120604, -0.12087368220090866, -0.11559519916772842, -0.985914409160614, 2.6666051580341588, 0.0, 0.0, 0.0, 1.0, 4.2647, 0.0, 0.5, 0.0, 4.2647, 0.5, 0.0, 0.0, 1.0]]]}