{"labels": [["frame0.png", [0.9757261872291565, 0.06092609092593193, -0.21034841239452362, 0.5389085001143661, -0.019893422722816467, -0.9318903088569641, -0.3621941804885864, 0.9197637317264172, -0.21808871626853943, 0.35758689045906067, -0.9080577492713928, 2.4806475578576617, 0.0, 0.0, 0.0, 1.0, 4.2647, 0.0, 0.5, 0.0, 4.2647, 0.5, 0.0, 0.0, 1.0]], ["frame0_mirror.png", [0.9757261872291565, -0.06092609092593193, 0.21034841239452362, -0.5389085001143661, 0.019893422722816467, -0.9318903088569641, -0.3621941804885864, 0.9197637317264172, 0.21808871626853943, 0.35758689045906067, -0.9080577492713928, 2.4806475578576617, 0.0, 0.0, 0.0, 1.0, 4.2647, 0.0, 0.5, 0.0, 4.2647, 0.5, 0.0, 0.0, 1.0]], ["frame1.png", [0.9838088750839233, 0.07003578543663025, -0.1649697721004486, 0.4200033616331146, 0.00780603289604187, -0.936355710029602, -0.3509659469127655, 0.9080148032512285, -0.17905054986476898, 0.3439956605434418, -0.921741783618927, 2.507809062367691, 0.0, 0.0, 0.0, 1.0, 4.2647, 0.0, 0.5, 0.0, 4.2647, 0.5, 0.0, 0.0, 1.0]], ["frame1_mirror.png", [0.9838088750839233, -0.07003578543663025, 0.1649697721004486, -0.4200033616331146, -0.00780603289604187, -0.936355710029602, -0.3509659469127655, 0.9080148032512285, 0.17905054986476898, 0.3439956605434418, -0.921741783618927, 2.507809062367691, 0.0, 0.0, 0.0, 1.0, 4.2647, 0.0, 0.5, 0.0, 4.2647, 0.5, 0.0, 0.0, 1.0]], ["frame2.png", [0.9607687592506409, -0.21332797408103943, -0.1772415190935135, 0.44057166473908915, -0.2616102695465088, -0.9092720746994019, -0.32370397448539734, 0.8435999399483491, -0.09210564941167831, 0.35737287998199463, -0.9294090270996094, 2.5267045235935623, 0.0, 0.0, 0.0, 1.0, 4.2647, 0.0, 0.5, 0.0, 4.2647, 0.5, 0.0, 0.0, 1.0]], ["frame2_mirror.png", [0.9607687592506409, 0.21332797408103943, 0.1772415190935135, -0.44057166473908915, 0.2616102695465088, -0.9092720746994019, -0.32370397448539734, 0.8435999399483491, 0.09210564941167831, 0.35737287998199463, -0.9294090270996094, 2.5267045235935623, 0.0, 0.0, 0.0, 1.0, 4.2647, 0.0, 0.5, 0.0, 4.2647, 0.5, 0.0, 0.0, 1.0]]]}