{"labels": [["frame0.png", [0.99364173412323, -0.01129161100834608, 0.11202093213796616, -0.2843061568931061, 0.026443317532539368, -0.9437215328216553, -0.329682320356369, 0.8405488338147956, 0.10943920910358429, 0.3305482864379883, -0.937422513961792, 2.5500289541739054, 0.0, 0.0, 0.0, 1.0, 4.2647, 0.0, 0.5, 0.0, 4.2647, 0.5, 0.0, 0.0, 1.0]], ["frame0_mirror.png", [0.99364173412323, 0.01129161100834608, -0.11202093213796616, 0.2843061568931061, -0.026443317532539368, -0.9437215328216553, -0.329682320356369, 0.8405488338147956, -0.10943920910358429, 0.3305482864379883, -0.937422513961792, 2.5500289541739054, 0.0, 0.0, 0.0, 1.0, 4.2647, 0.0, 0.5, 0.0, 4.2647, 0.5, 0.0, 0.0, 1.0]], ["frame1.png", [0.8988168835639954, 0.1331293284893036, -0.4176180958747864, 1.0631358688931722, 0.10640114545822144, -0.9905306696891785, -0.08676239848136902, 0.21519079900922508, -0.42521417140960693, 0.03354846313595772, -0.9044708013534546, 2.4725361563169366, 0.0, 0.0, 0.0, 1.0, 4.2647, 0.0, 0.5, 0.0, 4.2647, 0.5, 0.0, 0.0, 1.0]], ["frame1_mirror.png", [0.8988168835639954, -0.1331293284893036, 0.4176180958747864, -1.0631358688931722, -0.10640114545822144, -0.9905306696891785, -0.08676239848136902, 0.21519079900922508, 0.42521417140960693, 0.03354846313595772, -0.9044708013534546, 2.4725361563169366, 0.0, 0.0, 0.0, 1.0, 4.2647, 0.0, 0.5, 0.0, 4.2647, 0.5, 0.0, 0.0, 1.0]], ["frame2.png", [0.8944311141967773, 0.15905071794986725, -0.4179663360118866, 1.0704175166737393, 0.12797442078590393, -0.9865635633468628, -0.10156162083148956, 0.2521093808256959, -0.4285038113594055, 0.03735087066888809, -0.9027675986289978, 2.465896834844822, 0.0, 0.0, 0.0, 1.0, 4.2647, 0.0, 0.5, 0.0, 4.2647, 0.5, 0.0, 0.0, 1.0]], ["frame2_mirror.png", [0.8944311141967773, -0.15905071794986725, 0.4179663360118866, -1.0704175166737393, -0.12797442078590393, -0.9865635633468628, -0.10156162083148956, 0.2521093808256959, 0.4285038113594055, 0.03735087066888809, -0.9027675986289978, 2.465896834844822, 0.0, 0.0, 0.0, 1.0, 4.2647, 0.0, 0.5, 0.0, 4.2647, 0.5, 0.0, 0.0, 1.0]]]}