{"labels": [["frame0.png", [0.980217456817627, -0.03301725164055824, -0.19515010714530945, 0.4968695511156039, 0.0017728619277477264, -0.9844833612442017, 0.17546868324279785, -0.45587862973733967, -0.19791553914546967, -0.1723434329032898, -0.9649493098258972, 2.6144397725178115, 0.0, 0.0, 0.0, 1.0, 4.2647, 0.0, 0.5, 0.0, 4.2647, 0.5, 0.0, 0.0, 1.0]], ["frame0_mirror.png", [0.980217456817627, 0.03301725164055824, 0.19515010714530945, -0.4968695511156039, -0.0017728619277477264, -0.9844833612442017, 0.17546868324279785, -0.45587862973733967, 0.19791553914546967, -0.1723434329032898, -0.9649493098258972, 2.6144397725178115, 0.0, 0.0, 0.0, 1.0, 4.2647, 0.0, 0.5, 0.0, 4.2647, 0.5, 0.0, 0.0, 1.0]], ["frame1.png", [0.9765557646751404, 0.07264731824398041, -0.2026357352733612, 0.5113009401974618, 0.04513174295425415, -0.9895079731941223, -0.1372484266757965, 0.35098362222526647, -0.21048040688037872, 0.1248854398727417, -0.9695883989334106, 2.6278093244150775, 0.0, 0.0, 0.0, 1.0, 4.2647, 0.0, 0.5, 0.0, 4.2647, 0.5, 0.0, 0.0, 1.0]], ["frame1_mirror.png", [0.9765557646751404, -0.07264731824398041, 0.2026357352733612, -0.5113009401974618, -0.04513174295425415, -0.9895079731941223, -0.1372484266757965, 0.35098362222526647, 0.21048040688037872, 0.1248854398727417, -0.9695883989334106, 2.6278093244150775, 0.0, 0.0, 0.0, 1.0, 4.2647, 0.0, 0.5, 0.0, 4.2647, 0.5, 0.0, 0.0, 1.0]], ["frame2.png", [0.9765780568122864, 0.06545556336641312, -0.20496530830860138, 0.5182757450875156, 0.032660748809576035, -0.9866616129875183, -0.15947440266609192, 0.40723663725346965, -0.21266989409923553, 0.14904488623142242, -0.965690016746521, 2.618310251542484, 0.0, 0.0, 0.0, 1.0, 4.2647, 0.0, 0.5, 0.0, 4.2647, 0.5, 0.0, 0.0, 1.0]], ["frame2_mirror.png", [0.9765780568122864, -0.06545556336641312, 0.20496530830860138, -0.5182757450875156, -0.032660748809576035, -0.9866616129875183, -0.15947440266609192, 0.40723663725346965, 0.21266989409923553, 0.14904488623142242, -0.965690016746521, 2.618310251542484, 0.0, 0.0, 0.0, 1.0, 4.2647, 0.0, 0.5, 0.0, 4.2647, 0.5, 0.0, 0.0, 1.0]], ["frame3.png", [0.9782873392105103, 0.05278652906417847, -0.20041809976100922, 0.5065013593041524, 0.020697902888059616, -0.9870703816413879, -0.15894533693790436, 0.406163804954862, -0.2062169462442398, 0.15134596824645996, -0.966731071472168, 2.620779909982453, 0.0, 0.0, 0.0, 1.0, 4.2647, 0.0, 0.5, 0.0, 4.2647, 0.5, 0.0, 0.0, 1.0]], ["frame3_mirror.png", [0.9782873392105103, -0.05278652906417847, 0.20041809976100922, -0.5065013593041524, -0.020697902888059616, -0.9870703816413879, -0.15894533693790436, 0.406163804954862, 0.2062169462442398, 0.15134596824645996, -0.966731071472168, 2.620779909982453, 0.0, 0.0, 0.0, 1.0, 4.2647, 0.0, 0.5, 0.0, 4.2647, 0.5, 0.0, 0.0, 1.0]]]}