{"frame0.png": {"intrinsics": [[2985.29, 0.0, 512.0], [0.0, 2985.29, 512.0], [0.0, 0.0, 1.0]], "pose": [[0.9792318344116211, -0.12411529570817947, -0.16031330823898315, 0.4111374020576477], [-0.1339608132839203, -0.9896162152290344, -0.052099138498306274, 0.132101371884346], [-0.15218235552310944, 0.07249283790588379, -0.9856902360916138, 2.7482943534851074], [0.0, 0.0, 0.0, 1.0]]}, "frame1.png": {"intrinsics": [[2985.29, 0.0, 512.0], [0.0, 2985.29, 512.0], [0.0, 0.0, 1.0]], "pose": [[0.9793898463249207, -0.1240164265036583, -0.15942256152629852, 0.4087844789028168], [-0.13376766443252563, -0.989651620388031, -0.051922548562288284, 0.13162396848201752], [-0.15133355557918549, 0.07217799872159958, -0.985844075679779, 2.748176336288452], [0.0, 0.0, 0.0, 1.0]]}, "frame10.png": {"intrinsics": [[2985.29, 0.0, 512.0], [0.0, 2985.29, 512.0], [0.0, 0.0, 1.0]], "pose": [[0.9882146120071411, -0.13396762311458588, -0.07405789941549301, 0.18578895926475525], [-0.13569402694702148, -0.9905729293823242, -0.018770728260278702, 0.04628216475248337], [-0.07084507495164871, 0.02859872207045555, -0.9970772862434387, 2.758742570877075], [0.0, 0.0, 0.0, 1.0]]}, "frame11.png": {"intrinsics": [[2985.29, 0.0, 512.0], [0.0, 2985.29, 512.0], [0.0, 0.0, 1.0]], "pose": [[0.9895156025886536, -0.13335630297660828, -0.05545206740498543, 0.13213509321212769], [-0.13446442782878876, -0.9907770156860352, -0.016740435734391212, 0.03564700856804848], [-0.05270819365978241, 0.024021252989768982, -0.9983210563659668, 2.7568230628967285], [0.0, 0.0, 0.0, 1.0]]}, "frame12.png": {"intrinsics": [[2985.29, 0.0, 512.0], [0.0, 2985.29, 512.0], [0.0, 0.0, 1.0]], "pose": [[0.9892004132270813, -0.13637036085128784, -0.05371786281466484, 0.13185109198093414], [-0.1367521435022354, -0.9905991554260254, -0.003479541512206197, 0.0045789312571287155], [-0.052738361060619354, 0.010787997394800186, -0.9985500574111938, 2.7647478580474854], [0.0, 0.0, 0.0, 1.0]]}, "frame13.png": {"intrinsics": [[2985.29, 0.0, 512.0], [0.0, 2985.29, 512.0], [0.0, 0.0, 1.0]], "pose": [[0.9892799854278564, -0.13698291778564453, -0.05060345679521561, 0.12053843587636948], [-0.1364675760269165, -0.9905523061752319, 0.01351907104253769, -0.03648066893219948], [-0.0519772507250309, -0.006468417122960091, -0.9986273050308228, 2.740875482559204], [0.0, 0.0, 0.0, 1.0]]}, "frame14.png": {"intrinsics": [[2985.29, 0.0, 512.0], [0.0, 2985.29, 512.0], [0.0, 0.0, 1.0]], "pose": [[0.9895132184028625, -0.13762930035591125, -0.043837882578372955, 0.10680439323186874], [-0.13739605247974396, -0.9904813766479492, 0.008304179646074772, -0.027607275173068047], [-0.044563502073287964, -0.0021939431317150593, -0.9990041255950928, 2.760699510574341], [0.0, 0.0, 0.0, 1.0]]}, "frame15.png": {"intrinsics": [[2985.29, 0.0, 512.0], [0.0, 2985.29, 512.0], [0.0, 0.0, 1.0]], "pose": [[0.9905080795288086, -0.13063116371631622, -0.04276946187019348, 0.1022280901670456], [-0.12943218648433685, -0.9911432266235352, 0.029707221314311028, -0.08378178626298904], [-0.046271346509456635, -0.02388949692249298, -0.9986432194709778, 2.7497873306274414], [0.0, 0.0, 0.0, 1.0]]}, "frame16.png": {"intrinsics": [[2985.29, 0.0, 512.0], [0.0, 2985.29, 512.0], [0.0, 0.0, 1.0]], "pose": [[0.9907991290092468, -0.1290518194437027, -0.0407768115401268, 0.10355520248413086], [-0.1276821345090866, -0.9912118911743164, 0.03458692505955696, -0.0981028750538826], [-0.04488196596503258, -0.029062220826745033, -0.9985694289207458, 2.7781007289886475], [0.0, 0.0, 0.0, 1.0]]}, "frame17.png": {"intrinsics": [[2985.29, 0.0, 512.0], [0.0, 2985.29, 512.0], [0.0, 0.0, 1.0]], "pose": [[0.9917922616004944, -0.12219885736703873, -0.037622515112161636, 0.09295296669006348], [-0.12084037065505981, -0.9920010566711426, 0.03649008274078369, -0.10392774641513824], [-0.04178062081336975, -0.03164426237344742, -0.9986255764961243, 2.759422779083252], [0.0, 0.0, 0.0, 1.0]]}, "frame18.png": {"intrinsics": [[2985.29, 0.0, 512.0], [0.0, 2985.29, 512.0], [0.0, 0.0, 1.0]], "pose": [[0.9928892850875854, -0.11477319151163101, -0.03158840164542198, 0.07597071677446365], [-0.11401484906673431, -0.9931681752204895, 0.024849535897374153, -0.07202070206403732], [-0.034224655479192734, -0.021071292459964752, -0.9991919994354248, 2.798417329788208], [0.0, 0.0, 0.0, 1.0]]}, "frame19.png": {"intrinsics": [[2985.29, 0.0, 512.0], [0.0, 2985.29, 512.0], [0.0, 0.0, 1.0]], "pose": [[0.9932787418365479, -0.11391512304544449, -0.020510394126176834, 0.04519527405500412], [-0.11353126913309097, -0.9933527112007141, 0.019000262022018433, -0.05959236994385719], [-0.022538471966981888, -0.016543984413146973, -0.999609112739563, 2.7839879989624023], [0.0, 0.0, 0.0, 1.0]]}, "frame2.png": {"intrinsics": [[2985.29, 0.0, 512.0], [0.0, 2985.29, 512.0], [0.0, 0.0, 1.0]], "pose": [[0.9794978499412537, -0.12578758597373962, -0.15735764801502228, 0.41026219725608826], [-0.13433516025543213, -0.9899193048477173, -0.04487511143088341, 0.11265569925308228], [-0.1501266360282898, 0.0650937408208847, -0.9865215420722961, 2.7937259674072266], [0.0, 0.0, 0.0, 1.0]]}, "frame20.png": {"intrinsics": [[2985.29, 0.0, 512.0], [0.0, 2985.29, 512.0], [0.0, 0.0, 1.0]], "pose": [[0.9935259222984314, -0.11338833719491959, -0.007024586200714111, 0.01417679712176323], [-0.11332596838474274, -0.9935196042060852, 0.008718984201550484, -0.02782307378947735], [-0.007967695593833923, -0.007866468280553818, -0.9999372959136963, 2.873018980026245], [0.0, 0.0, 0.0, 1.0]]}, "frame21.png": {"intrinsics": [[2985.29, 0.0, 512.0], [0.0, 2985.29, 512.0], [0.0, 0.0, 1.0]], "pose": [[0.9936679601669312, -0.11218593269586563, 0.006188273895531893, -0.0224070455878973], [-0.11217746883630753, -0.9936867356300354, -0.0016982837114483118, 0.0002495310618542135], [0.00633972929790616, 0.0009933451656252146, -0.9999794363975525, 2.782632827758789], [0.0, 0.0, 0.0, 1.0]]}, "frame22.png": {"intrinsics": [[2985.29, 0.0, 512.0], [0.0, 2985.29, 512.0], [0.0, 0.0, 1.0]], "pose": [[0.9934837222099304, -0.11254895478487015, 0.017964957281947136, -0.05065659061074257], [-0.11221589148044586, -0.9935100674629211, -0.018583860248327255, 0.04148890823125839], [0.019939960911870003, 0.016446810215711594, -0.9996658563613892, 2.715791940689087], [0.0, 0.0, 0.0, 1.0]]}, "frame23.png": {"intrinsics": [[2985.29, 0.0, 512.0], [0.0, 2985.29, 512.0], [0.0, 0.0, 1.0]], "pose": [[0.9931066036224365, -0.11319564282894135, 0.030430328100919724, -0.08524539321660995], [-0.11255313456058502, -0.9934006929397583, -0.022062543779611588, 0.05609177052974701], [0.032726895064115524, 0.018485430628061295, -0.999293327331543, 2.786113739013672], [0.0, 0.0, 0.0, 1.0]]}, "frame24.png": {"intrinsics": [[2985.29, 0.0, 512.0], [0.0, 2985.29, 512.0], [0.0, 0.0, 1.0]], "pose": [[0.993233859539032, -0.11092082411050797, 0.03439478203654289, -0.09270601719617844], [-0.10982850193977356, -0.9934296607971191, -0.03217485919594765, 0.07487177103757858], [0.0377376563847065, 0.028179632499814034, -0.998890221118927, 2.7194039821624756], [0.0, 0.0, 0.0, 1.0]]}, "frame25.png": {"intrinsics": [[2985.29, 0.0, 512.0], [0.0, 2985.29, 512.0], [0.0, 0.0, 1.0]], "pose": [[0.9928568601608276, -0.1102687194943428, 0.04556385427713394, -0.12266018241643906], [-0.10847777873277664, -0.9932907819747925, -0.0400753952562809, 0.09532196074724197], [0.04967721924185753, 0.0348464660346508, -0.998157262802124, 2.7549936771392822], [0.0, 0.0, 0.0, 1.0]]}, "frame26.png": {"intrinsics": [[2985.29, 0.0, 512.0], [0.0, 2985.29, 512.0], [0.0, 0.0, 1.0]], "pose": [[0.9923578500747681, -0.11273505538702011, 0.050167012959718704, -0.13307958841323853], [-0.11029215902090073, -0.9926874041557312, -0.04906386882066727, 0.11749153584241867], [0.05533137917518616, 0.043155886232852936, -0.997534990310669, 2.741905450820923], [0.0, 0.0, 0.0, 1.0]]}, "frame27.png": {"intrinsics": [[2985.29, 0.0, 512.0], [0.0, 2985.29, 512.0], [0.0, 0.0, 1.0]], "pose": [[0.9922400712966919, -0.11224120855331421, 0.053492289036512375, -0.1418711096048355], [-0.10983771085739136, -0.9928872585296631, -0.045940887182950974, 0.11497965455055237], [0.05826827138662338, 0.03970891982316971, -0.9975108504295349, 2.778489112854004], [0.0, 0.0, 0.0, 1.0]]}, "frame28.png": {"intrinsics": [[2985.29, 0.0, 512.0], [0.0, 2985.29, 512.0], [0.0, 0.0, 1.0]], "pose": [[0.9927071928977966, -0.10618487000465393, 0.05707120895385742, -0.15356053411960602], [-0.10340453684329987, -0.9933993816375732, -0.049649517983198166, 0.12322887033224106], [0.061966534703969955, 0.04338601231575012, -0.997134804725647, 2.8162975311279297], [0.0, 0.0, 0.0, 1.0]]}, "frame29.png": {"intrinsics": [[2985.29, 0.0, 512.0], [0.0, 2985.29, 512.0], [0.0, 0.0, 1.0]], "pose": [[0.9921038150787354, -0.11296840012073517, 0.05448004975914955, -0.1443527638912201], [-0.10967963188886642, -0.9921546578407288, -0.05999526381492615, 0.15229277312755585], [0.06083020195364952, 0.05354618281126022, -0.9967107772827148, 2.7711358070373535], [0.0, 0.0, 0.0, 1.0]]}, "frame3.png": {"intrinsics": [[2985.29, 0.0, 512.0], [0.0, 2985.29, 512.0], [0.0, 0.0, 1.0]], "pose": [[0.9795042276382446, -0.13096117973327637, -0.15303780138492584, 0.391793429851532], [-0.13952088356018066, -0.9891241788864136, -0.046553418040275574, 0.11774066090583801], [-0.14527671039104462, 0.06695123761892319, -0.9871231913566589, 2.7487313747406006], [0.0, 0.0, 0.0, 1.0]]}, "frame30.png": {"intrinsics": [[2985.29, 0.0, 512.0], [0.0, 2985.29, 512.0], [0.0, 0.0, 1.0]], "pose": [[0.9919573664665222, -0.11193787306547165, 0.059080127626657486, -0.15168596804141998], [-0.10837536305189133, -0.992272675037384, -0.060412194579839706, 0.15234293043613434], [0.06538601219654083, 0.05352349579334259, -0.9964235424995422, 2.732527017593384], [0.0, 0.0, 0.0, 1.0]]}, "frame31.png": {"intrinsics": [[2985.29, 0.0, 512.0], [0.0, 2985.29, 512.0], [0.0, 0.0, 1.0]], "pose": [[0.992078959941864, -0.11106806993484497, 0.05867858603596687, -0.1498345136642456], [-0.1074560135602951, -0.9923059940338135, -0.06149870902299881, 0.1534491926431656], [0.0650576502084732, 0.054706208407878876, -0.9963808655738831, 2.719109296798706], [0.0, 0.0, 0.0, 1.0]]}, "frame32.png": {"intrinsics": [[2985.29, 0.0, 512.0], [0.0, 2985.29, 512.0], [0.0, 0.0, 1.0]], "pose": [[0.9925346970558167, -0.1092495247721672, 0.05421651154756546, -0.14318963885307312], [-0.10617624968290329, -0.9927317500114441, -0.05665908753871918, 0.1428571492433548], [0.06001242995262146, 0.05047960579395294, -0.9969204068183899, 2.7538108825683594], [0.0, 0.0, 0.0, 1.0]]}, "frame33.png": {"intrinsics": [[2985.29, 0.0, 512.0], [0.0, 2985.29, 512.0], [0.0, 0.0, 1.0]], "pose": [[0.9931700825691223, -0.10455317050218582, 0.051786500960588455, -0.14205151796340942], [-0.10153559595346451, -0.9931496381759644, -0.057830240577459335, 0.1441405713558197], [0.057478077709674835, 0.05217709019780159, -0.9969823956489563, 2.779517412185669], [0.0, 0.0, 0.0, 1.0]]}, "frame34.png": {"intrinsics": [[2985.29, 0.0, 512.0], [0.0, 2985.29, 512.0], [0.0, 0.0, 1.0]], "pose": [[0.9934403896331787, -0.10628726333379745, 0.04218069463968277, -0.11804681271314621], [-0.10393296927213669, -0.9930868148803711, -0.054557472467422485, 0.1405155509710312], [0.04768785834312439, 0.04981563240289688, -0.9976192712783813, 2.8125221729278564], [0.0, 0.0, 0.0, 1.0]]}, "frame35.png": {"intrinsics": [[2985.29, 0.0, 512.0], [0.0, 2985.29, 512.0], [0.0, 0.0, 1.0]], "pose": [[0.9940397143363953, -0.10292419046163559, 0.035940203815698624, -0.10054605454206467], [-0.10077706724405289, -0.9932652115821838, -0.05716763436794281, 0.14523953199386597], [0.04158208891749382, 0.05320494994521141, -0.9977174997329712, 2.8124139308929443], [0.0, 0.0, 0.0, 1.0]]}, "frame36.png": {"intrinsics": [[2985.29, 0.0, 512.0], [0.0, 2985.29, 512.0], [0.0, 0.0, 1.0]], "pose": [[0.9942049384117126, -0.1048063337802887, 0.023918626829981804, -0.07017472386360168], [-0.10346055775880814, -0.9932794570922852, -0.0518832765519619, 0.1319326013326645], [0.029195576906204224, 0.049107976257801056, -0.99836665391922, 2.813321352005005], [0.0, 0.0, 0.0, 1.0]]}, "frame37.png": {"intrinsics": [[2985.29, 0.0, 512.0], [0.0, 2985.29, 512.0], [0.0, 0.0, 1.0]], "pose": [[0.9946249723434448, -0.1025528833270073, 0.01428407896310091, -0.04646376147866249], [-0.10174313187599182, -0.993601381778717, -0.04903567209839821, 0.12191040813922882], [0.019221432507038116, 0.047318797558546066, -0.9986948370933533, 2.782029628753662], [0.0, 0.0, 0.0, 1.0]]}, "frame38.png": {"intrinsics": [[2985.29, 0.0, 512.0], [0.0, 2985.29, 512.0], [0.0, 0.0, 1.0]], "pose": [[0.9950566291809082, -0.09926575422286987, 0.0029285424388945103, -0.014620482921600342], [-0.09892399609088898, -0.9933624267578125, -0.05869505926966667, 0.1490524709224701], [0.00873551331460476, 0.05811520665884018, -0.998271644115448, 2.7959775924682617], [0.0, 0.0, 0.0, 1.0]]}, "frame39.png": {"intrinsics": [[2985.29, 0.0, 512.0], [0.0, 2985.29, 512.0], [0.0, 0.0, 1.0]], "pose": [[0.9949554800987244, -0.09970462322235107, -0.011071506887674332, 0.021863194182515144], [-0.10016472637653351, -0.9934595823287964, -0.05481916666030884, 0.13711224496364594], [-0.005533370189368725, 0.05565160512924194, -0.9984349608421326, 2.7996459007263184], [0.0, 0.0, 0.0, 1.0]]}, "frame4.png": {"intrinsics": [[2985.29, 0.0, 512.0], [0.0, 2985.29, 512.0], [0.0, 0.0, 1.0]], "pose": [[0.980111837387085, -0.13451963663101196, -0.14589469134807587, 0.37601953744888306], [-0.1423037201166153, -0.9888334274291992, -0.044251468032598495, 0.1134401336312294], [-0.13831286132335663, 0.06413275003433228, -0.9883099794387817, 2.7779111862182617], [0.0, 0.0, 0.0, 1.0]]}, "frame40.png": {"intrinsics": [[2985.29, 0.0, 512.0], [0.0, 2985.29, 512.0], [0.0, 0.0, 1.0]], "pose": [[0.9949346780776978, -0.09822937846183777, -0.02135474607348442, 0.050053078681230545], [-0.09936066716909409, -0.993198812007904, -0.060692720115184784, 0.15431420505046844], [-0.015247699804604053, 0.06250710785388947, -0.9979280233383179, 2.8131957054138184], [0.0, 0.0, 0.0, 1.0]]}, "frame41.png": {"intrinsics": [[2985.29, 0.0, 512.0], [0.0, 2985.29, 512.0], [0.0, 0.0, 1.0]], "pose": [[0.9946585297584534, -0.0993533805012703, -0.027990145608782768, 0.06711892783641815], [-0.10071757435798645, -0.993529736995697, -0.052484869956970215, 0.13147008419036865], [-0.022594492882490158, 0.05502362176775932, -0.9982293844223022, 2.7975332736968994], [0.0, 0.0, 0.0, 1.0]]}, "frame42.png": {"intrinsics": [[2985.29, 0.0, 512.0], [0.0, 2985.29, 512.0], [0.0, 0.0, 1.0]], "pose": [[0.9947301149368286, -0.09840307384729385, -0.028789352625608444, 0.06971225142478943], [-0.09964510798454285, -0.9939836859703064, -0.04546590521931648, 0.11131836473941803], [-0.02414216287434101, 0.04809502139687538, -0.9985509514808655, 2.82246470451355], [0.0, 0.0, 0.0, 1.0]]}, "frame43.png": {"intrinsics": [[2985.29, 0.0, 512.0], [0.0, 2985.29, 512.0], [0.0, 0.0, 1.0]], "pose": [[0.9945293068885803, -0.098033607006073, -0.03606792911887169, 0.0891878679394722], [-0.09958422929048538, -0.9940536022186279, -0.04404951632022858, 0.10962975770235062], [-0.03153511881828308, 0.0474003329873085, -0.9983780980110168, 2.8298847675323486], [0.0, 0.0, 0.0, 1.0]]}, "frame44.png": {"intrinsics": [[2985.29, 0.0, 512.0], [0.0, 2985.29, 512.0], [0.0, 0.0, 1.0]], "pose": [[0.9939279556274414, -0.10032976418733597, -0.04517974704504013, 0.11168106645345688], [-0.10221874713897705, -0.9938900470733643, -0.04164068028330803, 0.10539662837982178], [-0.04072590172290802, 0.04600605368614197, -0.9981105923652649, 2.8180837631225586], [0.0, 0.0, 0.0, 1.0]]}, "frame45.png": {"intrinsics": [[2985.29, 0.0, 512.0], [0.0, 2985.29, 512.0], [0.0, 0.0, 1.0]], "pose": [[0.9934149980545044, -0.1041140928864479, -0.047821834683418274, 0.12199191004037857], [-0.10602553933858871, -0.9935850501060486, -0.03933672979474068, 0.09963405877351761], [-0.04341955482959747, 0.0441480316221714, -0.9980810284614563, 2.843851089477539], [0.0, 0.0, 0.0, 1.0]]}, "frame46.png": {"intrinsics": [[2985.29, 0.0, 512.0], [0.0, 2985.29, 512.0], [0.0, 0.0, 1.0]], "pose": [[0.9934808015823364, -0.10198572278022766, -0.05093963444232941, 0.1292719841003418], [-0.10396591573953629, -0.9938599467277527, -0.037860654294490814, 0.09493231773376465], [-0.04676561802625656, 0.04290981590747833, -0.9979838728904724, 2.8345088958740234], [0.0, 0.0, 0.0, 1.0]]}, "frame47.png": {"intrinsics": [[2985.29, 0.0, 512.0], [0.0, 2985.29, 512.0], [0.0, 0.0, 1.0]], "pose": [[0.9930635690689087, -0.10305167734622955, -0.056613270193338394, 0.14363552629947662], [-0.10513869673013687, -0.9938341975212097, -0.03520611301064491, 0.08673569560050964], [-0.05263615399599075, 0.040914155542850494, -0.9977752566337585, 2.8246243000030518], [0.0, 0.0, 0.0, 1.0]]}, "frame48.png": {"intrinsics": [[2985.29, 0.0, 512.0], [0.0, 2985.29, 512.0], [0.0, 0.0, 1.0]], "pose": [[0.9926447868347168, -0.10522744059562683, -0.0598626472055912, 0.1492912769317627], [-0.10724928975105286, -0.9937291741371155, -0.031620245426893234, 0.07850498706102371], [-0.05615994334220886, 0.037807900458574295, -0.9977056384086609, 2.7933695316314697], [0.0, 0.0, 0.0, 1.0]]}, "frame49.png": {"intrinsics": [[2985.29, 0.0, 512.0], [0.0, 2985.29, 512.0], [0.0, 0.0, 1.0]], "pose": [[0.9921277165412903, -0.10759938508272171, -0.06406941264867783, 0.1614617556333542], [-0.10901474207639694, -0.9938583374023438, -0.019010666757822037, 0.045348700135946274], [-0.061630383133888245, 0.025845520198345184, -0.9977643489837646, 2.8035852909088135], [0.0, 0.0, 0.0, 1.0]]}, "frame5.png": {"intrinsics": [[2985.29, 0.0, 512.0], [0.0, 2985.29, 512.0], [0.0, 0.0, 1.0]], "pose": [[0.9802210330963135, -0.13547897338867188, -0.14426425099372864, 0.3728066384792328], [-0.14370936155319214, -0.9884454607963562, -0.04819880798459053, 0.11956315487623215], [-0.13606742024421692, 0.06797760725021362, -0.9883646368980408, 2.774956464767456], [0.0, 0.0, 0.0, 1.0]]}, "frame6.png": {"intrinsics": [[2985.29, 0.0, 512.0], [0.0, 2985.29, 512.0], [0.0, 0.0, 1.0]], "pose": [[0.9816930890083313, -0.1349298059940338, -0.13443408906459808, 0.3451206088066101], [-0.14275632798671722, -0.9884766936302185, -0.05034390091896057, 0.1234142854809761], [-0.1260920614004135, 0.06861358880996704, -0.989642858505249, 2.768582820892334], [0.0, 0.0, 0.0, 1.0]]}, "frame7.png": {"intrinsics": [[2985.29, 0.0, 512.0], [0.0, 2985.29, 512.0], [0.0, 0.0, 1.0]], "pose": [[0.9844323396682739, -0.1300199329853058, -0.11826972663402557, 0.3020251393318176], [-0.13566632568836212, -0.9899066686630249, -0.0409802570939064, 0.10037543624639511], [-0.11174773424863815, 0.056387510150671005, -0.9921354651451111, 2.7778077125549316], [0.0, 0.0, 0.0, 1.0]]}, "frame8.png": {"intrinsics": [[2985.29, 0.0, 512.0], [0.0, 2985.29, 512.0], [0.0, 0.0, 1.0]], "pose": [[0.9854868650436401, -0.13177809119224548, -0.10700593143701553, 0.27282628417015076], [-0.13602477312088013, -0.9901430010795593, -0.033376339823007584, 0.08225715905427933], [-0.10155291855335236, 0.04744739830493927, -0.993698000907898, 2.772404670715332], [0.0, 0.0, 0.0, 1.0]]}, "frame9.png": {"intrinsics": [[2985.29, 0.0, 512.0], [0.0, 2985.29, 512.0], [0.0, 0.0, 1.0]], "pose": [[0.9869408011436462, -0.1330910474061966, -0.09074465930461884, 0.23252272605895996], [-0.1364225596189499, -0.9901489019393921, -0.03152843937277794, 0.08021871745586395], [-0.08565457165241241, 0.043496325612068176, -0.9953749775886536, 2.7776687145233154], [0.0, 0.0, 0.0, 1.0]]}}