{"labels": [["frame0.png", [0.9844911694526672, -0.11872787773609161, -0.12915407121181488, 0.3249129793923928, -0.12365933507680893, -0.9918456673622131, -0.030829740688204765, 0.08738512548224277, -0.12444055080413818, 0.046322714537382126, -0.9911451935768127, 2.678954160799847, 0.0, 0.0, 0.0, 1.0, 4.2647, 0.0, 0.5, 0.0, 4.2647, 0.5, 0.0, 0.0, 1.0]], ["frame0_mirror.png", [0.9844911694526672, 0.11872787773609161, 0.12915407121181488, -0.3249129793923928, 0.12365933507680893, -0.9918456673622131, -0.030829740688204765, 0.08738512548224277, 0.12444055080413818, 0.046322714537382126, -0.9911451935768127, 2.678954160799847, 0.0, 0.0, 0.0, 1.0, 4.2647, 0.0, 0.5, 0.0, 4.2647, 0.5, 0.0, 0.0, 1.0]], ["frame1.png", [0.9810579419136047, -0.11360950022935867, -0.15690170228481293, 0.40009174189131114, -0.12711313366889954, -0.9887479543685913, -0.0788658931851387, 0.21191306499670448, -0.1461763083934784, 0.09731628000736237, -0.9844602942466736, 2.6617699846068743, 0.0, 0.0, 0.0, 1.0, 4.2647, 0.0, 0.5, 0.0, 4.2647, 0.5, 0.0, 0.0, 1.0]], ["frame1_mirror.png", [0.9810579419136047, 0.11360950022935867, 0.15690170228481293, -0.40009174189131114, 0.12711313366889954, -0.9887479543685913, -0.0788658931851387, 0.21191306499670448, 0.1461763083934784, 0.09731628000736237, -0.9844602942466736, 2.6617699846068743, 0.0, 0.0, 0.0, 1.0, 4.2647, 0.0, 0.5, 0.0, 4.2647, 0.5, 0.0, 0.0, 1.0]], ["frame2.png", [0.979017972946167, -0.14098505675792694, -0.14712931215763092, 0.3746952991863136, -0.15654030442237854, -0.9825873374938965, -0.10008638352155685, 0.2637041174797592, -0.13045673072338104, 0.12101803719997406, -0.9840404987335205, 2.6608388848616715, 0.0, 0.0, 0.0, 1.0, 4.2647, 0.0, 0.5, 0.0, 4.2647, 0.5, 0.0, 0.0, 1.0]], ["frame2_mirror.png", [0.979017972946167, 0.14098505675792694, 0.14712931215763092, -0.3746952991863136, 0.15654030442237854, -0.9825873374938965, -0.10008638352155685, 0.2637041174797592, 0.13045673072338104, 0.12101803719997406, -0.9840404987335205, 2.6608388848616715, 0.0, 0.0, 0.0, 1.0, 4.2647, 0.0, 0.5, 0.0, 4.2647, 0.5, 0.0, 0.0, 1.0]], ["frame3.png", [0.9697103500366211, -0.1596900224685669, -0.18482670187950134, 0.4706112666398089, -0.180745467543602, -0.9780982732772827, -0.10322220623493195, 0.26975302710574833, -0.16429510712623596, 0.13350223004817963, -0.9773353338241577, 2.644949591216997, 0.0, 0.0, 0.0, 1.0, 4.2647, 0.0, 0.5, 0.0, 4.2647, 0.5, 0.0, 0.0, 1.0]], ["frame3_mirror.png", [0.9697103500366211, 0.1596900224685669, 0.18482670187950134, -0.4706112666398089, 0.180745467543602, -0.9780982732772827, -0.10322220623493195, 0.26975302710574833, 0.16429510712623596, 0.13350223004817963, -0.9773353338241577, 2.644949591216997, 0.0, 0.0, 0.0, 1.0, 4.2647, 0.0, 0.5, 0.0, 4.2647, 0.5, 0.0, 0.0, 1.0]]]}