{"labels": [["frame0.png", [0.978201150894165, 0.07558929175138474, -0.19341377913951874, 0.4930382742535453, 0.03206583112478256, -0.9752084612846375, -0.21895277500152588, 0.5744062268296415, -0.205169215798378, 0.20797786116600037, -0.9563738107681274, 2.5917119335876087, 0.0, 0.0, 0.0, 1.0, 4.2647, 0.0, 0.5, 0.0, 4.2647, 0.5, 0.0, 0.0, 1.0]], ["frame0_mirror.png", [0.978201150894165, -0.07558929175138474, 0.19341377913951874, -0.4930382742535453, -0.03206583112478256, -0.9752084612846375, -0.21895277500152588, 0.5744062268296415, 0.205169215798378, 0.20797786116600037, -0.9563738107681274, 2.5917119335876087, 0.0, 0.0, 0.0, 1.0, 4.2647, 0.0, 0.5, 0.0, 4.2647, 0.5, 0.0, 0.0, 1.0]], ["frame1.png", [0.978140652179718, 0.08203919976949692, -0.1910771280527115, 0.4873970651754986, 0.035476408898830414, -0.9712507128715515, -0.23540085554122925, 0.621693415550605, -0.20489588379859924, 0.22347640991210938, -0.952930212020874, 2.58184844596257, 0.0, 0.0, 0.0, 1.0, 4.2647, 0.0, 0.5, 0.0, 4.2647, 0.5, 0.0, 0.0, 1.0]], ["frame1_mirror.png", [0.978140652179718, -0.08203919976949692, 0.1910771280527115, -0.4873970651754986, -0.035476408898830414, -0.9712507128715515, -0.23540085554122925, 0.621693415550605, 0.20489588379859924, 0.22347640991210938, -0.952930212020874, 2.58184844596257, 0.0, 0.0, 0.0, 1.0, 4.2647, 0.0, 0.5, 0.0, 4.2647, 0.5, 0.0, 0.0, 1.0]]]}