{"labels": [["frame0.png", [0.5902729034423828, -0.08421096950769424, -0.8027991056442261, 2.088589108084726, 0.09974588453769684, -0.9793116450309753, 0.1760665476322174, -0.45282920468433996, -0.8010172843933105, -0.18400321900844574, -0.5696614384651184, 1.6500731041304804, 0.0, 0.0, 0.0, 1.0, 4.2647, 0.0, 0.5, 0.0, 4.2647, 0.5, 0.0, 0.0, 1.0]], ["frame0_mirror.png", [0.5902729034423828, 0.08421096950769424, 0.8027991056442261, -2.088589108084726, -0.09974588453769684, -0.9793116450309753, 0.1760665476322174, -0.45282920468433996, 0.8010172843933105, -0.18400321900844574, -0.5696614384651184, 1.6500731041304804, 0.0, 0.0, 0.0, 1.0, 4.2647, 0.0, 0.5, 0.0, 4.2647, 0.5, 0.0, 0.0, 1.0]], ["frame1.png", [0.5970967411994934, -0.08047622442245483, -0.7981221675872803, 2.0796163432994796, 0.12194402515888214, -0.9742849469184875, 0.18946869671344757, -0.4927699878487693, -0.7928462028503418, -0.21045735478401184, -0.5719287991523743, 1.649961697663684, 0.0, 0.0, 0.0, 1.0, 4.2647, 0.0, 0.5, 0.0, 4.2647, 0.5, 0.0, 0.0, 1.0]], ["frame1_mirror.png", [0.5970967411994934, 0.08047622442245483, 0.7981221675872803, -2.0796163432994796, -0.12194402515888214, -0.9742849469184875, 0.18946869671344757, -0.4927699878487693, 0.7928462028503418, -0.21045735478401184, -0.5719287991523743, 1.649961697663684, 0.0, 0.0, 0.0, 1.0, 4.2647, 0.0, 0.5, 0.0, 4.2647, 0.5, 0.0, 0.0, 1.0]], ["frame2.png", [0.8809856176376343, -0.10671362280845642, -0.4609517753124237, 1.1904469486836824, 0.004747696220874786, -0.9721905589103699, 0.2341429889202118, -0.6030948138873852, -0.47311919927597046, -0.20846505463123322, -0.8559792637825012, 2.347149911665604, 0.0, 0.0, 0.0, 1.0, 4.2647, 0.0, 0.5, 0.0, 4.2647, 0.5, 0.0, 0.0, 1.0]], ["frame2_mirror.png", [0.8809856176376343, 0.10671362280845642, 0.4609517753124237, -1.1904469486836824, -0.004747696220874786, -0.9721905589103699, 0.2341429889202118, -0.6030948138873852, 0.47311919927597046, -0.20846505463123322, -0.8559792637825012, 2.347149911665604, 0.0, 0.0, 0.0, 1.0, 4.2647, 0.0, 0.5, 0.0, 4.2647, 0.5, 0.0, 0.0, 1.0]], ["frame3.png", [0.7054961919784546, -0.08277805894613266, -0.7038628458976746, 1.821119666644048, 0.09273078292608261, -0.9738354086875916, 0.2074742615222931, -0.5325020938612339, -0.7026209235191345, -0.2116420567035675, -0.6793611645698547, 1.9209280777258875, 0.0, 0.0, 0.0, 1.0, 4.2647, 0.0, 0.5, 0.0, 4.2647, 0.5, 0.0, 0.0, 1.0]], ["frame3_mirror.png", [0.7054961919784546, 0.08277805894613266, 0.7038628458976746, -1.821119666644048, -0.09273078292608261, -0.9738354086875916, 0.2074742615222931, -0.5325020938612339, 0.7026209235191345, -0.2116420567035675, -0.6793611645698547, 1.9209280777258875, 0.0, 0.0, 0.0, 1.0, 4.2647, 0.0, 0.5, 0.0, 4.2647, 0.5, 0.0, 0.0, 1.0]]]}