{"frame0.png": {"intrinsics": [[2985.29, 0.0, 512.0], [0.0, 2985.29, 512.0], [0.0, 0.0, 1.0]], "pose": [[0.9764491319656372, 0.04202236607670784, -0.21161571145057678, 0.5834974646568298], [-0.029077641665935516, -0.9462658762931824, -0.32207992672920227, 0.8802193999290466], [-0.2137792706489563, 0.3206479251384735, -0.9227585792541504, 2.698892116546631], [0.0, 0.0, 0.0, 1.0]]}, "frame1.png": {"intrinsics": [[2985.29, 0.0, 512.0], [0.0, 2985.29, 512.0], [0.0, 0.0, 1.0]], "pose": [[0.9764928817749023, 0.04215637594461441, -0.21138706803321838, 0.5825103521347046], [-0.029006216675043106, -0.9460686445236206, -0.32266494631767273, 0.8812241554260254], [-0.21358905732631683, 0.321211576461792, -0.9226065874099731, 2.6968679428100586], [0.0, 0.0, 0.0, 1.0]]}, "frame10.png": {"intrinsics": [[2985.29, 0.0, 512.0], [0.0, 2985.29, 512.0], [0.0, 0.0, 1.0]], "pose": [[0.9755373001098633, 0.04970976337790489, -0.21414001286029816, 0.5844860672950745], [-0.027276039123535156, -0.9392012357711792, -0.3422819972038269, 0.9268900752067566], [-0.21813532710075378, 0.3397497236728668, -0.914870023727417, 2.66165828704834], [0.0, 0.0, 0.0, 1.0]]}, "frame11.png": {"intrinsics": [[2985.29, 0.0, 512.0], [0.0, 2985.29, 512.0], [0.0, 0.0, 1.0]], "pose": [[0.9761949777603149, 0.04943636432290077, -0.2111857831478119, 0.5769256949424744], [-0.026596449315547943, -0.9390459060668945, -0.34276139736175537, 0.9262232780456543], [-0.21525803208351135, 0.34021875262260437, -0.9153770804405212, 2.660567045211792], [0.0, 0.0, 0.0, 1.0]]}, "frame12.png": {"intrinsics": [[2985.29, 0.0, 512.0], [0.0, 2985.29, 512.0], [0.0, 0.0, 1.0]], "pose": [[0.9762038588523865, 0.047906748950481415, -0.21149680018424988, 0.5793559551239014], [-0.028309915214776993, -0.93879234790802, -0.343318372964859, 0.9328990578651428], [-0.21499884128570557, 0.34113621711730957, -0.9150965213775635, 2.6653389930725098], [0.0, 0.0, 0.0, 1.0]]}, "frame13.png": {"intrinsics": [[2985.29, 0.0, 512.0], [0.0, 2985.29, 512.0], [0.0, 0.0, 1.0]], "pose": [[0.9770341515541077, 0.051210276782512665, -0.20683735609054565, 0.5656947493553162], [-0.026666760444641113, -0.9336735606193542, -0.35713091492652893, 0.9711811542510986], [-0.2114073485136032, 0.35444480180740356, -0.9108653664588928, 2.648066997528076], [0.0, 0.0, 0.0, 1.0]]}, "frame14.png": {"intrinsics": [[2985.29, 0.0, 512.0], [0.0, 2985.29, 512.0], [0.0, 0.0, 1.0]], "pose": [[0.9770278930664062, 0.0512157678604126, -0.2068658322095871, 0.5655637979507446], [-0.02670934423804283, -0.9336110353469849, -0.3572913408279419, 0.9712864756584167], [-0.21143117547035217, 0.3546088635921478, -0.910796046257019, 2.6471080780029297], [0.0, 0.0, 0.0, 1.0]]}, "frame15.png": {"intrinsics": [[2985.29, 0.0, 512.0], [0.0, 2985.29, 512.0], [0.0, 0.0, 1.0]], "pose": [[0.9771072864532471, 0.04870613291859627, -0.20709659159183502, 0.5718251466751099], [-0.02824627235531807, -0.935122549533844, -0.35319676995277405, 0.9617643356323242], [-0.21086353063583374, 0.3509608507156372, -0.9123393297195435, 2.672837734222412], [0.0, 0.0, 0.0, 1.0]]}, "frame16.png": {"intrinsics": [[2985.29, 0.0, 512.0], [0.0, 2985.29, 512.0], [0.0, 0.0, 1.0]], "pose": [[0.9763849973678589, 0.049708809703588486, -0.2102411687374115, 0.5661709308624268], [-0.028353959321975708, -0.935265064239502, -0.3528105616569519, 0.9444315433502197], [-0.21416902542114258, 0.3504400849342346, -0.9117693901062012, 2.6201465129852295], [0.0, 0.0, 0.0, 1.0]]}, "frame17.png": {"intrinsics": [[2985.29, 0.0, 512.0], [0.0, 2985.29, 512.0], [0.0, 0.0, 1.0]], "pose": [[0.9752223491668701, 0.049927663058042526, -0.2155194729566574, 0.5962271094322205], [-0.030767537653446198, -0.9341228008270264, -0.35562336444854736, 0.9721554517745972], [-0.21907709538936615, 0.35344284772872925, -0.9094412326812744, 2.6716814041137695], [0.0, 0.0, 0.0, 1.0]]}, "frame18.png": {"intrinsics": [[2985.29, 0.0, 512.0], [0.0, 2985.29, 512.0], [0.0, 0.0, 1.0]], "pose": [[0.9763787388801575, 0.05124311149120331, -0.20990175008773804, 0.5803655982017517], [-0.029200918972492218, -0.9312617182731628, -0.36317896842956543, 0.9895607233047485], [-0.21408388018608093, 0.3607295751571655, -0.9077677726745605, 2.6609067916870117], [0.0, 0.0, 0.0, 1.0]]}, "frame19.png": {"intrinsics": [[2985.29, 0.0, 512.0], [0.0, 2985.29, 512.0], [0.0, 0.0, 1.0]], "pose": [[0.9762728214263916, 0.0501442514359951, -0.2106584906578064, 0.5828557014465332], [-0.030004069209098816, -0.9321115612983704, -0.3609263300895691, 0.9842689037322998], [-0.21445558965206146, 0.35868313908576965, -0.9084905982017517, 2.6687676906585693], [0.0, 0.0, 0.0, 1.0]]}, "frame2.png": {"intrinsics": [[2985.29, 0.0, 512.0], [0.0, 2985.29, 512.0], [0.0, 0.0, 1.0]], "pose": [[0.9764103293418884, 0.042375583201646805, -0.2117244303226471, 0.5872986912727356], [-0.028872326016426086, -0.9461246728897095, -0.3225127160549164, 0.8851863741874695], [-0.21398437023162842, 0.32101771235466003, -0.9225824475288391, 2.7119028568267822], [0.0, 0.0, 0.0, 1.0]]}, "frame20.png": {"intrinsics": [[2985.29, 0.0, 512.0], [0.0, 2985.29, 512.0], [0.0, 0.0, 1.0]], "pose": [[0.9762492179870605, 0.05062301829457283, -0.21065299212932587, 0.5824176669120789], [-0.029622051864862442, -0.9319971799850464, -0.3612529933452606, 0.9845587015151978], [-0.21461571753025055, 0.3589129149913788, -0.9083620309829712, 2.6667237281799316], [0.0, 0.0, 0.0, 1.0]]}, "frame21.png": {"intrinsics": [[2985.29, 0.0, 512.0], [0.0, 2985.29, 512.0], [0.0, 0.0, 1.0]], "pose": [[0.9758807420730591, 0.053739506751298904, -0.21158668398857117, 0.5716817378997803], [-0.025543618947267532, -0.9344604015350342, -0.3551497459411621, 0.9500014781951904], [-0.21680495142936707, 0.3519884943962097, -0.9105491638183594, 2.6248397827148438], [0.0, 0.0, 0.0, 1.0]]}, "frame22.png": {"intrinsics": [[2985.29, 0.0, 512.0], [0.0, 2985.29, 512.0], [0.0, 0.0, 1.0]], "pose": [[0.9759236574172974, 0.05252043530344963, -0.2116946578025818, 0.5821805000305176], [-0.02740112692117691, -0.9333640336990356, -0.3578838109970093, 0.9695767164230347], [-0.2163843810558319, 0.3550679683685303, -0.9094528555870056, 2.657435894012451], [0.0, 0.0, 0.0, 1.0]]}, "frame23.png": {"intrinsics": [[2985.29, 0.0, 512.0], [0.0, 2985.29, 512.0], [0.0, 0.0, 1.0]], "pose": [[0.975746214389801, 0.0532563142478466, -0.2123279869556427, 0.5878272652626038], [-0.025745831429958344, -0.9353037476539612, -0.3529079258441925, 0.9621197581291199], [-0.21738573908805847, 0.34981510043144226, -0.911247968673706, 2.677684783935547], [0.0, 0.0, 0.0, 1.0]]}, "frame24.png": {"intrinsics": [[2985.29, 0.0, 512.0], [0.0, 2985.29, 512.0], [0.0, 0.0, 1.0]], "pose": [[0.9747310876846313, 0.05645151808857918, -0.216130793094635, 0.585830569267273], [-0.024207498878240585, -0.9351490139961243, -0.35342666506767273, 0.951768159866333], [-0.2220659703016281, 0.34972792863845825, -0.9101522564888, 2.631838321685791], [0.0, 0.0, 0.0, 1.0]]}, "frame25.png": {"intrinsics": [[2985.29, 0.0, 512.0], [0.0, 2985.29, 512.0], [0.0, 0.0, 1.0]], "pose": [[0.9744831323623657, 0.06157716363668442, -0.21584929525852203, 0.5857374668121338], [-0.019846107810735703, -0.9342315793037415, -0.35611432790756226, 0.9579679369926453], [-0.22358174622058868, 0.35131117701530457, -0.9091708660125732, 2.629892110824585], [0.0, 0.0, 0.0, 1.0]]}, "frame26.png": {"intrinsics": [[2985.29, 0.0, 512.0], [0.0, 2985.29, 512.0], [0.0, 0.0, 1.0]], "pose": [[0.9743240475654602, 0.06049008294939995, -0.2168722301721573, 0.5882821083068848], [-0.021428853273391724, -0.9339470267295837, -0.35676848888397217, 0.9618116021156311], [-0.2241281270980835, 0.3522554636001587, -0.9086708426475525, 2.6316163539886475], [0.0, 0.0, 0.0, 1.0]]}, "frame27.png": {"intrinsics": [[2985.29, 0.0, 512.0], [0.0, 2985.29, 512.0], [0.0, 0.0, 1.0]], "pose": [[0.9746137261390686, 0.05939527973532677, -0.21587088704109192, 0.5851977467536926], [-0.02151620015501976, -0.93486088514328, -0.3543614447116852, 0.9532888531684875], [-0.22285664081573486, 0.3500102758407593, -0.9098503589630127, 2.6263608932495117], [0.0, 0.0, 0.0, 1.0]]}, "frame28.png": {"intrinsics": [[2985.29, 0.0, 512.0], [0.0, 2985.29, 512.0], [0.0, 0.0, 1.0]], "pose": [[0.9748319983482361, 0.05963904410600662, -0.21481585502624512, 0.5823646187782288], [-0.021087918430566788, -0.9345678687095642, -0.35515958070755005, 0.9571783542633057], [-0.22194136679172516, 0.3507509231567383, -0.9097889065742493, 2.6309194564819336], [0.0, 0.0, 0.0, 1.0]]}, "frame29.png": {"intrinsics": [[2985.29, 0.0, 512.0], [0.0, 2985.29, 512.0], [0.0, 0.0, 1.0]], "pose": [[0.9757197499275208, 0.06092226505279541, -0.21037940680980682, 0.5670740008354187], [-0.019916296005249023, -0.931877613067627, -0.36222565174102783, 0.9677795767784119], [-0.21811547875404358, 0.3576206862926483, -0.9080380201339722, 2.6098525524139404], [0.0, 0.0, 0.0, 1.0]]}, "frame3.png": {"intrinsics": [[2985.29, 0.0, 512.0], [0.0, 2985.29, 512.0], [0.0, 0.0, 1.0]], "pose": [[0.9769869446754456, 0.04662126675248146, -0.20814158022403717, 0.5748713612556458], [-0.02416224777698517, -0.9453498125076294, -0.3251614272594452, 0.8936741352081299], [-0.21192602813243866, 0.3227076530456543, -0.9224679470062256, 2.7076659202575684], [0.0, 0.0, 0.0, 1.0]]}, "frame30.png": {"intrinsics": [[2985.29, 0.0, 512.0], [0.0, 2985.29, 512.0], [0.0, 0.0, 1.0]], "pose": [[0.9773305654525757, 0.05618063360452652, -0.20412911474704742, 0.5876792073249817], [-0.02215338498353958, -0.9317221641540527, -0.36249566078186035, 1.0460402965545654], [-0.21055684983730316, 0.3588002324104309, -0.9093559384346008, 2.7788262367248535], [0.0, 0.0, 0.0, 1.0]]}, "frame31.png": {"intrinsics": [[2985.29, 0.0, 512.0], [0.0, 2985.29, 512.0], [0.0, 0.0, 1.0]], "pose": [[0.9766365885734558, 0.056093379855155945, -0.20744746923446655, 0.5647455453872681], [-0.025217365473508835, -0.9287484288215637, -0.3698519170284271, 0.9914345145225525], [-0.21341274678707123, 0.3664422035217285, -0.9056351780891418, 2.619014024734497], [0.0, 0.0, 0.0, 1.0]]}, "frame32.png": {"intrinsics": [[2985.29, 0.0, 512.0], [0.0, 2985.29, 512.0], [0.0, 0.0, 1.0]], "pose": [[0.9785645604133606, 0.050387803465127945, -0.1996811032295227, 0.5683420896530151], [-0.028655245900154114, -0.9268592596054077, -0.3743138611316681, 1.0735242366790771], [-0.2039371281862259, 0.3720121681690216, -0.9055477380752563, 2.7403275966644287], [0.0, 0.0, 0.0, 1.0]]}, "frame33.png": {"intrinsics": [[2985.29, 0.0, 512.0], [0.0, 2985.29, 512.0], [0.0, 0.0, 1.0]], "pose": [[0.9777733683586121, 0.053528882563114166, -0.20271649956703186, 0.5452273488044739], [-0.025892846286296844, -0.9286301136016846, -0.3701024055480957, 0.9831535220146179], [-0.20805980265140533, 0.36712515354156494, -0.9066036939620972, 2.5853230953216553], [0.0, 0.0, 0.0, 1.0]]}, "frame34.png": {"intrinsics": [[2985.29, 0.0, 512.0], [0.0, 2985.29, 512.0], [0.0, 0.0, 1.0]], "pose": [[0.9782093167304993, 0.053638260811567307, -0.20057281851768494, 0.5430327653884888], [-0.025224488228559494, -0.928192675113678, -0.37124407291412354, 0.9913458824157715], [-0.20608308911323547, 0.3682137429714203, -0.9066137075424194, 2.5953972339630127], [0.0, 0.0, 0.0, 1.0]]}, "frame35.png": {"intrinsics": [[2985.29, 0.0, 512.0], [0.0, 2985.29, 512.0], [0.0, 0.0, 1.0]], "pose": [[0.9784759879112244, 0.05426207184791565, -0.19909857213497162, 0.540334939956665], [-0.02400325983762741, -0.9283338189125061, -0.3709716796875, 0.9911681413650513], [-0.20495963096618652, 0.3677659034729004, -0.9070500135421753, 2.6026523113250732], [0.0, 0.0, 0.0, 1.0]]}, "frame36.png": {"intrinsics": [[2985.29, 0.0, 512.0], [0.0, 2985.29, 512.0], [0.0, 0.0, 1.0]], "pose": [[0.9798583984375, 0.0474809966981411, -0.19396637380123138, 0.5454400181770325], [-0.029079049825668335, -0.92704176902771, -0.37382882833480835, 1.0664457082748413], [-0.19756469130516052, 0.37193968892097473, -0.9069889783859253, 2.7278106212615967], [0.0, 0.0, 0.0, 1.0]]}, "frame37.png": {"intrinsics": [[2985.29, 0.0, 512.0], [0.0, 2985.29, 512.0], [0.0, 0.0, 1.0]], "pose": [[0.9807701706886292, 0.047721799463033676, -0.18924179673194885, 0.5303679704666138], [-0.025570835918188095, -0.9298648834228516, -0.3670116364955902, 1.0394259691238403], [-0.19348375499248505, 0.36479315161705017, -0.9107634425163269, 2.7229363918304443], [0.0, 0.0, 0.0, 1.0]]}, "frame38.png": {"intrinsics": [[2985.29, 0.0, 512.0], [0.0, 2985.29, 512.0], [0.0, 0.0, 1.0]], "pose": [[0.9811210632324219, 0.04681343585252762, -0.18764328956604004, 0.5258703231811523], [-0.026285246014595032, -0.9289786219596863, -0.36919885873794556, 1.0481324195861816], [-0.19160008430480957, 0.3671610355377197, -0.9102099537849426, 2.7255654335021973], [0.0, 0.0, 0.0, 1.0]]}, "frame39.png": {"intrinsics": [[2985.29, 0.0, 512.0], [0.0, 2985.29, 512.0], [0.0, 0.0, 1.0]], "pose": [[0.9817801713943481, 0.04582967236638069, -0.18441087007522583, 0.517615795135498], [-0.025868859142065048, -0.9292086958885193, -0.36864885687828064, 1.0474036931991577], [-0.18825124204158783, 0.3667026460170746, -0.9110931158065796, 2.7266972064971924], [0.0, 0.0, 0.0, 1.0]]}, "frame4.png": {"intrinsics": [[2985.29, 0.0, 512.0], [0.0, 2985.29, 512.0], [0.0, 0.0, 1.0]], "pose": [[0.976431667804718, 0.04507764056324959, -0.21106687188148499, 0.580032229423523], [-0.028403695672750473, -0.9426006078720093, -0.33271199464797974, 0.90607088804245], [-0.21394963562488556, 0.3308655619621277, -0.9191047549247742, 2.68394136428833], [0.0, 0.0, 0.0, 1.0]]}, "frame40.png": {"intrinsics": [[2985.29, 0.0, 512.0], [0.0, 2985.29, 512.0], [0.0, 0.0, 1.0]], "pose": [[0.9814667701721191, 0.04586248844861984, -0.18606337904930115, 0.524804949760437], [-0.0258246511220932, -0.9304285049438477, -0.3655625581741333, 1.0401026010513306], [-0.1898842751979828, 0.3635925054550171, -0.9120002388954163, 2.736084461212158], [0.0, 0.0, 0.0, 1.0]]}, "frame41.png": {"intrinsics": [[2985.29, 0.0, 512.0], [0.0, 2985.29, 512.0], [0.0, 0.0, 1.0]], "pose": [[0.9824161529541016, 0.04728365316987038, -0.18061761558055878, 0.5122447609901428], [-0.02248968929052353, -0.9303860068321228, -0.36589062213897705, 1.050028920173645], [-0.18534475564956665, 0.3635188639163971, -0.9129629731178284, 2.7630720138549805], [0.0, 0.0, 0.0, 1.0]]}, "frame42.png": {"intrinsics": [[2985.29, 0.0, 512.0], [0.0, 2985.29, 512.0], [0.0, 0.0, 1.0]], "pose": [[0.9814469814300537, 0.05324620008468628, -0.18419231474399567, 0.49578341841697693], [-0.017078440636396408, -0.9325692653656006, -0.3605869710445404, 0.9576374292373657], [-0.1909719705581665, 0.35704270005226135, -0.9143578410148621, 2.618990421295166], [0.0, 0.0, 0.0, 1.0]]}, "frame43.png": {"intrinsics": [[2985.29, 0.0, 512.0], [0.0, 2985.29, 512.0], [0.0, 0.0, 1.0]], "pose": [[0.9804192185401917, 0.058036480098962784, -0.18817520141601562, 0.5111067295074463], [-0.01635928452014923, -0.9282764792442322, -0.371530681848526, 0.9935392141342163], [-0.19624094665050507, 0.367334246635437, -0.9091507196426392, 2.6182949542999268], [0.0, 0.0, 0.0, 1.0]]}, "frame44.png": {"intrinsics": [[2985.29, 0.0, 512.0], [0.0, 2985.29, 512.0], [0.0, 0.0, 1.0]], "pose": [[0.9828014373779297, 0.04711339250206947, -0.1785542219877243, 0.5116276741027832], [-0.02400626614689827, -0.9261062145233154, -0.3764984905719757, 1.0883586406707764], [-0.18309828639030457, 0.3743096888065338, -0.9090474843978882, 2.7687718868255615], [0.0, 0.0, 0.0, 1.0]]}, "frame45.png": {"intrinsics": [[2985.29, 0.0, 512.0], [0.0, 2985.29, 512.0], [0.0, 0.0, 1.0]], "pose": [[0.9799351096153259, 0.059412479400634766, -0.19025588035583496, 0.5149456858634949], [-0.01568349078297615, -0.9285967350006104, -0.3707588016986847, 0.9883384108543396], [-0.19869869947433472, 0.3663034439086914, -0.9090328216552734, 2.608168840408325], [0.0, 0.0, 0.0, 1.0]]}, "frame46.png": {"intrinsics": [[2985.29, 0.0, 512.0], [0.0, 2985.29, 512.0], [0.0, 0.0, 1.0]], "pose": [[0.9798343181610107, 0.06477488577365875, -0.18902091681957245, 0.5125813484191895], [-0.012481186538934708, -0.9243066906929016, -0.3814464211463928, 1.0190634727478027], [-0.19942143559455872, 0.37611350417137146, -0.9048589468002319, 2.591709852218628], [0.0, 0.0, 0.0, 1.0]]}, "frame47.png": {"intrinsics": [[2985.29, 0.0, 512.0], [0.0, 2985.29, 512.0], [0.0, 0.0, 1.0]], "pose": [[0.9785242676734924, 0.062474559992551804, -0.19643621146678925, 0.5260438919067383], [-0.014511719346046448, -0.9297216534614563, -0.3679770529270172, 0.9756008386611938], [-0.2056201994419098, 0.36292511224746704, -0.9088485836982727, 2.5861594676971436], [0.0, 0.0, 0.0, 1.0]]}, "frame48.png": {"intrinsics": [[2985.29, 0.0, 512.0], [0.0, 2985.29, 512.0], [0.0, 0.0, 1.0]], "pose": [[0.9777970910072327, 0.06233033537864685, -0.20006941258907318, 0.5355403423309326], [-0.016063421964645386, -0.9296360611915588, -0.3681287169456482, 0.9750910997390747], [-0.20893731713294983, 0.36316898465156555, -0.9079942107200623, 2.5871756076812744], [0.0, 0.0, 0.0, 1.0]]}, "frame49.png": {"intrinsics": [[2985.29, 0.0, 512.0], [0.0, 2985.29, 512.0], [0.0, 0.0, 1.0]], "pose": [[0.9781057834625244, 0.06205781549215317, -0.19864001870155334, 0.5288184285163879], [-0.016132626682519913, -0.9290207028388977, -0.36967581510543823, 0.9750937223434448], [-0.2074819654226303, 0.36478665471076965, -0.9076793789863586, 2.569702625274658], [0.0, 0.0, 0.0, 1.0]]}, "frame5.png": {"intrinsics": [[2985.29, 0.0, 512.0], [0.0, 2985.29, 512.0], [0.0, 0.0, 1.0]], "pose": [[0.9768853783607483, 0.044187914580106735, -0.20914684236049652, 0.5750215649604797], [-0.03020836040377617, -0.9400458335876465, -0.3397075831890106, 0.9233299493789673], [-0.2116186022758484, 0.33817335963249207, -0.9169821739196777, 2.6895930767059326], [0.0, 0.0, 0.0, 1.0]]}, "frame6.png": {"intrinsics": [[2985.29, 0.0, 512.0], [0.0, 2985.29, 512.0], [0.0, 0.0, 1.0]], "pose": [[0.9761695265769958, 0.048607729375362396, -0.21149545907974243, 0.5798290371894836], [-0.02764202654361725, -0.9388017654418945, -0.3433469831943512, 0.9321212768554688], [-0.21524162590503693, 0.34101101756095886, -0.915086030960083, 2.671893835067749], [0.0, 0.0, 0.0, 1.0]]}, "frame7.png": {"intrinsics": [[2985.29, 0.0, 512.0], [0.0, 2985.29, 512.0], [0.0, 0.0, 1.0]], "pose": [[0.9761430621147156, 0.049549128860235214, -0.21139949560165405, 0.583134114742279], [-0.026361383497714996, -0.9393669366836548, -0.3418990671634674, 0.932545006275177], [-0.21552248299121857, 0.33931514620780945, -0.9156502485275269, 2.6820690631866455], [0.0, 0.0, 0.0, 1.0]]}, "frame8.png": {"intrinsics": [[2985.29, 0.0, 512.0], [0.0, 2985.29, 512.0], [0.0, 0.0, 1.0]], "pose": [[0.9754260182380676, 0.04888330399990082, -0.21483610570430756, 0.5860633850097656], [-0.027960605919361115, -0.9397293925285339, -0.3407740592956543, 0.9220320582389832], [-0.21854597330093384, 0.33840683102607727, -0.9152696132659912, 2.6610429286956787], [0.0, 0.0, 0.0, 1.0]]}, "frame9.png": {"intrinsics": [[2985.29, 0.0, 512.0], [0.0, 2985.29, 512.0], [0.0, 0.0, 1.0]], "pose": [[0.9762006998062134, 0.0492226779460907, -0.21120914816856384, 0.5762488842010498], [-0.02702644094824791, -0.9386976957321167, -0.34368041157722473, 0.9275145530700684], [-0.21517841517925262, 0.3412092924118042, -0.9150270819664001, 2.6566245555877686], [0.0, 0.0, 0.0, 1.0]]}}