{"labels": [["frame0.png", [0.24832676351070404, -0.08790043741464615, -0.9646798968315125, 2.5609897345472077, -0.08560846745967865, -0.9939691424369812, 0.06853200495243073, -0.1802818204532074, -0.9648860096931458, 0.06556643545627594, -0.2543541491031647, 0.835960552154168, 0.0, 0.0, 0.0, 1.0, 4.2647, 0.0, 0.5, 0.0, 4.2647, 0.5, 0.0, 0.0, 1.0]], ["frame0_mirror.png", [0.24832676351070404, 0.08790043741464615, 0.9646798968315125, -2.5609897345472077, 0.08560846745967865, -0.9939691424369812, 0.06853200495243073, -0.1802818204532074, 0.9648860096931458, 0.06556643545627594, -0.2543541491031647, 0.835960552154168, 0.0, 0.0, 0.0, 1.0, 4.2647, 0.0, 0.5, 0.0, 4.2647, 0.5, 0.0, 0.0, 1.0]], ["frame1.png", [0.6680672764778137, -0.008813987486064434, -0.7440486550331116, 1.9234306761380726, -0.07675744593143463, -0.9954118132591248, -0.05712742358446121, 0.14891042240228164, -0.7401313781738281, 0.09527623653411865, -0.6656786203384399, 1.8889785917767863, 0.0, 0.0, 0.0, 1.0, 4.2647, 0.0, 0.5, 0.0, 4.2647, 0.5, 0.0, 0.0, 1.0]], ["frame1_mirror.png", [0.6680672764778137, 0.008813987486064434, 0.7440486550331116, -1.9234306761380726, 0.07675744593143463, -0.9954118132591248, -0.05712742358446121, 0.14891042240228164, 0.7401313781738281, 0.09527623653411865, -0.6656786203384399, 1.8889785917767863, 0.0, 0.0, 0.0, 1.0, 4.2647, 0.0, 0.5, 0.0, 4.2647, 0.5, 0.0, 0.0, 1.0]], ["frame10.png", [0.8562410473823547, -0.0003983505303040147, -0.5165762901306152, 1.3177682422039716, -0.16643965244293213, -0.9468848705291748, -0.2751486599445343, 0.7060049614122272, -0.4890286922454834, 0.32157236337661743, -0.8108280301094055, 2.2483424681973996, 0.0, 0.0, 0.0, 1.0, 4.2647, 0.0, 0.5, 0.0, 4.2647, 0.5, 0.0, 0.0, 1.0]], ["frame10_mirror.png", [0.8562410473823547, 0.0003983505303040147, 0.5165762901306152, -1.3177682422039716, 0.16643965244293213, -0.9468848705291748, -0.2751486599445343, 0.7060049614122272, 0.4890286922454834, 0.32157236337661743, -0.8108280301094055, 2.2483424681973996, 0.0, 0.0, 0.0, 1.0, 4.2647, 0.0, 0.5, 0.0, 4.2647, 0.5, 0.0, 0.0, 1.0]], ["frame11.png", [0.8950868844985962, -0.007843248546123505, -0.4458228647708893, 1.133935828728796, -0.13142041862010956, -0.9600713849067688, -0.24696491658687592, 0.6344687874990705, -0.4260847568511963, 0.27964526414871216, -0.8603780269622803, 2.3667781674704114, 0.0, 0.0, 0.0, 1.0, 4.2647, 0.0, 0.5, 0.0, 4.2647, 0.5, 0.0, 0.0, 1.0]], ["frame11_mirror.png", [0.8950868844985962, 0.007843248546123505, 0.4458228647708893, -1.133935828728796, 0.13142041862010956, -0.9600713849067688, -0.24696491658687592, 0.6344687874990705, 0.4260847568511963, 0.27964526414871216, -0.8603780269622803, 2.3667781674704114, 0.0, 0.0, 0.0, 1.0, 4.2647, 0.0, 0.5, 0.0, 4.2647, 0.5, 0.0, 0.0, 1.0]], ["frame12.png", [0.9305715560913086, -0.036730654537677765, -0.3642629384994507, 0.9236620316416668, -0.1322283297777176, -0.9615141153335571, -0.24084492027759552, 0.6135563299095557, -0.34139755368232727, 0.27228930592536926, -0.8996145129203796, 2.461787375329459, 0.0, 0.0, 0.0, 1.0, 4.2647, 0.0, 0.5, 0.0, 4.2647, 0.5, 0.0, 0.0, 1.0]], ["frame12_mirror.png", [0.9305715560913086, 0.036730654537677765, 0.3642629384994507, -0.9236620316416668, 0.1322283297777176, -0.9615141153335571, -0.24084492027759552, 0.6135563299095557, 0.34139755368232727, 0.27228930592536926, -0.8996145129203796, 2.461787375329459, 0.0, 0.0, 0.0, 1.0, 4.2647, 0.0, 0.5, 0.0, 4.2647, 0.5, 0.0, 0.0, 1.0]], ["frame13.png", [0.9413407444953918, -0.04560485854744911, -0.33436182141304016, 0.8475918033931611, -0.1355455219745636, -0.9584827423095703, -0.2508750855922699, 0.6375543390049713, -0.309038907289505, 0.28148016333580017, -0.908440351486206, 2.48296447812623, 0.0, 0.0, 0.0, 1.0, 4.2647, 0.0, 0.5, 0.0, 4.2647, 0.5, 0.0, 0.0, 1.0]], ["frame13_mirror.png", [0.9413407444953918, 0.04560485854744911, 0.33436182141304016, -0.8475918033931611, 0.1355455219745636, -0.9584827423095703, -0.2508750855922699, 0.6375543390049713, 0.309038907289505, 0.28148016333580017, -0.908440351486206, 2.48296447812623, 0.0, 0.0, 0.0, 1.0, 4.2647, 0.0, 0.5, 0.0, 4.2647, 0.5, 0.0, 0.0, 1.0]], ["frame14.png", [0.8839346766471863, 0.0048997774720191956, -0.4675846993923187, 1.1954613336751436, -0.11586889624595642, -0.9664657115936279, -0.22916918992996216, 0.5891486298759262, -0.4530274271965027, 0.25674912333488464, -0.8537248373031616, 2.3481431156560637, 0.0, 0.0, 0.0, 1.0, 4.2647, 0.0, 0.5, 0.0, 4.2647, 0.5, 0.0, 0.0, 1.0]], ["frame14_mirror.png", [0.8839346766471863, -0.0048997774720191956, 0.4675846993923187, -1.1954613336751436, 0.11586889624595642, -0.9664657115936279, -0.22916918992996216, 0.5891486298759262, 0.4530274271965027, 0.25674912333488464, -0.8537248373031616, 2.3481431156560637, 0.0, 0.0, 0.0, 1.0, 4.2647, 0.0, 0.5, 0.0, 4.2647, 0.5, 0.0, 0.0, 1.0]], ["frame2.png", [0.7783491015434265, 0.0248874481767416, -0.6273382306098938, 1.6094931020145138, -0.0920175164937973, -0.9839015603065491, -0.15320053696632385, 0.3948345982353128, -0.6210518479347229, 0.17696960270404816, -0.7635288834571838, 2.131581008219969, 0.0, 0.0, 0.0, 1.0, 4.2647, 0.0, 0.5, 0.0, 4.2647, 0.5, 0.0, 0.0, 1.0]], ["frame2_mirror.png", [0.7783491015434265, -0.0248874481767416, 0.6273382306098938, -1.6094931020145138, 0.0920175164937973, -0.9839015603065491, -0.15320053696632385, 0.3948345982353128, 0.6210518479347229, 0.17696960270404816, -0.7635288834571838, 2.131581008219969, 0.0, 0.0, 0.0, 1.0, 4.2647, 0.0, 0.5, 0.0, 4.2647, 0.5, 0.0, 0.0, 1.0]], ["frame3.png", [0.8916493058204651, 0.003620526287704706, -0.45271238684654236, 1.152605422187876, -0.11062747240066528, -0.9679116010665894, -0.22562946379184723, 0.5843006711689592, -0.43900245428085327, 0.251264750957489, -0.8626371622085571, 2.3706736313576804, 0.0, 0.0, 0.0, 1.0, 4.2647, 0.0, 0.5, 0.0, 4.2647, 0.5, 0.0, 0.0, 1.0]], ["frame3_mirror.png", [0.8916493058204651, -0.003620526287704706, 0.45271238684654236, -1.152605422187876, 0.11062747240066528, -0.9679116010665894, -0.22562946379184723, 0.5843006711689592, 0.43900245428085327, 0.251264750957489, -0.8626371622085571, 2.3706736313576804, 0.0, 0.0, 0.0, 1.0, 4.2647, 0.0, 0.5, 0.0, 4.2647, 0.5, 0.0, 0.0, 1.0]], ["frame4.png", [0.8815140128135681, -0.01292522344738245, -0.47198083996772766, 1.1951986253840052, -0.1270703375339508, -0.9692381620407104, -0.2107853889465332, 0.5422853377842387, -0.4547373950481415, 0.24578505754470825, -0.8560394644737244, 2.3595395437043263, 0.0, 0.0, 0.0, 1.0, 4.2647, 0.0, 0.5, 0.0, 4.2647, 0.5, 0.0, 0.0, 1.0]], ["frame4_mirror.png", [0.8815140128135681, 0.01292522344738245, 0.47198083996772766, -1.1951986253840052, 0.1270703375339508, -0.9692381620407104, -0.2107853889465332, 0.5422853377842387, 0.4547373950481415, 0.24578505754470825, -0.8560394644737244, 2.3595395437043263, 0.0, 0.0, 0.0, 1.0, 4.2647, 0.0, 0.5, 0.0, 4.2647, 0.5, 0.0, 0.0, 1.0]], ["frame5.png", [0.8591405153274536, 0.006742072757333517, -0.5116953253746033, 1.3039456560238523, -0.12789836525917053, -0.9653512239456177, -0.2274617999792099, 0.5854168310906671, -0.49549925327301025, 0.260866641998291, -0.8285101056098938, 2.2906359073436984, 0.0, 0.0, 0.0, 1.0, 4.2647, 0.0, 0.5, 0.0, 4.2647, 0.5, 0.0, 0.0, 1.0]], ["frame5_mirror.png", [0.8591405153274536, -0.006742072757333517, 0.5116953253746033, -1.3039456560238523, 0.12789836525917053, -0.9653512239456177, -0.2274617999792099, 0.5854168310906671, 0.49549925327301025, 0.260866641998291, -0.8285101056098938, 2.2906359073436984, 0.0, 0.0, 0.0, 1.0, 4.2647, 0.0, 0.5, 0.0, 4.2647, 0.5, 0.0, 0.0, 1.0]], ["frame6.png", [0.8606250882148743, 0.018680721521377563, -0.5088963508605957, 1.297874773762642, -0.13991747796535492, -0.952191948890686, -0.2715761959552765, 0.6976421376084041, -0.4896402359008789, 0.3049287796020508, -0.8168665170669556, 2.262480169960336, 0.0, 0.0, 0.0, 1.0, 4.2647, 0.0, 0.5, 0.0, 4.2647, 0.5, 0.0, 0.0, 1.0]], ["frame6_mirror.png", [0.8606250882148743, -0.018680721521377563, 0.5088963508605957, -1.297874773762642, 0.13991747796535492, -0.952191948890686, -0.2715761959552765, 0.6976421376084041, 0.4896402359008789, 0.3049287796020508, -0.8168665170669556, 2.262480169960336, 0.0, 0.0, 0.0, 1.0, 4.2647, 0.0, 0.5, 0.0, 4.2647, 0.5, 0.0, 0.0, 1.0]], ["frame7.png", [0.8532132506370544, 0.009207353927195072, -0.5214808583259583, 1.3363921279009228, -0.15755397081375122, -0.9485837817192078, -0.27452796697616577, 0.7057640118543315, -0.4971959888935089, 0.31639227271080017, -0.8078936338424683, 2.237398766437428, 0.0, 0.0, 0.0, 1.0, 4.2647, 0.0, 0.5, 0.0, 4.2647, 0.5, 0.0, 0.0, 1.0]], ["frame7_mirror.png", [0.8532132506370544, -0.009207353927195072, 0.5214808583259583, -1.3363921279009228, 0.15755397081375122, -0.9485837817192078, -0.27452796697616577, 0.7057640118543315, 0.4971959888935089, 0.31639227271080017, -0.8078936338424683, 2.237398766437428, 0.0, 0.0, 0.0, 1.0, 4.2647, 0.0, 0.5, 0.0, 4.2647, 0.5, 0.0, 0.0, 1.0]], ["frame8.png", [0.8556548953056335, 0.004709530156105757, -0.5175254344940186, 1.3205272566076944, -0.15316195785999298, -0.9528632760047913, -0.26190268993377686, 0.6757174140922826, -0.4943644404411316, 0.30336353182792664, -0.8146007657051086, 2.2560172297322105, 0.0, 0.0, 0.0, 1.0, 4.2647, 0.0, 0.5, 0.0, 4.2647, 0.5, 0.0, 0.0, 1.0]], ["frame8_mirror.png", [0.8556548953056335, -0.004709530156105757, 0.5175254344940186, -1.3205272566076944, 0.15316195785999298, -0.9528632760047913, -0.26190268993377686, 0.6757174140922826, 0.4943644404411316, 0.30336353182792664, -0.8146007657051086, 2.2560172297322105, 0.0, 0.0, 0.0, 1.0, 4.2647, 0.0, 0.5, 0.0, 4.2647, 0.5, 0.0, 0.0, 1.0]], ["frame9.png", [0.8447794914245605, 0.011111686006188393, -0.5349991917610168, 1.3698495104052923, -0.15980152785778046, -0.9489244818687439, -0.2720400393009186, 0.6978508372007272, -0.5106967091560364, 0.31530752778053284, -0.7998563051223755, 2.219575754026122, 0.0, 0.0, 0.0, 1.0, 4.2647, 0.0, 0.5, 0.0, 4.2647, 0.5, 0.0, 0.0, 1.0]], ["frame9_mirror.png", [0.8447794914245605, -0.011111686006188393, 0.5349991917610168, -1.3698495104052923, 0.15980152785778046, -0.9489244818687439, -0.2720400393009186, 0.6978508372007272, 0.5106967091560364, 0.31530752778053284, -0.7998563051223755, 2.219575754026122, 0.0, 0.0, 0.0, 1.0, 4.2647, 0.0, 0.5, 0.0, 4.2647, 0.5, 0.0, 0.0, 1.0]]]}