{"frame0.png": {"intrinsics": [[2985.29, 0.0, 512.0], [0.0, 2985.29, 512.0], [0.0, 0.0, 1.0]], "pose": [[0.7443580627441406, -0.16168978810310364, -0.6479100584983826, 1.8054752349853516], [-0.2166345864534378, -0.9762386083602905, -0.005256731063127518, 0.02740960381925106], [-0.6316648721694946, 0.1442726105451584, -0.7616987228393555, 2.2859113216400146], [0.0, 0.0, 0.0, 1.0]]}, "frame1.png": {"intrinsics": [[2985.29, 0.0, 512.0], [0.0, 2985.29, 512.0], [0.0, 0.0, 1.0]], "pose": [[0.746788501739502, -0.15673421323299408, -0.6463291049003601, 1.7970272302627563], [-0.21315431594848633, -0.9769735932350159, -0.00936985295265913, 0.0393865741789341], [-0.6299778819084167, 0.14476512372493744, -0.7630012631416321, 2.285278081893921], [0.0, 0.0, 0.0, 1.0]]}, "frame10.png": {"intrinsics": [[2985.29, 0.0, 512.0], [0.0, 2985.29, 512.0], [0.0, 0.0, 1.0]], "pose": [[0.7637816071510315, -0.11144103109836578, -0.6357818245887756, 1.7933214902877808], [-0.1714000701904297, -0.9846379160881042, -0.03331828862428665, 0.10251197218894958], [-0.6223018765449524, 0.1344209462404251, -0.7711493968963623, 2.3361501693725586], [0.0, 0.0, 0.0, 1.0]]}, "frame11.png": {"intrinsics": [[2985.29, 0.0, 512.0], [0.0, 2985.29, 512.0], [0.0, 0.0, 1.0]], "pose": [[0.7709859609603882, -0.10414578020572662, -0.6282787919044495, 1.7080776691436768], [-0.16691334545612335, -0.9850963950157166, -0.04153284803032875, 0.11656498163938522], [-0.6145896911621094, 0.13688935339450836, -0.776878833770752, 2.2723705768585205], [0.0, 0.0, 0.0, 1.0]]}, "frame12.png": {"intrinsics": [[2985.29, 0.0, 512.0], [0.0, 2985.29, 512.0], [0.0, 0.0, 1.0]], "pose": [[0.7678312659263611, -0.10262467712163925, -0.6323790550231934, 1.7203795909881592], [-0.16570214927196503, -0.9853107929229736, -0.041294991970062256, 0.11473196744918823], [-0.6188520789146423, 0.13649415969848633, -0.7735576629638672, 2.265434503555298], [0.0, 0.0, 0.0, 1.0]]}, "frame13.png": {"intrinsics": [[2985.29, 0.0, 512.0], [0.0, 2985.29, 512.0], [0.0, 0.0, 1.0]], "pose": [[0.7627565264701843, -0.10278849303722382, -0.6384645700454712, 1.760480284690857], [-0.1626938283443451, -0.9860333204269409, -0.03562123328447342, 0.09762707352638245], [-0.6258859038352966, 0.13104458153247833, -0.768826425075531, 2.277357578277588], [0.0, 0.0, 0.0, 1.0]]}, "frame14.png": {"intrinsics": [[2985.29, 0.0, 512.0], [0.0, 2985.29, 512.0], [0.0, 0.0, 1.0]], "pose": [[0.7647626996040344, -0.08423766493797302, -0.638781726360321, 1.771600365638733], [-0.13600800931453705, -0.9901825785636902, -0.03225388377904892, 0.09498625993728638], [-0.6297934651374817, 0.11154600232839584, -0.7687116265296936, 2.300649642944336], [0.0, 0.0, 0.0, 1.0]]}, "frame15.png": {"intrinsics": [[2985.29, 0.0, 512.0], [0.0, 2985.29, 512.0], [0.0, 0.0, 1.0]], "pose": [[0.7768815755844116, -0.07289358973503113, -0.6254130601882935, 1.7270559072494507], [-0.11634927242994308, -0.9927902817726135, -0.028815453872084618, 0.08763452619314194], [-0.6188035011291504, 0.09515254944562912, -0.779761552810669, 2.3250956535339355], [0.0, 0.0, 0.0, 1.0]]}, "frame16.png": {"intrinsics": [[2985.29, 0.0, 512.0], [0.0, 2985.29, 512.0], [0.0, 0.0, 1.0]], "pose": [[0.7814511060714722, -0.06432725489139557, -0.6206417679786682, 1.6986690759658813], [-0.11175088584423065, -0.9930176734924316, -0.03778306767344475, 0.11109862476587296], [-0.6138777136802673, 0.09888288378715515, -0.7831833958625793, 2.3135435581207275], [0.0, 0.0, 0.0, 1.0]]}, "frame17.png": {"intrinsics": [[2985.29, 0.0, 512.0], [0.0, 2985.29, 512.0], [0.0, 0.0, 1.0]], "pose": [[0.7876908779144287, -0.05765451863408089, -0.6133669018745422, 1.7101677656173706], [-0.10333786904811859, -0.9938700795173645, -0.03928676247596741, 0.11749253422021866], [-0.6073419451713562, 0.09432985633611679, -0.7888203859329224, 2.368377923965454], [0.0, 0.0, 0.0, 1.0]]}, "frame18.png": {"intrinsics": [[2985.29, 0.0, 512.0], [0.0, 2985.29, 512.0], [0.0, 0.0, 1.0]], "pose": [[0.7993491291999817, -0.048005521297454834, -0.5989460945129395, 1.6797229051589966], [-0.0926297977566719, -0.9947325587272644, -0.043895259499549866, 0.12990592420101166], [-0.5936838984489441, 0.09056789427995682, -0.7995854020118713, 2.4137816429138184], [0.0, 0.0, 0.0, 1.0]]}, "frame19.png": {"intrinsics": [[2985.29, 0.0, 512.0], [0.0, 2985.29, 512.0], [0.0, 0.0, 1.0]], "pose": [[0.7983945608139038, -0.04853169247508049, -0.600175678730011, 1.6760810613632202], [-0.08913838863372803, -0.9952904582023621, -0.03809630125761032, 0.11284370720386505], [-0.5955002903938293, 0.08391456305980682, -0.7989605069160461, 2.4012258052825928], [0.0, 0.0, 0.0, 1.0]]}, "frame2.png": {"intrinsics": [[2985.29, 0.0, 512.0], [0.0, 2985.29, 512.0], [0.0, 0.0, 1.0]], "pose": [[0.7491938471794128, -0.15490123629570007, -0.6439830660820007, 1.7992030382156372], [-0.20928891003131866, -0.9778187870979309, -0.008280686102807522, 0.03462161123752594], [-0.6284160614013672, 0.14098234474658966, -0.7649949193000793, 2.3009254932403564], [0.0, 0.0, 0.0, 1.0]]}, "frame20.png": {"intrinsics": [[2985.29, 0.0, 512.0], [0.0, 2985.29, 512.0], [0.0, 0.0, 1.0]], "pose": [[0.8039709329605103, -0.04864049330353737, -0.592676043510437, 1.6502445936203003], [-0.09308543801307678, -0.9946568608283997, -0.04464053735136986, 0.129198357462883], [-0.5873379707336426, 0.09105919301509857, -0.8042029142379761, 2.4111082553863525], [0.0, 0.0, 0.0, 1.0]]}, "frame21.png": {"intrinsics": [[2985.29, 0.0, 512.0], [0.0, 2985.29, 512.0], [0.0, 0.0, 1.0]], "pose": [[0.805025041103363, -0.04773451387882233, -0.5913172364234924, 1.6506575345993042], [-0.09319145977497101, -0.9945577383041382, -0.046585358679294586, 0.13653692603111267], [-0.585875391960144, 0.09260809421539307, -0.8050923943519592, 2.4182047843933105], [0.0, 0.0, 0.0, 1.0]]}, "frame22.png": {"intrinsics": [[2985.29, 0.0, 512.0], [0.0, 2985.29, 512.0], [0.0, 0.0, 1.0]], "pose": [[0.8022431135177612, -0.047529950737953186, -0.5951023697853088, 1.6629427671432495], [-0.09433098137378693, -0.9943953156471252, -0.04774441942572594, 0.14106762409210205], [-0.5894977450370789, 0.09443922340869904, -0.8022304177284241, 2.412073850631714], [0.0, 0.0, 0.0, 1.0]]}, "frame23.png": {"intrinsics": [[2985.29, 0.0, 512.0], [0.0, 2985.29, 512.0], [0.0, 0.0, 1.0]], "pose": [[0.8099187612533569, -0.04304565116763115, -0.584960401058197, 1.6389816999435425], [-0.0911567360162735, -0.9944232702255249, -0.053035981953144073, 0.15548822283744812], [-0.5794153213500977, 0.09627791494131088, -0.8093259334564209, 2.4376211166381836], [0.0, 0.0, 0.0, 1.0]]}, "frame24.png": {"intrinsics": [[2985.29, 0.0, 512.0], [0.0, 2985.29, 512.0], [0.0, 0.0, 1.0]], "pose": [[0.8041999936103821, -0.03988936170935631, -0.5930187106132507, 1.6545130014419556], [-0.09030114114284515, -0.9943628311157227, -0.055572737008333206, 0.1643819957971573], [-0.5874589681625366, 0.09824186563491821, -0.8032686114311218, 2.4098615646362305], [0.0, 0.0, 0.0, 1.0]]}, "frame25.png": {"intrinsics": [[2985.29, 0.0, 512.0], [0.0, 2985.29, 512.0], [0.0, 0.0, 1.0]], "pose": [[0.800825297832489, -0.037861768156290054, -0.5977000594139099, 1.655827522277832], [-0.08931038528680801, -0.9943903088569641, -0.0566716305911541, 0.16647179424762726], [-0.5922014713287354, 0.09876489639282227, -0.7997142672538757, 2.3856303691864014], [0.0, 0.0, 0.0, 1.0]]}, "frame26.png": {"intrinsics": [[2985.29, 0.0, 512.0], [0.0, 2985.29, 512.0], [0.0, 0.0, 1.0]], "pose": [[0.8043583631515503, -0.03599221259355545, -0.5930533409118652, 1.6565157175064087], [-0.0860849916934967, -0.9946906566619873, -0.05638962984085083, 0.1650829017162323], [-0.5878750681877136, 0.09641046077013016, -0.8031861186027527, 2.414649248123169], [0.0, 0.0, 0.0, 1.0]]}, "frame27.png": {"intrinsics": [[2985.29, 0.0, 512.0], [0.0, 2985.29, 512.0], [0.0, 0.0, 1.0]], "pose": [[0.7976111173629761, -0.0348682627081871, -0.6021633744239807, 1.6730871200561523], [-0.08576670289039612, -0.9947399497032166, -0.056004103273153305, 0.1650983840227127], [-0.5970432758331299, 0.09631507098674774, -0.7964061498641968, 2.3855764865875244], [0.0, 0.0, 0.0, 1.0]]}, "frame28.png": {"intrinsics": [[2985.29, 0.0, 512.0], [0.0, 2985.29, 512.0], [0.0, 0.0, 1.0]], "pose": [[0.8067339062690735, -0.0326392725110054, -0.590012788772583, 1.650763988494873], [-0.08475154638290405, -0.9945414662361145, -0.060864489525556564, 0.17787857353687286], [-0.5848056674003601, 0.09910593926906586, -0.8050965666770935, 2.4239449501037598], [0.0, 0.0, 0.0, 1.0]]}, "frame29.png": {"intrinsics": [[2985.29, 0.0, 512.0], [0.0, 2985.29, 512.0], [0.0, 0.0, 1.0]], "pose": [[0.8097708225250244, -0.0332588255405426, -0.5858029127120972, 1.63563072681427], [-0.08957230299711227, -0.9936970472335815, -0.0674012303352356, 0.19351109862327576], [-0.5798689723014832, 0.10705126821994781, -0.8076459169387817, 2.427408456802368], [0.0, 0.0, 0.0, 1.0]]}, "frame3.png": {"intrinsics": [[2985.29, 0.0, 512.0], [0.0, 2985.29, 512.0], [0.0, 0.0, 1.0]], "pose": [[0.7488970756530762, -0.146441251039505, -0.6463034152984619, 1.8172353506088257], [-0.2020116150379181, -0.9793073534965515, -0.01218454074114561, 0.04449990391731262], [-0.6311453580856323, 0.1396857649087906, -0.7629832029342651, 2.3046371936798096], [0.0, 0.0, 0.0, 1.0]]}, "frame30.png": {"intrinsics": [[2985.29, 0.0, 512.0], [0.0, 2985.29, 512.0], [0.0, 0.0, 1.0]], "pose": [[0.8064314126968384, -0.03555746376514435, -0.5902576446533203, 1.6764284372329712], [-0.0928342193365097, -0.9934254884719849, -0.06698894500732422, 0.19272871315479279], [-0.5839951038360596, 0.10881808400154114, -0.8044304847717285, 2.4640119075775146], [0.0, 0.0, 0.0, 1.0]]}, "frame31.png": {"intrinsics": [[2985.29, 0.0, 512.0], [0.0, 2985.29, 512.0], [0.0, 0.0, 1.0]], "pose": [[0.7991519570350647, -0.032236773520708084, -0.6002640724182129, 1.6995246410369873], [-0.09207427501678467, -0.9933422803878784, -0.06923483312129974, 0.19937022030353546], [-0.594035804271698, 0.11059803515672684, -0.7967996001243591, 2.4369523525238037], [0.0, 0.0, 0.0, 1.0]]}, "frame32.png": {"intrinsics": [[2985.29, 0.0, 512.0], [0.0, 2985.29, 512.0], [0.0, 0.0, 1.0]], "pose": [[0.797924280166626, -0.03285003453493118, -0.6018618941307068, 1.7018356323242188], [-0.09377411752939224, -0.9931213855743408, -0.07011669874191284, 0.20188842713832855], [-0.5954186320304871, 0.11238688230514526, -0.7955161333084106, 2.4277570247650146], [0.0, 0.0, 0.0, 1.0]]}, "frame33.png": {"intrinsics": [[2985.29, 0.0, 512.0], [0.0, 2985.29, 512.0], [0.0, 0.0, 1.0]], "pose": [[0.7984601855278015, -0.030075713992118835, -0.6012958884239197, 1.7075450420379639], [-0.09800302982330322, -0.9919230937957764, -0.08052396029233932, 0.23160630464553833], [-0.5940174460411072, 0.12322400510311127, -0.7949585914611816, 2.435621500015259], [0.0, 0.0, 0.0, 1.0]]}, "frame34.png": {"intrinsics": [[2985.29, 0.0, 512.0], [0.0, 2985.29, 512.0], [0.0, 0.0, 1.0]], "pose": [[0.7992056608200073, -0.027497313916683197, -0.6004283428192139, 1.7138326168060303], [-0.09911826252937317, -0.991305947303772, -0.08653426170349121, 0.25021040439605713], [-0.5928287506103516, 0.12867209315299988, -0.7949827909469604, 2.449773073196411], [0.0, 0.0, 0.0, 1.0]]}, "frame35.png": {"intrinsics": [[2985.29, 0.0, 512.0], [0.0, 2985.29, 512.0], [0.0, 0.0, 1.0]], "pose": [[0.8036617040634155, -0.026616862043738365, -0.5944908857345581, 1.7011364698410034], [-0.09906971454620361, -0.9910423159599304, -0.0895557850599289, 0.2581462860107422], [-0.586781919002533, 0.1308685839176178, -0.7990996837615967, 2.4663960933685303], [0.0, 0.0, 0.0, 1.0]]}, "frame36.png": {"intrinsics": [[2985.29, 0.0, 512.0], [0.0, 2985.29, 512.0], [0.0, 0.0, 1.0]], "pose": [[0.8001810908317566, -0.024374982342123985, -0.5992629528045654, 1.71463942527771], [-0.0964009016752243, -0.9914095401763916, -0.08839623630046844, 0.25566983222961426], [-0.5919603705406189, 0.1285024881362915, -0.7956569790840149, 2.457092046737671], [0.0, 0.0, 0.0, 1.0]]}, "frame37.png": {"intrinsics": [[2985.29, 0.0, 512.0], [0.0, 2985.29, 512.0], [0.0, 0.0, 1.0]], "pose": [[0.7969017028808594, -0.025216108188033104, -0.603582501411438, 1.7215644121170044], [-0.09522125124931335, -0.9918818473815918, -0.0842810645699501, 0.24631400406360626], [-0.5965572595596313, 0.12463759630918503, -0.7928335070610046, 2.4420177936553955], [0.0, 0.0, 0.0, 1.0]]}, "frame38.png": {"intrinsics": [[2985.29, 0.0, 512.0], [0.0, 2985.29, 512.0], [0.0, 0.0, 1.0]], "pose": [[0.7995959520339966, -0.02302873507142067, -0.600096583366394, 1.7164064645767212], [-0.0932735949754715, -0.9919004440307617, -0.08621776103973389, 0.25252318382263184], [-0.593250572681427, 0.12491254508495331, -0.7952675819396973, 2.4560608863830566], [0.0, 0.0, 0.0, 1.0]]}, "frame39.png": {"intrinsics": [[2985.29, 0.0, 512.0], [0.0, 2985.29, 512.0], [0.0, 0.0, 1.0]], "pose": [[0.7978447079658508, -0.022866204380989075, -0.602429211139679, 1.704429268836975], [-0.09066411107778549, -0.9924665093421936, -0.08240293711423874, 0.23836687207221985], [-0.5960065722465515, 0.12036345899105072, -0.7939072847366333, 2.423586130142212], [0.0, 0.0, 0.0, 1.0]]}, "frame4.png": {"intrinsics": [[2985.29, 0.0, 512.0], [0.0, 2985.29, 512.0], [0.0, 0.0, 1.0]], "pose": [[0.756828784942627, -0.14583797752857208, -0.6371353268623352, 1.772194504737854], [-0.19848786294460297, -0.9800364375114441, -0.011449353769421577, 0.04462522268295288], [-0.6227460503578186, 0.13512882590293884, -0.7706668972969055, 2.3061065673828125], [0.0, 0.0, 0.0, 1.0]]}, "frame40.png": {"intrinsics": [[2985.29, 0.0, 512.0], [0.0, 2985.29, 512.0], [0.0, 0.0, 1.0]], "pose": [[0.7956069707870483, -0.01855331100523472, -0.6055289506912231, 1.7204149961471558], [-0.09454028308391571, -0.9910874366760254, -0.09385010600090027, 0.27050769329071045], [-0.5983908772468567, 0.1319146752357483, -0.7902700901031494, 2.4257304668426514], [0.0, 0.0, 0.0, 1.0]]}, "frame41.png": {"intrinsics": [[2985.29, 0.0, 512.0], [0.0, 2985.29, 512.0], [0.0, 0.0, 1.0]], "pose": [[0.7964606285095215, -0.023014899343252182, -0.6042522192001343, 1.6937179565429688], [-0.10174893587827682, -0.9901280999183655, -0.09640233218669891, 0.27878549695014954], [-0.5960683822631836, 0.13826268911361694, -0.7909398078918457, 2.391904830932617], [0.0, 0.0, 0.0, 1.0]]}, "frame42.png": {"intrinsics": [[2985.29, 0.0, 512.0], [0.0, 2985.29, 512.0], [0.0, 0.0, 1.0]], "pose": [[0.7817690968513489, -0.02540292777121067, -0.6230503916740417, 1.754867672920227], [-0.11020256578922272, -0.9890709519386292, -0.0979498028755188, 0.28177738189697266], [-0.6137527823448181, 0.14523588120937347, -0.7760245203971863, 2.3670153617858887], [0.0, 0.0, 0.0, 1.0]]}, "frame43.png": {"intrinsics": [[2985.29, 0.0, 512.0], [0.0, 2985.29, 512.0], [0.0, 0.0, 1.0]], "pose": [[0.7890623807907104, -0.0217728428542614, -0.6139270663261414, 1.6891239881515503], [-0.09981777518987656, -0.9906349778175354, -0.09316010773181915, 0.2630053758621216], [-0.6061492562294006, 0.13478997349739075, -0.7838460803031921, 2.3320958614349365], [0.0, 0.0, 0.0, 1.0]]}, "frame44.png": {"intrinsics": [[2985.29, 0.0, 512.0], [0.0, 2985.29, 512.0], [0.0, 0.0, 1.0]], "pose": [[0.800687849521637, -0.013150320388376713, -0.598937451839447, 1.628738284111023], [-0.09030497819185257, -0.9909847378730774, -0.09896580874919891, 0.27660802006721497], [-0.5922364592552185, 0.13332775235176086, -0.7946569323539734, 2.3294928073883057], [0.0, 0.0, 0.0, 1.0]]}, "frame45.png": {"intrinsics": [[2985.29, 0.0, 512.0], [0.0, 2985.29, 512.0], [0.0, 0.0, 1.0]], "pose": [[0.8066927194595337, -0.002735476242378354, -0.5909648537635803, 1.611693263053894], [-0.07689756155014038, -0.9919734597206116, -0.10037682950496674, 0.280042827129364], [-0.585946798324585, 0.12641701102256775, -0.800428032875061, 2.349782705307007], [0.0, 0.0, 0.0, 1.0]]}, "frame46.png": {"intrinsics": [[2985.29, 0.0, 512.0], [0.0, 2985.29, 512.0], [0.0, 0.0, 1.0]], "pose": [[0.803775429725647, 0.008288486860692501, -0.5948750972747803, 1.6069637537002563], [-0.06998293101787567, -0.9916436672210693, -0.10837534070014954, 0.2990933060646057], [-0.5908023715019226, 0.12874053418636322, -0.796478807926178, 2.3105740547180176], [0.0, 0.0, 0.0, 1.0]]}, "frame47.png": {"intrinsics": [[2985.29, 0.0, 512.0], [0.0, 2985.29, 512.0], [0.0, 0.0, 1.0]], "pose": [[0.8099578022956848, 0.012668484821915627, -0.5863513350486755, 1.6083741188049316], [-0.05875953286886215, -0.9929834604263306, -0.1026216372847557, 0.28952786326408386], [-0.583537220954895, 0.11757291853427887, -0.8035302758216858, 2.3767635822296143], [0.0, 0.0, 0.0, 1.0]]}, "frame48.png": {"intrinsics": [[2985.29, 0.0, 512.0], [0.0, 2985.29, 512.0], [0.0, 0.0, 1.0]], "pose": [[0.8179166316986084, 0.013835752382874489, -0.5751703977584839, 1.5748579502105713], [-0.04788050428032875, -0.9946058988571167, -0.0920133963227272, 0.25810450315475464], [-0.5733410120010376, 0.10279873013496399, -0.8128422498703003, 2.393576145172119], [0.0, 0.0, 0.0, 1.0]]}, "frame49.png": {"intrinsics": [[2985.29, 0.0, 512.0], [0.0, 2985.29, 512.0], [0.0, 0.0, 1.0]], "pose": [[0.8192523717880249, 0.014657039195299149, -0.5732458233833313, 1.6117615699768066], [-0.04724578559398651, -0.9945492148399353, -0.09295029938220978, 0.26324015855789185], [-0.5714835524559021, 0.10323319584131241, -0.8140942454338074, 2.455106496810913], [0.0, 0.0, 0.0, 1.0]]}, "frame5.png": {"intrinsics": [[2985.29, 0.0, 512.0], [0.0, 2985.29, 512.0], [0.0, 0.0, 1.0]], "pose": [[0.7621393203735352, -0.13128581643104553, -0.6339619755744934, 1.7459406852722168], [-0.18302738666534424, -0.9829698204994202, -0.01647157594561577, 0.05547551438212395], [-0.6210030317306519, 0.1285860240459442, -0.7731888294219971, 2.292525053024292], [0.0, 0.0, 0.0, 1.0]]}, "frame6.png": {"intrinsics": [[2985.29, 0.0, 512.0], [0.0, 2985.29, 512.0], [0.0, 0.0, 1.0]], "pose": [[0.7653142213821411, -0.12132856249809265, -0.632118284702301, 1.7598501443862915], [-0.17208074033260345, -0.9848937392234802, -0.019300321117043495, 0.0654580220580101], [-0.6202276349067688, 0.12354619801044464, -0.7746315002441406, 2.316114664077759], [0.0, 0.0, 0.0, 1.0]]}, "frame7.png": {"intrinsics": [[2985.29, 0.0, 512.0], [0.0, 2985.29, 512.0], [0.0, 0.0, 1.0]], "pose": [[0.7636906504631042, -0.11302953213453293, -0.6356106400489807, 1.7484130859375], [-0.1675095558166504, -0.9855273365974426, -0.026009313762187958, 0.08004039525985718], [-0.6234718561172485, 0.12633392214775085, -0.7715715169906616, 2.282614231109619], [0.0, 0.0, 0.0, 1.0]]}, "frame8.png": {"intrinsics": [[2985.29, 0.0, 512.0], [0.0, 2985.29, 512.0], [0.0, 0.0, 1.0]], "pose": [[0.7708129286766052, -0.11245989799499512, -0.6270568370819092, 1.7271817922592163], [-0.16560405492782593, -0.9858290553092957, -0.026765527203679085, 0.08311835676431656], [-0.6151607632637024, 0.12447436153888702, -0.7785135507583618, 2.3063814640045166], [0.0, 0.0, 0.0, 1.0]]}, "frame9.png": {"intrinsics": [[2985.29, 0.0, 512.0], [0.0, 2985.29, 512.0], [0.0, 0.0, 1.0]], "pose": [[0.7706285715103149, -0.11023441702127457, -0.6276782155036926, 1.7253456115722656], [-0.16550645232200623, -0.9857498407363892, -0.030079809948801994, 0.09196808934211731], [-0.6154178977012634, 0.12706515192985535, -0.7778915762901306, 2.302316427230835], [0.0, 0.0, 0.0, 1.0]]}}