{"labels": [["frame0.png", [0.9478219151496887, -0.09636517614126205, 0.30388715863227844, -0.7743495593936651, -0.0775735080242157, -0.9942850470542908, -0.07334493100643158, 0.19294799115425956, 0.3092183768749237, 0.04594434052705765, -0.9498805999755859, 2.5793708210678767, 0.0, 0.0, 0.0, 1.0, 4.2647, 0.0, 0.5, 0.0, 4.2647, 0.5, 0.0, 0.0, 1.0]], ["frame0_mirror.png", [0.9478219151496887, 0.09636517614126205, -0.30388715863227844, 0.7743495593936651, 0.0775735080242157, -0.9942850470542908, -0.07334493100643158, 0.19294799115425956, -0.3092183768749237, 0.04594434052705765, -0.9498805999755859, 2.5793708210678767, 0.0, 0.0, 0.0, 1.0, 4.2647, 0.0, 0.5, 0.0, 4.2647, 0.5, 0.0, 0.0, 1.0]], ["frame1.png", [0.9627809524536133, -0.19643494486808777, 0.18565042316913605, -0.4682879525913552, -0.18553771078586578, -0.9798067808151245, -0.0745278000831604, 0.19293535875785978, 0.1965414136648178, 0.03730879724025726, -0.9797853827476501, 2.6520713302622108, 0.0, 0.0, 0.0, 1.0, 4.2647, 0.0, 0.5, 0.0, 4.2647, 0.5, 0.0, 0.0, 1.0]], ["frame1_mirror.png", [0.9627809524536133, 0.19643494486808777, -0.18565042316913605, 0.4682879525913552, 0.18553771078586578, -0.9798067808151245, -0.0745278000831604, 0.19293535875785978, -0.1965414136648178, 0.03730879724025726, -0.9797853827476501, 2.6520713302622108, 0.0, 0.0, 0.0, 1.0, 4.2647, 0.0, 0.5, 0.0, 4.2647, 0.5, 0.0, 0.0, 1.0]], ["frame2.png", [0.9625934362411499, -0.19929639995098114, 0.1835612803697586, -0.46453734127267726, -0.18699975311756134, -0.9789144992828369, -0.08220361173152924, 0.21384188225200612, 0.19607368111610413, 0.044802743941545486, -0.9795651435852051, 2.651127440912306, 0.0, 0.0, 0.0, 1.0, 4.2647, 0.0, 0.5, 0.0, 4.2647, 0.5, 0.0, 0.0, 1.0]], ["frame2_mirror.png", [0.9625934362411499, 0.19929639995098114, -0.1835612803697586, 0.46453734127267726, 0.18699975311756134, -0.9789144992828369, -0.08220361173152924, 0.21384188225200612, -0.19607368111610413, 0.044802743941545486, -0.9795651435852051, 2.651127440912306, 0.0, 0.0, 0.0, 1.0, 4.2647, 0.0, 0.5, 0.0, 4.2647, 0.5, 0.0, 0.0, 1.0]]]}