{"labels": [["frame0.png", [0.9165535569190979, -0.1260736584663391, -0.37951937317848206, 0.9606854650980042, -0.1167890802025795, -0.9920204877853394, 0.04749220237135887, -0.11375869391309075, -0.3824785053730011, 0.0007945708930492401, -0.9239640235900879, 2.5207424296640504, 0.0, 0.0, 0.0, 1.0, 4.2647, 0.0, 0.5, 0.0, 4.2647, 0.5, 0.0, 0.0, 1.0]], ["frame0_mirror.png", [0.9165535569190979, 0.1260736584663391, 0.37951937317848206, -0.9606854650980042, 0.1167890802025795, -0.9920204877853394, 0.04749220237135887, -0.11375869391309075, 0.3824785053730011, 0.0007945708930492401, -0.9239640235900879, 2.5207424296640504, 0.0, 0.0, 0.0, 1.0, 4.2647, 0.0, 0.5, 0.0, 4.2647, 0.5, 0.0, 0.0, 1.0]], ["frame1.png", [0.9120844602584839, -0.12447614967823029, -0.3906502425670624, 0.9892980022077503, -0.10906441509723663, -0.9921310544013977, 0.061489004641771317, -0.15297301515983272, -0.39523017406463623, -0.013477124273777008, -0.9184832572937012, 2.5075662941307586, 0.0, 0.0, 0.0, 1.0, 4.2647, 0.0, 0.5, 0.0, 4.2647, 0.5, 0.0, 0.0, 1.0]], ["frame1_mirror.png", [0.9120844602584839, 0.12447614967823029, 0.3906502425670624, -0.9892980022077503, 0.10906441509723663, -0.9921310544013977, 0.061489004641771317, -0.15297301515983272, 0.39523017406463623, -0.013477124273777008, -0.9184832572937012, 2.5075662941307586, 0.0, 0.0, 0.0, 1.0, 4.2647, 0.0, 0.5, 0.0, 4.2647, 0.5, 0.0, 0.0, 1.0]], ["frame2.png", [0.9127367734909058, -0.11956333369016647, -0.3906611204147339, 0.9924539890200974, -0.1072506383061409, -0.9928038120269775, 0.0532720610499382, -0.1353585164593423, -0.3942192494869232, -0.006724715232849121, -0.9189918041229248, 2.507331879049924, 0.0, 0.0, 0.0, 1.0, 4.2647, 0.0, 0.5, 0.0, 4.2647, 0.5, 0.0, 0.0, 1.0]], ["frame2_mirror.png", [0.9127367734909058, 0.11956333369016647, 0.3906611204147339, -0.9924539890200974, 0.1072506383061409, -0.9928038120269775, 0.0532720610499382, -0.1353585164593423, 0.3942192494869232, -0.006724715232849121, -0.9189918041229248, 2.507331879049924, 0.0, 0.0, 0.0, 1.0, 4.2647, 0.0, 0.5, 0.0, 4.2647, 0.5, 0.0, 0.0, 1.0]]]}