{"labels": [["frame0.png", [0.9931073188781738, -0.11318692564964294, 0.030438587069511414, -0.08257799459288497, -0.11254628747701645, -0.9934028387069702, -0.022000687196850777, 0.05416961729414934, 0.03272796794772148, 0.0184232946485281, -0.9992944598197937, 2.698193196821018, 0.0, 0.0, 0.0, 1.0, 4.2647, 0.0, 0.5, 0.0, 4.2647, 0.5, 0.0, 0.0, 1.0]], ["frame0_mirror.png", [0.9931073188781738, 0.11318692564964294, -0.030438587069511414, 0.08257799459288497, 0.11254628747701645, -0.9934028387069702, -0.022000687196850777, 0.05416961729414934, -0.03272796794772148, 0.0184232946485281, -0.9992944598197937, 2.698193196821018, 0.0, 0.0, 0.0, 1.0, 4.2647, 0.0, 0.5, 0.0, 4.2647, 0.5, 0.0, 0.0, 1.0]], ["frame1.png", [0.9930645227432251, -0.1030314639210701, -0.05663399398326874, 0.13710663809229606, -0.10511893033981323, -0.993836522102356, -0.03519884869456291, 0.08274259234573896, -0.05265834182500839, 0.04090803116559982, -0.9977743625640869, 2.695246822315711, 0.0, 0.0, 0.0, 1.0, 4.2647, 0.0, 0.5, 0.0, 4.2647, 0.5, 0.0, 0.0, 1.0]], ["frame1_mirror.png", [0.9930645227432251, 0.1030314639210701, 0.05663399398326874, -0.13710663809229606, 0.10511893033981323, -0.993836522102356, -0.03519884869456291, 0.08274259234573896, 0.05265834182500839, 0.04090803116559982, -0.9977743625640869, 2.695246822315711, 0.0, 0.0, 0.0, 1.0, 4.2647, 0.0, 0.5, 0.0, 4.2647, 0.5, 0.0, 0.0, 1.0]], ["frame2.png", [0.9296354651451111, -0.23149029910564423, -0.28668808937072754, 0.7237704367418428, -0.2520619332790375, -0.9670217633247375, -0.03651897609233856, 0.08615834555901317, -0.26877981424331665, 0.10621248185634613, -0.957327663898468, 2.5997563528894503, 0.0, 0.0, 0.0, 1.0, 4.2647, 0.0, 0.5, 0.0, 4.2647, 0.5, 0.0, 0.0, 1.0]], ["frame2_mirror.png", [0.9296354651451111, 0.23149029910564423, 0.28668808937072754, -0.7237704367418428, 0.2520619332790375, -0.9670217633247375, -0.03651897609233856, 0.08615834555901317, 0.26877981424331665, 0.10621248185634613, -0.957327663898468, 2.5997563528894503, 0.0, 0.0, 0.0, 1.0, 4.2647, 0.0, 0.5, 0.0, 4.2647, 0.5, 0.0, 0.0, 1.0]]]}