{"labels": [["frame0.png", [0.9852156639099121, -0.027747036889195442, -0.16905683279037476, 0.4279263210809736, -0.035477057099342346, -0.9984502196311951, -0.0428762249648571, 0.11717724184125758, -0.16760514676570892, 0.04823996126651764, -0.984673261642456, 2.663296558350305, 0.0, 0.0, 0.0, 1.0, 4.2647, 0.0, 0.5, 0.0, 4.2647, 0.5, 0.0, 0.0, 1.0]], ["frame0_mirror.png", [0.9852156639099121, 0.027747036889195442, 0.16905683279037476, -0.4279263210809736, 0.035477057099342346, -0.9984502196311951, -0.0428762249648571, 0.11717724184125758, 0.16760514676570892, 0.04823996126651764, -0.984673261642456, 2.663296558350305, 0.0, 0.0, 0.0, 1.0, 4.2647, 0.0, 0.5, 0.0, 4.2647, 0.5, 0.0, 0.0, 1.0]], ["frame1.png", [0.9667857885360718, 0.14751943945884705, 0.20871825516223907, -0.5371827626235677, 0.15293578803539276, -0.9881858825683594, -0.009963332675397396, 0.03584621122570237, 0.2047826498746872, 0.04155289754271507, -0.9779250621795654, 2.645779606974261, 0.0, 0.0, 0.0, 1.0, 4.2647, 0.0, 0.5, 0.0, 4.2647, 0.5, 0.0, 0.0, 1.0]], ["frame1_mirror.png", [0.9667857885360718, -0.14751943945884705, -0.20871825516223907, 0.5371827626235677, -0.15293578803539276, -0.9881858825683594, -0.009963332675397396, 0.03584621122570237, -0.2047826498746872, 0.04155289754271507, -0.9779250621795654, 2.645779606974261, 0.0, 0.0, 0.0, 1.0, 4.2647, 0.0, 0.5, 0.0, 4.2647, 0.5, 0.0, 0.0, 1.0]], ["frame10.png", [0.9953483939170837, -0.07978136837482452, -0.0540042407810688, 0.13381146423757848, -0.08475083112716675, -0.9916663765907288, -0.09703151136636734, 0.25241630604775595, -0.045812882483005524, 0.10115706920623779, -0.9938150644302368, 2.684842732913755, 0.0, 0.0, 0.0, 1.0, 4.2647, 0.0, 0.5, 0.0, 4.2647, 0.5, 0.0, 0.0, 1.0]], ["frame10_mirror.png", [0.9953483939170837, 0.07978136837482452, 0.0540042407810688, -0.13381146423757848, 0.08475083112716675, -0.9916663765907288, -0.09703151136636734, 0.25241630604775595, 0.045812882483005524, 0.10115706920623779, -0.9938150644302368, 2.684842732913755, 0.0, 0.0, 0.0, 1.0, 4.2647, 0.0, 0.5, 0.0, 4.2647, 0.5, 0.0, 0.0, 1.0]], ["frame11.png", [0.9927524328231812, -0.08499115705490112, -0.08496519923210144, 0.21118696307956183, -0.09551576524972916, -0.9870800375938416, -0.12864600121974945, 0.34171492432363526, -0.07293368130922318, 0.1358291506767273, -0.9880440831184387, 2.6699496207081745, 0.0, 0.0, 0.0, 1.0, 4.2647, 0.0, 0.5, 0.0, 4.2647, 0.5, 0.0, 0.0, 1.0]], ["frame11_mirror.png", [0.9927524328231812, 0.08499115705490112, 0.08496519923210144, -0.21118696307956183, 0.09551576524972916, -0.9870800375938416, -0.12864600121974945, 0.34171492432363526, 0.07293368130922318, 0.1358291506767273, -0.9880440831184387, 2.6699496207081745, 0.0, 0.0, 0.0, 1.0, 4.2647, 0.0, 0.5, 0.0, 4.2647, 0.5, 0.0, 0.0, 1.0]], ["frame12.png", [0.9281232357025146, -0.22266016900539398, -0.29834485054016113, 0.7623051844969384, -0.22246447205543518, -0.974309504032135, 0.03507845848798752, -0.07322550694637658, -0.2984907925128937, 0.033813998103141785, -0.9538132548332214, 2.5891173845195854, 0.0, 0.0, 0.0, 1.0, 4.2647, 0.0, 0.5, 0.0, 4.2647, 0.5, 0.0, 0.0, 1.0]], ["frame12_mirror.png", [0.9281232357025146, 0.22266016900539398, 0.29834485054016113, -0.7623051844969384, 0.22246447205543518, -0.974309504032135, 0.03507845848798752, -0.07322550694637658, 0.2984907925128937, 0.033813998103141785, -0.9538132548332214, 2.5891173845195854, 0.0, 0.0, 0.0, 1.0, 4.2647, 0.0, 0.5, 0.0, 4.2647, 0.5, 0.0, 0.0, 1.0]], ["frame13.png", [0.9948933720588684, 0.02566160261631012, -0.09761489182710648, 0.24699047167427848, 0.01902538351714611, -0.9974822402000427, -0.06831707805395126, 0.17781665537709815, -0.09912224113941193, 0.06611105054616928, -0.9928766489028931, 2.6827927508424168, 0.0, 0.0, 0.0, 1.0, 4.2647, 0.0, 0.5, 0.0, 4.2647, 0.5, 0.0, 0.0, 1.0]], ["frame13_mirror.png", [0.9948933720588684, -0.02566160261631012, 0.09761489182710648, -0.24699047167427848, -0.01902538351714611, -0.9974822402000427, -0.06831707805395126, 0.17781665537709815, 0.09912224113941193, 0.06611105054616928, -0.9928766489028931, 2.6827927508424168, 0.0, 0.0, 0.0, 1.0, 4.2647, 0.0, 0.5, 0.0, 4.2647, 0.5, 0.0, 0.0, 1.0]], ["frame14.png", [0.9826228618621826, 0.030232436954975128, -0.18313480913639069, 0.46535221615805433, 0.03540326654911041, -0.9990596175193787, 0.025031017139554024, -0.055377752969685806, -0.18220584094524384, -0.031079620122909546, -0.9827691316604614, 2.6590187324260834, 0.0, 0.0, 0.0, 1.0, 4.2647, 0.0, 0.5, 0.0, 4.2647, 0.5, 0.0, 0.0, 1.0]], ["frame14_mirror.png", [0.9826228618621826, -0.030232436954975128, 0.18313480913639069, -0.46535221615805433, -0.03540326654911041, -0.9990596175193787, 0.025031017139554024, -0.055377752969685806, 0.18220584094524384, -0.031079620122909546, -0.9827691316604614, 2.6590187324260834, 0.0, 0.0, 0.0, 1.0, 4.2647, 0.0, 0.5, 0.0, 4.2647, 0.5, 0.0, 0.0, 1.0]], ["frame15.png", [0.7677397727966309, 0.008818053640425205, -0.6407010555267334, 1.645906268417881, 0.005400140304118395, -0.9999587535858154, -0.007291682064533234, 0.027744083567007926, -0.6407389640808105, 0.0021382388658821583, -0.7677558064460754, 2.140145514073694, 0.0, 0.0, 0.0, 1.0, 4.2647, 0.0, 0.5, 0.0, 4.2647, 0.5, 0.0, 0.0, 1.0]], ["frame15_mirror.png", [0.7677397727966309, -0.008818053640425205, 0.6407010555267334, -1.645906268417881, -0.005400140304118395, -0.9999587535858154, -0.007291682064533234, 0.027744083567007926, 0.6407389640808105, 0.0021382388658821583, -0.7677558064460754, 2.140145514073694, 0.0, 0.0, 0.0, 1.0, 4.2647, 0.0, 0.5, 0.0, 4.2647, 0.5, 0.0, 0.0, 1.0]], ["frame2.png", [0.9840885400772095, 0.0914263054728508, 0.15235155820846558, -0.39823882138821187, 0.08947385102510452, -0.9957955479621887, 0.019636917859315872, -0.040236404603297485, 0.153506338596344, -0.005692984908819199, -0.9881312847137451, 2.6701660758993864, 0.0, 0.0, 0.0, 1.0, 4.2647, 0.0, 0.5, 0.0, 4.2647, 0.5, 0.0, 0.0, 1.0]], ["frame2_mirror.png", [0.9840885400772095, -0.0914263054728508, -0.15235155820846558, 0.39823882138821187, -0.08947385102510452, -0.9957955479621887, 0.019636917859315872, -0.040236404603297485, -0.153506338596344, -0.005692984908819199, -0.9881312847137451, 2.6701660758993864, 0.0, 0.0, 0.0, 1.0, 4.2647, 0.0, 0.5, 0.0, 4.2647, 0.5, 0.0, 0.0, 1.0]], ["frame3.png", [0.9965740442276001, 0.0656905248761177, 0.05024893954396248, -0.13868918000413147, 0.06595659255981445, -0.9978157877922058, -0.003653449472039938, 0.01847224590614053, 0.04989918693900108, 0.006955181248486042, -0.9987300634384155, 2.6963723940659543, 0.0, 0.0, 0.0, 1.0, 4.2647, 0.0, 0.5, 0.0, 4.2647, 0.5, 0.0, 0.0, 1.0]], ["frame3_mirror.png", [0.9965740442276001, -0.0656905248761177, -0.05024893954396248, 0.13868918000413147, -0.06595659255981445, -0.9978157877922058, -0.003653449472039938, 0.01847224590614053, -0.04989918693900108, 0.006955181248486042, -0.9987300634384155, 2.6963723940659543, 0.0, 0.0, 0.0, 1.0, 4.2647, 0.0, 0.5, 0.0, 4.2647, 0.5, 0.0, 0.0, 1.0]], ["frame4.png", [0.9993633031845093, 0.020592791959643364, 0.02913670986890793, -0.07816594072709031, 0.02124912291765213, -0.9995232224464417, -0.022398488596081734, 0.06851981379610624, 0.028661571443080902, 0.023003358393907547, -0.9993244409561157, 2.697998354489416, 0.0, 0.0, 0.0, 1.0, 4.2647, 0.0, 0.5, 0.0, 4.2647, 0.5, 0.0, 0.0, 1.0]], ["frame4_mirror.png", [0.9993633031845093, -0.020592791959643364, -0.02913670986890793, 0.07816594072709031, -0.02124912291765213, -0.9995232224464417, -0.022398488596081734, 0.06851981379610624, -0.028661571443080902, 0.023003358393907547, -0.9993244409561157, 2.697998354489416, 0.0, 0.0, 0.0, 1.0, 4.2647, 0.0, 0.5, 0.0, 4.2647, 0.5, 0.0, 0.0, 1.0]], ["frame5.png", [0.9971769452095032, 0.03600108623504639, 0.06589465588331223, -0.18077769091898646, 0.037729281932115555, -0.9989708662033081, -0.025172503665089607, 0.06373722376059288, 0.06492060422897339, 0.02758759818971157, -0.9975090026855469, 2.6931871440308957, 0.0, 0.0, 0.0, 1.0, 4.2647, 0.0, 0.5, 0.0, 4.2647, 0.5, 0.0, 0.0, 1.0]], ["frame5_mirror.png", [0.9971769452095032, -0.03600108623504639, -0.06589465588331223, 0.18077769091898646, -0.037729281932115555, -0.9989708662033081, -0.025172503665089607, 0.06373722376059288, -0.06492060422897339, 0.02758759818971157, -0.9975090026855469, 2.6931871440308957, 0.0, 0.0, 0.0, 1.0, 4.2647, 0.0, 0.5, 0.0, 4.2647, 0.5, 0.0, 0.0, 1.0]], ["frame6.png", [0.9992306232452393, 0.020634863525629044, 0.03335298225283623, -0.08681908737078807, 0.024385130032896996, -0.9929194450378418, -0.11625978350639343, 0.30080520747153805, 0.030717823654413223, 0.11698364466428757, -0.9926586747169495, 2.681786470475625, 0.0, 0.0, 0.0, 1.0, 4.2647, 0.0, 0.5, 0.0, 4.2647, 0.5, 0.0, 0.0, 1.0]], ["frame6_mirror.png", [0.9992306232452393, -0.020634863525629044, -0.03335298225283623, 0.08681908737078807, -0.024385130032896996, -0.9929194450378418, -0.11625978350639343, 0.30080520747153805, -0.030717823654413223, 0.11698364466428757, -0.9926586747169495, 2.681786470475625, 0.0, 0.0, 0.0, 1.0, 4.2647, 0.0, 0.5, 0.0, 4.2647, 0.5, 0.0, 0.0, 1.0]], ["frame7.png", [0.9949713349342346, 0.038047000765800476, -0.09265235811471939, 0.23136855650439472, 0.027123792096972466, -0.9928293824195862, -0.11642216145992279, 0.3050261638833791, -0.09641750156879425, 0.1133236289024353, -0.988868772983551, 2.6727191454411487, 0.0, 0.0, 0.0, 1.0, 4.2647, 0.0, 0.5, 0.0, 4.2647, 0.5, 0.0, 0.0, 1.0]], ["frame7_mirror.png", [0.9949713349342346, -0.038047000765800476, 0.09265235811471939, -0.23136855650439472, -0.027123792096972466, -0.9928293824195862, -0.11642216145992279, 0.3050261638833791, 0.09641750156879425, 0.1133236289024353, -0.988868772983551, 2.6727191454411487, 0.0, 0.0, 0.0, 1.0, 4.2647, 0.0, 0.5, 0.0, 4.2647, 0.5, 0.0, 0.0, 1.0]], ["frame8.png", [0.9923266768455505, 0.042147573083639145, -0.11623796075582504, 0.2928917457904909, 0.030552873387932777, -0.9945396184921265, -0.09978670626878738, 0.2609607935635565, -0.11980902403593063, 0.09546960145235062, -0.9881960153579712, 2.6713505740487298, 0.0, 0.0, 0.0, 1.0, 4.2647, 0.0, 0.5, 0.0, 4.2647, 0.5, 0.0, 0.0, 1.0]], ["frame8_mirror.png", [0.9923266768455505, -0.042147573083639145, 0.11623796075582504, -0.2928917457904909, -0.030552873387932777, -0.9945396184921265, -0.09978670626878738, 0.2609607935635565, 0.11980902403593063, 0.09546960145235062, -0.9881960153579712, 2.6713505740487298, 0.0, 0.0, 0.0, 1.0, 4.2647, 0.0, 0.5, 0.0, 4.2647, 0.5, 0.0, 0.0, 1.0]], ["frame9.png", [0.9753766655921936, 0.004706115927547216, -0.22049562633037567, 0.554012807741362, -0.010462060570716858, -0.9976595044136047, -0.06757299602031708, 0.18851061743167669, -0.22029757499694824, 0.06821595877408981, -0.9730445146560669, 2.635817436009949, 0.0, 0.0, 0.0, 1.0, 4.2647, 0.0, 0.5, 0.0, 4.2647, 0.5, 0.0, 0.0, 1.0]], ["frame9_mirror.png", [0.9753766655921936, -0.004706115927547216, 0.22049562633037567, -0.554012807741362, 0.010462060570716858, -0.9976595044136047, -0.06757299602031708, 0.18851061743167669, 0.22029757499694824, 0.06821595877408981, -0.9730445146560669, 2.635817436009949, 0.0, 0.0, 0.0, 1.0, 4.2647, 0.0, 0.5, 0.0, 4.2647, 0.5, 0.0, 0.0, 1.0]]]}