{"labels": [["frame0.png", [0.9978392720222473, 0.04720770940184593, 0.04569784924387932, -0.12163469352173867, 0.04691136255860329, -0.9988706707954407, 0.007536380086094141, -0.0011678868686505817, 0.046002019196748734, -0.005376347340643406, -0.9989268779754639, 2.697258541069457, 0.0, 0.0, 0.0, 1.0, 4.2647, 0.0, 0.5, 0.0, 4.2647, 0.5, 0.0, 0.0, 1.0]], ["frame0_mirror.png", [0.9978392720222473, -0.04720770940184593, -0.04569784924387932, 0.12163469352173867, -0.04691136255860329, -0.9988706707954407, 0.007536380086094141, -0.0011678868686505817, -0.046002019196748734, -0.005376347340643406, -0.9989268779754639, 2.697258541069457, 0.0, 0.0, 0.0, 1.0, 4.2647, 0.0, 0.5, 0.0, 4.2647, 0.5, 0.0, 0.0, 1.0]], ["frame1.png", [0.9837263226509094, -0.1795417219400406, -0.006867212243378162, 0.012924459771986724, -0.179511159658432, -0.9837440252304077, 0.0048398422077298164, 0.007950444498451639, -0.007624533027410507, -0.0035283388569951057, -0.999964714050293, 2.6999573605469918, 0.0, 0.0, 0.0, 1.0, 4.2647, 0.0, 0.5, 0.0, 4.2647, 0.5, 0.0, 0.0, 1.0]], ["frame1_mirror.png", [0.9837263226509094, 0.1795417219400406, 0.006867212243378162, -0.012924459771986724, 0.179511159658432, -0.9837440252304077, 0.0048398422077298164, 0.007950444498451639, 0.007624533027410507, -0.0035283388569951057, -0.999964714050293, 2.6999573605469918, 0.0, 0.0, 0.0, 1.0, 4.2647, 0.0, 0.5, 0.0, 4.2647, 0.5, 0.0, 0.0, 1.0]], ["frame2.png", [0.9862017035484314, -0.16458410024642944, -0.017840854823589325, 0.04155661456248757, -0.16442447900772095, -0.986338198184967, 0.010081592947244644, -0.012613617308947913, -0.019256385043263435, -0.007009010761976242, -0.9997900128364563, 2.699650707859165, 0.0, 0.0, 0.0, 1.0, 4.2647, 0.0, 0.5, 0.0, 4.2647, 0.5, 0.0, 0.0, 1.0]], ["frame2_mirror.png", [0.9862017035484314, 0.16458410024642944, 0.017840854823589325, -0.04155661456248757, 0.16442447900772095, -0.986338198184967, 0.010081592947244644, -0.012613617308947913, 0.019256385043263435, -0.007009010761976242, -0.9997900128364563, 2.699650707859165, 0.0, 0.0, 0.0, 1.0, 4.2647, 0.0, 0.5, 0.0, 4.2647, 0.5, 0.0, 0.0, 1.0]], ["frame3.png", [0.9869141578674316, -0.15877608954906464, -0.02811688557267189, 0.06395201497605306, -0.1590656340122223, -0.9872325658798218, -0.008365307934582233, 0.0326831883325917, -0.02642969600856304, 0.012728272005915642, -0.9995696544647217, 2.699044636344668, 0.0, 0.0, 0.0, 1.0, 4.2647, 0.0, 0.5, 0.0, 4.2647, 0.5, 0.0, 0.0, 1.0]], ["frame3_mirror.png", [0.9869141578674316, 0.15877608954906464, 0.02811688557267189, -0.06395201497605306, 0.1590656340122223, -0.9872325658798218, -0.008365307934582233, 0.0326831883325917, 0.02642969600856304, 0.012728272005915642, -0.9995696544647217, 2.699044636344668, 0.0, 0.0, 0.0, 1.0, 4.2647, 0.0, 0.5, 0.0, 4.2647, 0.5, 0.0, 0.0, 1.0]], ["frame4.png", [0.9929068088531494, -0.1136670634150505, -0.034867849200963974, 0.06361451147351008, -0.11568114161491394, -0.991315484046936, -0.06254086643457413, 0.1693491861228023, -0.02745620347559452, 0.06613080948591232, -0.9974331259727478, 2.693932821562099, 0.0, 0.0, 0.0, 1.0, 4.2647, 0.0, 0.5, 0.0, 4.2647, 0.5, 0.0, 0.0, 1.0]], ["frame4_mirror.png", [0.9929068088531494, 0.1136670634150505, 0.034867849200963974, -0.06361451147351008, 0.11568114161491394, -0.991315484046936, -0.06254086643457413, 0.1693491861228023, 0.02745620347559452, 0.06613080948591232, -0.9974331259727478, 2.693932821562099, 0.0, 0.0, 0.0, 1.0, 4.2647, 0.0, 0.5, 0.0, 4.2647, 0.5, 0.0, 0.0, 1.0]]]}