{"labels": [["frame0.png", [0.7831375598907471, 0.05260222777724266, -0.6196196675300598, 1.5858464397962224, 0.08691998571157455, -0.995893657207489, 0.02531244046986103, -0.05772440692201748, -0.6157438158988953, -0.07368046045303345, -0.7844939231872559, 2.184435616407851, 0.0, 0.0, 0.0, 1.0, 4.2647, 0.0, 0.5, 0.0, 4.2647, 0.5, 0.0, 0.0, 1.0]], ["frame0_mirror.png", [0.7831375598907471, -0.05260222777724266, 0.6196196675300598, -1.5858464397962224, -0.08691998571157455, -0.995893657207489, 0.02531244046986103, -0.05772440692201748, 0.6157438158988953, -0.07368046045303345, -0.7844939231872559, 2.184435616407851, 0.0, 0.0, 0.0, 1.0, 4.2647, 0.0, 0.5, 0.0, 4.2647, 0.5, 0.0, 0.0, 1.0]], ["frame1.png", [0.5877395868301392, 0.046134330332279205, -0.8077337741851807, 2.0865583637681353, -0.039939090609550476, -0.9955011606216431, -0.08592010289430618, 0.21139343867311325, -0.808063805103302, 0.08275878429412842, -0.5832529067993164, 1.7004667031950962, 0.0, 0.0, 0.0, 1.0, 4.2647, 0.0, 0.5, 0.0, 4.2647, 0.5, 0.0, 0.0, 1.0]], ["frame1_mirror.png", [0.5877395868301392, -0.046134330332279205, 0.8077337741851807, -2.0865583637681353, 0.039939090609550476, -0.9955011606216431, -0.08592010289430618, 0.21139343867311325, 0.808063805103302, 0.08275878429412842, -0.5832529067993164, 1.7004667031950962, 0.0, 0.0, 0.0, 1.0, 4.2647, 0.0, 0.5, 0.0, 4.2647, 0.5, 0.0, 0.0, 1.0]], ["frame10.png", [0.8520123362541199, 0.13087837398052216, -0.5068982243537903, 1.2911560825304766, 0.10008731484413147, -0.9911088347434998, -0.08766864985227585, 0.21835230982810705, -0.5138652324676514, 0.023960687220096588, -0.857536256313324, 2.3611942400694788, 0.0, 0.0, 0.0, 1.0, 4.2647, 0.0, 0.5, 0.0, 4.2647, 0.5, 0.0, 0.0, 1.0]], ["frame10_mirror.png", [0.8520123362541199, -0.13087837398052216, 0.5068982243537903, -1.2911560825304766, -0.10008731484413147, -0.9911088347434998, -0.08766864985227585, 0.21835230982810705, 0.5138652324676514, 0.023960687220096588, -0.857536256313324, 2.3611942400694788, 0.0, 0.0, 0.0, 1.0, 4.2647, 0.0, 0.5, 0.0, 4.2647, 0.5, 0.0, 0.0, 1.0]], ["frame11.png", [0.7828473448753357, 0.13041864335536957, -0.6083921790122986, 1.557154623490395, 0.04188302159309387, -0.9866138100624084, -0.1576036512851715, 0.3913876178208627, -0.620802640914917, 0.09789829701185226, -0.7778303623199463, 2.1707337955537054, 0.0, 0.0, 0.0, 1.0, 4.2647, 0.0, 0.5, 0.0, 4.2647, 0.5, 0.0, 0.0, 1.0]], ["frame11_mirror.png", [0.7828473448753357, -0.13041864335536957, 0.6083921790122986, -1.557154623490395, -0.04188302159309387, -0.9866138100624084, -0.1576036512851715, 0.3913876178208627, 0.620802640914917, 0.09789829701185226, -0.7778303623199463, 2.1707337955537054, 0.0, 0.0, 0.0, 1.0, 4.2647, 0.0, 0.5, 0.0, 4.2647, 0.5, 0.0, 0.0, 1.0]], ["frame12.png", [0.9650532603263855, 0.1555199772119522, -0.2109161615371704, 0.5425527182298523, 0.09063763916492462, -0.9532750844955444, -0.28818637132644653, 0.7311762983839626, -0.2458798587322235, 0.2589982748031616, -0.9340572357177734, 2.5418532153967752, 0.0, 0.0, 0.0, 1.0, 4.2647, 0.0, 0.5, 0.0, 4.2647, 0.5, 0.0, 0.0, 1.0]], ["frame12_mirror.png", [0.9650532603263855, -0.1555199772119522, 0.2109161615371704, -0.5425527182298523, -0.09063763916492462, -0.9532750844955444, -0.28818637132644653, 0.7311762983839626, 0.2458798587322235, 0.2589982748031616, -0.9340572357177734, 2.5418532153967752, 0.0, 0.0, 0.0, 1.0, 4.2647, 0.0, 0.5, 0.0, 4.2647, 0.5, 0.0, 0.0, 1.0]], ["frame2.png", [0.6701858639717102, 0.10817321389913559, -0.7342680096626282, 1.8997634460378177, -0.01614972949028015, -0.986962080001831, -0.16014069318771362, 0.40158503273147733, -0.7420176267623901, 0.11918225884437561, -0.6597010493278503, 1.8760672457522878, 0.0, 0.0, 0.0, 1.0, 4.2647, 0.0, 0.5, 0.0, 4.2647, 0.5, 0.0, 0.0, 1.0]], ["frame2_mirror.png", [0.6701858639717102, -0.10817321389913559, 0.7342680096626282, -1.8997634460378177, 0.01614972949028015, -0.986962080001831, -0.16014069318771362, 0.40158503273147733, 0.7420176267623901, 0.11918225884437561, -0.6597010493278503, 1.8760672457522878, 0.0, 0.0, 0.0, 1.0, 4.2647, 0.0, 0.5, 0.0, 4.2647, 0.5, 0.0, 0.0, 1.0]], ["frame3.png", [0.5555546879768372, 0.1047755554318428, -0.8248521089553833, 2.1450015921688497, -0.017582669854164124, -0.9903267025947571, -0.13763698935508728, 0.3370626383983109, -0.831294059753418, 0.09096798300743103, -0.5483384132385254, 1.6047918704271495, 0.0, 0.0, 0.0, 1.0, 4.2647, 0.0, 0.5, 0.0, 4.2647, 0.5, 0.0, 0.0, 1.0]], ["frame3_mirror.png", [0.5555546879768372, -0.1047755554318428, 0.8248521089553833, -2.1450015921688497, 0.017582669854164124, -0.9903267025947571, -0.13763698935508728, 0.3370626383983109, 0.831294059753418, 0.09096798300743103, -0.5483384132385254, 1.6047918704271495, 0.0, 0.0, 0.0, 1.0, 4.2647, 0.0, 0.5, 0.0, 4.2647, 0.5, 0.0, 0.0, 1.0]], ["frame4.png", [0.604875922203064, 0.06221921369433403, -0.7938852906227112, 2.0568122784492653, 0.021235689520835876, -0.997848629951477, -0.06202457845211029, 0.14597036136826877, -0.796036422252655, 0.020658470690250397, -0.6048958897590637, 1.7430478779489562, 0.0, 0.0, 0.0, 1.0, 4.2647, 0.0, 0.5, 0.0, 4.2647, 0.5, 0.0, 0.0, 1.0]], ["frame4_mirror.png", [0.604875922203064, -0.06221921369433403, 0.7938852906227112, -2.0568122784492653, -0.021235689520835876, -0.997848629951477, -0.06202457845211029, 0.14597036136826877, 0.796036422252655, 0.020658470690250397, -0.6048958897590637, 1.7430478779489562, 0.0, 0.0, 0.0, 1.0, 4.2647, 0.0, 0.5, 0.0, 4.2647, 0.5, 0.0, 0.0, 1.0]], ["frame5.png", [0.5919930338859558, 0.0009625380043871701, -0.8059424757957458, 2.093132468412828, -0.22201597690582275, -0.9611132144927979, -0.16422638297080994, 0.4242162951569377, -0.7747600078582764, 0.27615299820899963, -0.5687586069107056, 1.6519191882774853, 0.0, 0.0, 0.0, 1.0, 4.2647, 0.0, 0.5, 0.0, 4.2647, 0.5, 0.0, 0.0, 1.0]], ["frame5_mirror.png", [0.5919930338859558, -0.0009625380043871701, 0.8059424757957458, -2.093132468412828, 0.22201597690582275, -0.9611132144927979, -0.16422638297080994, 0.4242162951569377, 0.7747600078582764, 0.27615299820899963, -0.5687586069107056, 1.6519191882774853, 0.0, 0.0, 0.0, 1.0, 4.2647, 0.0, 0.5, 0.0, 4.2647, 0.5, 0.0, 0.0, 1.0]], ["frame6.png", [0.727978527545929, 0.04936208948493004, -0.6838206052780151, 1.7555698678937115, -0.019394390285015106, -0.9955229163169861, -0.09250933676958084, 0.2402046917264062, -0.685325562953949, 0.0806070938706398, -0.723762035369873, 2.0372226547474583, 0.0, 0.0, 0.0, 1.0, 4.2647, 0.0, 0.5, 0.0, 4.2647, 0.5, 0.0, 0.0, 1.0]], ["frame6_mirror.png", [0.727978527545929, -0.04936208948493004, 0.6838206052780151, -1.7555698678937115, 0.019394390285015106, -0.9955229163169861, -0.09250933676958084, 0.2402046917264062, 0.685325562953949, 0.0806070938706398, -0.723762035369873, 2.0372226547474583, 0.0, 0.0, 0.0, 1.0, 4.2647, 0.0, 0.5, 0.0, 4.2647, 0.5, 0.0, 0.0, 1.0]], ["frame7.png", [0.9690208435058594, 0.013105788268148899, -0.24663099646568298, 0.6235555970721386, 0.014822795987129211, -0.9998770952224731, 0.0051064989529550076, -0.01255021311554193, -0.24653376638889313, -0.008604064583778381, -0.9690960049629211, 2.626979426929485, 0.0, 0.0, 0.0, 1.0, 4.2647, 0.0, 0.5, 0.0, 4.2647, 0.5, 0.0, 0.0, 1.0]], ["frame7_mirror.png", [0.9690208435058594, -0.013105788268148899, 0.24663099646568298, -0.6235555970721386, -0.014822795987129211, -0.9998770952224731, 0.0051064989529550076, -0.01255021311554193, 0.24653376638889313, -0.008604064583778381, -0.9690960049629211, 2.626979426929485, 0.0, 0.0, 0.0, 1.0, 4.2647, 0.0, 0.5, 0.0, 4.2647, 0.5, 0.0, 0.0, 1.0]], ["frame8.png", [0.964803159236908, 0.035372477024793625, -0.26058343052864075, 0.6626355472766858, -0.007353231310844421, -0.9868960380554199, -0.1611897349357605, 0.4051152407211076, -0.2628704309463501, 0.15743249654769897, -0.9519003033638, 2.5858839442675703, 0.0, 0.0, 0.0, 1.0, 4.2647, 0.0, 0.5, 0.0, 4.2647, 0.5, 0.0, 0.0, 1.0]], ["frame8_mirror.png", [0.964803159236908, -0.035372477024793625, 0.26058343052864075, -0.6626355472766858, 0.007353231310844421, -0.9868960380554199, -0.1611897349357605, 0.4051152407211076, 0.2628704309463501, 0.15743249654769897, -0.9519003033638, 2.5858839442675703, 0.0, 0.0, 0.0, 1.0, 4.2647, 0.0, 0.5, 0.0, 4.2647, 0.5, 0.0, 0.0, 1.0]], ["frame9.png", [0.7806136608123779, 0.07813804596662521, -0.620110273361206, 1.593290195981686, 0.0007177442312240601, -0.9922658801078796, -0.12412863969802856, 0.31606981421821306, -0.6250133514404297, 0.09645143151283264, -0.7746323943138123, 2.1567397209512107, 0.0, 0.0, 0.0, 1.0, 4.2647, 0.0, 0.5, 0.0, 4.2647, 0.5, 0.0, 0.0, 1.0]], ["frame9_mirror.png", [0.7806136608123779, -0.07813804596662521, 0.620110273361206, -1.593290195981686, -0.0007177442312240601, -0.9922658801078796, -0.12412863969802856, 0.31606981421821306, 0.6250133514404297, 0.09645143151283264, -0.7746323943138123, 2.1567397209512107, 0.0, 0.0, 0.0, 1.0, 4.2647, 0.0, 0.5, 0.0, 4.2647, 0.5, 0.0, 0.0, 1.0]]]}