{"labels": [["frame0.png", [0.815825343132019, 0.03605737164616585, -0.5771732330322266, 1.4832098402989002, 0.004659384489059448, -0.9984316825866699, -0.05578841641545296, 0.1523832909634638, -0.5782796740531921, 0.04282432422041893, -0.8147139549255371, 2.250970435673391, 0.0, 0.0, 0.0, 1.0, 4.2647, 0.0, 0.5, 0.0, 4.2647, 0.5, 0.0, 0.0, 1.0]], ["frame0_mirror.png", [0.815825343132019, -0.03605737164616585, 0.5771732330322266, -1.4832098402989002, -0.004659384489059448, -0.9984316825866699, -0.05578841641545296, 0.1523832909634638, 0.5782796740531921, 0.04282432422041893, -0.8147139549255371, 2.250970435673391, 0.0, 0.0, 0.0, 1.0, 4.2647, 0.0, 0.5, 0.0, 4.2647, 0.5, 0.0, 0.0, 1.0]], ["frame1.png", [0.8351117372512817, 0.023914897814393044, -0.5495601892471313, 1.4033207531134348, 0.01249183900654316, -0.9996213316917419, -0.024517349898815155, 0.07519646924297417, -0.549938440322876, 0.013609711080789566, -0.8350942730903625, 2.3054362612951445, 0.0, 0.0, 0.0, 1.0, 4.2647, 0.0, 0.5, 0.0, 4.2647, 0.5, 0.0, 0.0, 1.0]], ["frame1_mirror.png", [0.8351117372512817, -0.023914897814393044, 0.5495601892471313, -1.4033207531134348, -0.01249183900654316, -0.9996213316917419, -0.024517349898815155, 0.07519646924297417, 0.549938440322876, 0.013609711080789566, -0.8350942730903625, 2.3054362612951445, 0.0, 0.0, 0.0, 1.0, 4.2647, 0.0, 0.5, 0.0, 4.2647, 0.5, 0.0, 0.0, 1.0]], ["frame2.png", [0.7897632718086243, 0.029991311952471733, -0.6126781702041626, 1.5776739532929167, -0.009496048092842102, -0.9980865716934204, -0.061098236590623856, 0.1603669845136234, -0.6133382320404053, 0.05407116562128067, -0.7879672646522522, 2.1852293534956706, 0.0, 0.0, 0.0, 1.0, 4.2647, 0.0, 0.5, 0.0, 4.2647, 0.5, 0.0, 0.0, 1.0]], ["frame2_mirror.png", [0.7897632718086243, -0.029991311952471733, 0.6126781702041626, -1.5776739532929167, 0.009496048092842102, -0.9980865716934204, -0.061098236590623856, 0.1603669845136234, 0.6133382320404053, 0.05407116562128067, -0.7879672646522522, 2.1852293534956706, 0.0, 0.0, 0.0, 1.0, 4.2647, 0.0, 0.5, 0.0, 4.2647, 0.5, 0.0, 0.0, 1.0]], ["frame3.png", [0.7955233454704285, 0.024662865325808525, -0.605420708656311, 1.5582271092887758, -0.026937713846564293, -0.9967438578605652, -0.07600028067827225, 0.20440663940803827, -0.6053237318992615, 0.0767686516046524, -0.792268693447113, 2.1954831362694316, 0.0, 0.0, 0.0, 1.0, 4.2647, 0.0, 0.5, 0.0, 4.2647, 0.5, 0.0, 0.0, 1.0]], ["frame3_mirror.png", [0.7955233454704285, -0.024662865325808525, 0.605420708656311, -1.5582271092887758, 0.026937713846564293, -0.9967438578605652, -0.07600028067827225, 0.20440663940803827, 0.6053237318992615, 0.0767686516046524, -0.792268693447113, 2.1954831362694316, 0.0, 0.0, 0.0, 1.0, 4.2647, 0.0, 0.5, 0.0, 4.2647, 0.5, 0.0, 0.0, 1.0]], ["frame4.png", [0.8142203688621521, 0.04970360919833183, -0.5784244537353516, 1.4812081398669297, -0.013327490538358688, -0.9944655895233154, -0.10421419143676758, 0.27742921200724024, -0.5804030299186707, 0.09256225824356079, -0.8090516924858093, 2.240324860085473, 0.0, 0.0, 0.0, 1.0, 4.2647, 0.0, 0.5, 0.0, 4.2647, 0.5, 0.0, 0.0, 1.0]], ["frame4_mirror.png", [0.8142203688621521, -0.04970360919833183, 0.5784244537353516, -1.4812081398669297, 0.013327490538358688, -0.9944655895233154, -0.10421419143676758, 0.27742921200724024, 0.5804030299186707, 0.09256225824356079, -0.8090516924858093, 2.240324860085473, 0.0, 0.0, 0.0, 1.0, 4.2647, 0.0, 0.5, 0.0, 4.2647, 0.5, 0.0, 0.0, 1.0]]]}