{"labels": [["frame0.png", [0.9966397881507874, -0.06379276514053345, -0.05137661099433899, 0.12965083992162044, -0.0678771361708641, -0.9943076968193054, -0.08212713897228241, 0.2150721259247319, -0.045845042914152145, 0.08533847332000732, -0.9952967166900635, 2.6882958617603525, 0.0, 0.0, 0.0, 1.0, 4.2647, 0.0, 0.5, 0.0, 4.2647, 0.5, 0.0, 0.0, 1.0]], ["frame0_mirror.png", [0.9966397881507874, 0.06379276514053345, 0.05137661099433899, -0.12965083992162044, 0.0678771361708641, -0.9943076968193054, -0.08212713897228241, 0.2150721259247319, 0.045845042914152145, 0.08533847332000732, -0.9952967166900635, 2.6882958617603525, 0.0, 0.0, 0.0, 1.0, 4.2647, 0.0, 0.5, 0.0, 4.2647, 0.5, 0.0, 0.0, 1.0]], ["frame1.png", [0.7618251442909241, 0.15047863125801086, -0.6300624012947083, 1.6201406412976418, 0.16047264635562897, -0.9861676096916199, -0.04149599373340607, 0.09940051025388143, -0.6275913715362549, -0.06949508190155029, -0.7754349708557129, 2.1576060439702456, 0.0, 0.0, 0.0, 1.0, 4.2647, 0.0, 0.5, 0.0, 4.2647, 0.5, 0.0, 0.0, 1.0]], ["frame1_mirror.png", [0.7618251442909241, -0.15047863125801086, 0.6300624012947083, -1.6201406412976418, -0.16047264635562897, -0.9861676096916199, -0.04149599373340607, 0.09940051025388143, 0.6275913715362549, -0.06949508190155029, -0.7754349708557129, 2.1576060439702456, 0.0, 0.0, 0.0, 1.0, 4.2647, 0.0, 0.5, 0.0, 4.2647, 0.5, 0.0, 0.0, 1.0]], ["frame2.png", [0.9962021112442017, -0.03248055279254913, -0.08078623563051224, 0.20593981200857248, -0.039702486246824265, -0.9951988458633423, -0.08945945650339127, 0.2321445308874127, -0.07749268412590027, 0.09232711046934128, -0.992708683013916, 2.6821069536110853, 0.0, 0.0, 0.0, 1.0, 4.2647, 0.0, 0.5, 0.0, 4.2647, 0.5, 0.0, 0.0, 1.0]], ["frame2_mirror.png", [0.9962021112442017, 0.03248055279254913, 0.08078623563051224, -0.20593981200857248, 0.039702486246824265, -0.9951988458633423, -0.08945945650339127, 0.2321445308874127, 0.07749268412590027, 0.09232711046934128, -0.992708683013916, 2.6821069536110853, 0.0, 0.0, 0.0, 1.0, 4.2647, 0.0, 0.5, 0.0, 4.2647, 0.5, 0.0, 0.0, 1.0]], ["frame3.png", [0.9980323910713196, -0.02935662865638733, -0.05540284886956215, 0.14175935190278932, -0.035532690584659576, -0.9928445219993591, -0.11400514096021652, 0.28996560981479796, -0.051659610122442245, 0.11574944853782654, -0.9919341206550598, 2.680638772992891, 0.0, 0.0, 0.0, 1.0, 4.2647, 0.0, 0.5, 0.0, 4.2647, 0.5, 0.0, 0.0, 1.0]], ["frame3_mirror.png", [0.9980323910713196, 0.02935662865638733, 0.05540284886956215, -0.14175935190278932, 0.035532690584659576, -0.9928445219993591, -0.11400514096021652, 0.28996560981479796, 0.051659610122442245, 0.11574944853782654, -0.9919341206550598, 2.680638772992891, 0.0, 0.0, 0.0, 1.0, 4.2647, 0.0, 0.5, 0.0, 4.2647, 0.5, 0.0, 0.0, 1.0]], ["frame4.png", [0.9963531494140625, -0.0019331155344843864, -0.08530374616384506, 0.21618004534183993, -0.010547226294875145, -0.9948663115501404, -0.10064704716205597, 0.25992163706666727, -0.0846712589263916, 0.10117971897125244, -0.9912585020065308, 2.6787510019747236, 0.0, 0.0, 0.0, 1.0, 4.2647, 0.0, 0.5, 0.0, 4.2647, 0.5, 0.0, 0.0, 1.0]], ["frame4_mirror.png", [0.9963531494140625, 0.0019331155344843864, 0.08530374616384506, -0.21618004534183993, 0.010547226294875145, -0.9948663115501404, -0.10064704716205597, 0.25992163706666727, 0.0846712589263916, 0.10117971897125244, -0.9912585020065308, 2.6787510019747236, 0.0, 0.0, 0.0, 1.0, 4.2647, 0.0, 0.5, 0.0, 4.2647, 0.5, 0.0, 0.0, 1.0]], ["frame5.png", [0.9926903247833252, -0.02113204076886177, -0.11882499605417252, 0.30066532988330824, -0.027100177481770515, -0.9984390735626221, -0.04883675277233124, 0.11618365290556995, -0.1176074966788292, 0.05169995129108429, -0.9917134642601013, 2.6806905301066886, 0.0, 0.0, 0.0, 1.0, 4.2647, 0.0, 0.5, 0.0, 4.2647, 0.5, 0.0, 0.0, 1.0]], ["frame5_mirror.png", [0.9926903247833252, 0.02113204076886177, 0.11882499605417252, -0.30066532988330824, 0.027100177481770515, -0.9984390735626221, -0.04883675277233124, 0.11618365290556995, 0.1176074966788292, 0.05169995129108429, -0.9917134642601013, 2.6806905301066886, 0.0, 0.0, 0.0, 1.0, 4.2647, 0.0, 0.5, 0.0, 4.2647, 0.5, 0.0, 0.0, 1.0]], ["frame6.png", [0.9933891892433167, 0.00952153094112873, 0.11439913511276245, -0.2911967830473017, 0.023026831448078156, -0.9928270578384399, -0.11732059717178345, 0.3006353712322223, 0.11246148496866226, 0.11917927116155624, -0.9864829778671265, 2.667362518876459, 0.0, 0.0, 0.0, 1.0, 4.2647, 0.0, 0.5, 0.0, 4.2647, 0.5, 0.0, 0.0, 1.0]], ["frame6_mirror.png", [0.9933891892433167, -0.00952153094112873, -0.11439913511276245, 0.2911967830473017, -0.023026831448078156, -0.9928270578384399, -0.11732059717178345, 0.3006353712322223, -0.11246148496866226, 0.11917927116155624, -0.9864829778671265, 2.667362518876459, 0.0, 0.0, 0.0, 1.0, 4.2647, 0.0, 0.5, 0.0, 4.2647, 0.5, 0.0, 0.0, 1.0]], ["frame7.png", [0.9915885329246521, 0.02908838540315628, 0.1261194795370102, -0.32012795722289245, 0.05372774973511696, -0.979005753993988, -0.1966240406036377, 0.5057951531528362, 0.11775222420692444, 0.20174625515937805, -0.9723337292671204, 2.6328101629345397, 0.0, 0.0, 0.0, 1.0, 4.2647, 0.0, 0.5, 0.0, 4.2647, 0.5, 0.0, 0.0, 1.0]], ["frame7_mirror.png", [0.9915885329246521, -0.02908838540315628, -0.1261194795370102, 0.32012795722289245, -0.05372774973511696, -0.979005753993988, -0.1966240406036377, 0.5057951531528362, -0.11775222420692444, 0.20174625515937805, -0.9723337292671204, 2.6328101629345397, 0.0, 0.0, 0.0, 1.0, 4.2647, 0.0, 0.5, 0.0, 4.2647, 0.5, 0.0, 0.0, 1.0]]]}