{"frame0.png": {"intrinsics": [[2985.29, 0.0, 512.0], [0.0, 2985.29, 512.0], [0.0, 0.0, 1.0]], "pose": [[0.9870728850364685, 0.12843497097492218, -0.09587210416793823, 0.24896538257598877], [0.11002445966005325, -0.9779759049415588, -0.17736294865608215, 0.46919116377830505], [-0.11654021590948105, 0.16452188789844513, -0.979464590549469, 2.7267205715179443], [0.0, 0.0, 0.0, 1.0]]}, "frame1.png": {"intrinsics": [[2985.29, 0.0, 512.0], [0.0, 2985.29, 512.0], [0.0, 0.0, 1.0]], "pose": [[0.9868869185447693, 0.12764306366443634, -0.09880026429891586, 0.27188244462013245], [0.10524897277355194, -0.9729442596435547, -0.20567506551742554, 0.5781475305557251], [-0.12238014489412308, 0.19257940351963043, -0.9736201763153076, 2.8790459632873535], [0.0, 0.0, 0.0, 1.0]]}, "frame10.png": {"intrinsics": [[2985.29, 0.0, 512.0], [0.0, 2985.29, 512.0], [0.0, 0.0, 1.0]], "pose": [[0.9903368949890137, 0.08829598128795624, -0.10694196075201035, 0.2972780764102936], [0.07250647991895676, -0.9869963526725769, -0.14346066117286682, 0.40605369210243225], [-0.1182183250784874, 0.13432040810585022, -0.983860969543457, 2.921424150466919], [0.0, 0.0, 0.0, 1.0]]}, "frame11.png": {"intrinsics": [[2985.29, 0.0, 512.0], [0.0, 2985.29, 512.0], [0.0, 0.0, 1.0]], "pose": [[0.9904444813728333, 0.08709316700696945, -0.10693280398845673, 0.2979259788990021], [0.06857161223888397, -0.9837253093719482, -0.1660798192024231, 0.47839242219924927], [-0.11965692043304443, 0.15716028213500977, -0.9802973866462708, 2.9129414558410645], [0.0, 0.0, 0.0, 1.0]]}, "frame12.png": {"intrinsics": [[2985.29, 0.0, 512.0], [0.0, 2985.29, 512.0], [0.0, 0.0, 1.0]], "pose": [[0.9874826073646545, 0.08746694773435593, -0.1312541663646698, 0.33899977803230286], [0.06725945323705673, -0.9862146377563477, -0.15118485689163208, 0.3975980579853058], [-0.1426684558391571, 0.14046432077884674, -0.979752779006958, 2.727508544921875], [0.0, 0.0, 0.0, 1.0]]}, "frame13.png": {"intrinsics": [[2985.29, 0.0, 512.0], [0.0, 2985.29, 512.0], [0.0, 0.0, 1.0]], "pose": [[0.9884143471717834, 0.07130084931850433, -0.13398979604244232, 0.3488045632839203], [0.05325152724981308, -0.9895810484886169, -0.13376691937446594, 0.35377660393714905], [-0.14213144779205322, 0.12508197128772736, -0.9819130301475525, 2.756190776824951], [0.0, 0.0, 0.0, 1.0]]}, "frame14.png": {"intrinsics": [[2985.29, 0.0, 512.0], [0.0, 2985.29, 512.0], [0.0, 0.0, 1.0]], "pose": [[0.9928147792816162, 0.07504776120185852, -0.09320217370986938, 0.2564254701137543], [0.05715712159872055, -0.9817044734954834, -0.1816297173500061, 0.5105939507484436], [-0.10512788593769073, 0.1749974936246872, -0.9789401888847351, 2.896432399749756], [0.0, 0.0, 0.0, 1.0]]}, "frame15.png": {"intrinsics": [[2985.29, 0.0, 512.0], [0.0, 2985.29, 512.0], [0.0, 0.0, 1.0]], "pose": [[0.9915441274642944, 0.10119380056858063, -0.0812409371137619, 0.21195609867572784], [0.08214180916547775, -0.9740777015686035, -0.2107730209827423, 0.5624691843986511], [-0.10046390444040298, 0.20231746137142181, -0.9741532802581787, 2.764573812484741], [0.0, 0.0, 0.0, 1.0]]}, "frame16.png": {"intrinsics": [[2985.29, 0.0, 512.0], [0.0, 2985.29, 512.0], [0.0, 0.0, 1.0]], "pose": [[0.9903156757354736, 0.1114499568939209, -0.08278734236955643, 0.21419455111026764], [0.09215357899665833, -0.973684549331665, -0.20843729376792908, 0.5504519939422607], [-0.10383908450603485, 0.198789581656456, -0.9745256304740906, 2.7371811866760254], [0.0, 0.0, 0.0, 1.0]]}, "frame17.png": {"intrinsics": [[2985.29, 0.0, 512.0], [0.0, 2985.29, 512.0], [0.0, 0.0, 1.0]], "pose": [[0.991333544254303, 0.10271687805652618, -0.08189640939235687, 0.21365711092948914], [0.0818549394607544, -0.9705690741539001, -0.22648468613624573, 0.6099634766578674], [-0.10274992883205414, 0.2178182303905487, -0.9705656170845032, 2.761660099029541], [0.0, 0.0, 0.0, 1.0]]}, "frame18.png": {"intrinsics": [[2985.29, 0.0, 512.0], [0.0, 2985.29, 512.0], [0.0, 0.0, 1.0]], "pose": [[0.9919705986976624, 0.09745687991380692, -0.08060126006603241, 0.21345959603786469], [0.07597069442272186, -0.9687051177024841, -0.23630256950855255, 0.6407198905944824], [-0.10110817104578018, 0.22828185558319092, -0.9683308005332947, 2.7828593254089355], [0.0, 0.0, 0.0, 1.0]]}, "frame19.png": {"intrinsics": [[2985.29, 0.0, 512.0], [0.0, 2985.29, 512.0], [0.0, 0.0, 1.0]], "pose": [[0.9923169016838074, 0.08633740991353989, -0.08861639350652695, 0.2262406200170517], [0.06457890570163727, -0.9723924994468689, -0.2242373824119568, 0.5948947668075562], [-0.10552999377250671, 0.2167918086051941, -0.9704971313476562, 2.7105002403259277], [0.0, 0.0, 0.0, 1.0]]}, "frame2.png": {"intrinsics": [[2985.29, 0.0, 512.0], [0.0, 2985.29, 512.0], [0.0, 0.0, 1.0]], "pose": [[0.9846057295799255, 0.10917596518993378, -0.13649959862232208, 0.36609211564064026], [0.08518625795841217, -0.9816388487815857, -0.170670747756958, 0.47220173478126526], [-0.15262645483016968, 0.15641552209854126, -0.9758275151252747, 2.8344104290008545], [0.0, 0.0, 0.0, 1.0]]}, "frame20.png": {"intrinsics": [[2985.29, 0.0, 512.0], [0.0, 2985.29, 512.0], [0.0, 0.0, 1.0]], "pose": [[0.9926575422286987, 0.07638165354728699, -0.093791164457798, 0.24653421342372894], [0.054514992982149124, -0.9746927618980408, -0.21679998934268951, 0.587996244430542], [-0.10797710716724396, 0.2100951373577118, -0.9717000722885132, 2.7549967765808105], [0.0, 0.0, 0.0, 1.0]]}, "frame21.png": {"intrinsics": [[2985.29, 0.0, 512.0], [0.0, 2985.29, 512.0], [0.0, 0.0, 1.0]], "pose": [[0.9922350645065308, 0.0701478123664856, -0.10270749032497406, 0.27620571851730347], [0.046671777963638306, -0.97542804479599, -0.21531802415847778, 0.5920146107673645], [-0.11528786271810532, 0.20885255932807922, -0.9711278676986694, 2.78076171875], [0.0, 0.0, 0.0, 1.0]]}, "frame22.png": {"intrinsics": [[2985.29, 0.0, 512.0], [0.0, 2985.29, 512.0], [0.0, 0.0, 1.0]], "pose": [[0.9915134906768799, 0.07032085955142975, -0.10934290289878845, 0.28920936584472656], [0.04580885171890259, -0.9761150479316711, -0.21237000823020935, 0.5830974578857422], [-0.12166529148817062, 0.2055588662624359, -0.9710525870323181, 2.745415687561035], [0.0, 0.0, 0.0, 1.0]]}, "frame23.png": {"intrinsics": [[2985.29, 0.0, 512.0], [0.0, 2985.29, 512.0], [0.0, 0.0, 1.0]], "pose": [[0.9898615479469299, 0.08486670255661011, -0.11389350146055222, 0.3048231601715088], [0.057860635221004486, -0.9732516407966614, -0.22233614325523376, 0.6177965998649597], [-0.12971597909927368, 0.21349206566810608, -0.9682948589324951, 2.772104501724243], [0.0, 0.0, 0.0, 1.0]]}, "frame24.png": {"intrinsics": [[2985.29, 0.0, 512.0], [0.0, 2985.29, 512.0], [0.0, 0.0, 1.0]], "pose": [[0.9897285103797913, 0.08533883094787598, -0.11469369381666183, 0.30694806575775146], [0.058497004210948944, -0.9737958908081055, -0.21977189183235168, 0.6141535043716431], [-0.13044333457946777, 0.21080529689788818, -0.9687856435775757, 2.786679983139038], [0.0, 0.0, 0.0, 1.0]]}, "frame25.png": {"intrinsics": [[2985.29, 0.0, 512.0], [0.0, 2985.29, 512.0], [0.0, 0.0, 1.0]], "pose": [[0.9895623922348022, 0.07306455075740814, -0.12420884519815445, 0.32930925488471985], [0.0467059463262558, -0.978020966053009, -0.20320791006088257, 0.5528907775878906], [-0.1363261491060257, 0.1952856034040451, -0.971225380897522, 2.7454397678375244], [0.0, 0.0, 0.0, 1.0]]}, "frame26.png": {"intrinsics": [[2985.29, 0.0, 512.0], [0.0, 2985.29, 512.0], [0.0, 0.0, 1.0]], "pose": [[0.9877218008041382, 0.06818417459726334, -0.14055782556533813, 0.36981505155563354], [0.03863418847322464, -0.9783901572227478, -0.20312559604644775, 0.5301486849784851], [-0.1513703465461731, 0.19520123302936554, -0.9690116047859192, 2.720933198928833], [0.0, 0.0, 0.0, 1.0]]}, "frame27.png": {"intrinsics": [[2985.29, 0.0, 512.0], [0.0, 2985.29, 512.0], [0.0, 0.0, 1.0]], "pose": [[0.9900361895561218, 0.05283942446112633, -0.13052348792552948, 0.3496522605419159], [0.02510208450257778, -0.9783053398132324, -0.20564202964305878, 0.5659505128860474], [-0.13855783641338348, 0.2003166228532791, -0.9698840379714966, 2.7964892387390137], [0.0, 0.0, 0.0, 1.0]]}, "frame28.png": {"intrinsics": [[2985.29, 0.0, 512.0], [0.0, 2985.29, 512.0], [0.0, 0.0, 1.0]], "pose": [[0.9889996647834778, 0.061113808304071426, -0.13470254838466644, 0.3730534315109253], [0.030413391068577766, -0.9752165675163269, -0.21915224194526672, 0.6236361861228943], [-0.14475737512111664, 0.21264474093914032, -0.9663475751876831, 2.8963773250579834], [0.0, 0.0, 0.0, 1.0]]}, "frame29.png": {"intrinsics": [[2985.29, 0.0, 512.0], [0.0, 2985.29, 512.0], [0.0, 0.0, 1.0]], "pose": [[0.988843560218811, 0.07768450677394867, -0.12709635496139526, 0.3379024863243103], [0.05018381029367447, -0.9770987033843994, -0.2067839652299881, 0.5603249073028564], [-0.1402495950460434, 0.198098823428154, -0.9700962901115417, 2.765726327896118], [0.0, 0.0, 0.0, 1.0]]}, "frame3.png": {"intrinsics": [[2985.29, 0.0, 512.0], [0.0, 2985.29, 512.0], [0.0, 0.0, 1.0]], "pose": [[0.9874735474586487, 0.09492472559213638, -0.12603667378425598, 0.33167633414268494], [0.07866207510232925, -0.9886142015457153, -0.1282738894224167, 0.3478059470653534], [-0.13677802681922913, 0.1167527586221695, -0.9836973547935486, 2.761723279953003], [0.0, 0.0, 0.0, 1.0]]}, "frame30.png": {"intrinsics": [[2985.29, 0.0, 512.0], [0.0, 2985.29, 512.0], [0.0, 0.0, 1.0]], "pose": [[0.9887281060218811, 0.09443192929029465, -0.1161869615316391, 0.3005959689617157], [0.07013896107673645, -0.9777317047119141, -0.1977909654378891, 0.5209552049636841], [-0.1322774589061737, 0.18741226196289062, -0.9733341336250305, 2.702970027923584], [0.0, 0.0, 0.0, 1.0]]}, "frame31.png": {"intrinsics": [[2985.29, 0.0, 512.0], [0.0, 2985.29, 512.0], [0.0, 0.0, 1.0]], "pose": [[0.990561842918396, 0.09144823253154755, -0.10209968686103821, 0.2652452290058136], [0.06834586709737778, -0.9752235412597656, -0.21039894223213196, 0.5526724457740784], [-0.11881063133478165, 0.20143508911132812, -0.9722694158554077, 2.71333384513855], [0.0, 0.0, 0.0, 1.0]]}, "frame32.png": {"intrinsics": [[2985.29, 0.0, 512.0], [0.0, 2985.29, 512.0], [0.0, 0.0, 1.0]], "pose": [[0.9896830320358276, 0.09098215401172638, -0.11067842692136765, 0.290956050157547], [0.06829408556222916, -0.9786584377288818, -0.19381338357925415, 0.5084706544876099], [-0.1259499341249466, 0.18425513803958893, -0.9747751951217651, 2.7318437099456787], [0.0, 0.0, 0.0, 1.0]]}, "frame33.png": {"intrinsics": [[2985.29, 0.0, 512.0], [0.0, 2985.29, 512.0], [0.0, 0.0, 1.0]], "pose": [[0.9908611178398132, 0.08472524583339691, -0.10495640337467194, 0.29584240913391113], [0.060831211507320404, -0.9751754403114319, -0.2129141390323639, 0.6033645868301392], [-0.12039011716842651, 0.20458371937274933, -0.9714173674583435, 2.9000213146209717], [0.0, 0.0, 0.0, 1.0]]}, "frame34.png": {"intrinsics": [[2985.29, 0.0, 512.0], [0.0, 2985.29, 512.0], [0.0, 0.0, 1.0]], "pose": [[0.989327073097229, 0.08938378095626831, -0.11507590115070343, 0.3250804841518402], [0.0634499043226242, -0.9752094149589539, -0.21199223399162292, 0.5985190272331238], [-0.13117176294326782, 0.20242810249328613, -0.970472514629364, 2.907589912414551], [0.0, 0.0, 0.0, 1.0]]}, "frame35.png": {"intrinsics": [[2985.29, 0.0, 512.0], [0.0, 2985.29, 512.0], [0.0, 0.0, 1.0]], "pose": [[0.9889965057373047, 0.09337913244962692, -0.11474460363388062, 0.30147916078567505], [0.06956705451011658, -0.9780644178390503, -0.19634245336055756, 0.5351528525352478], [-0.13056190311908722, 0.18619954586029053, -0.973798394203186, 2.7520089149475098], [0.0, 0.0, 0.0, 1.0]]}, "frame36.png": {"intrinsics": [[2985.29, 0.0, 512.0], [0.0, 2985.29, 512.0], [0.0, 0.0, 1.0]], "pose": [[0.9893197417259216, 0.09180865436792374, -0.11321458965539932, 0.2979699671268463], [0.06822560727596283, -0.978040337562561, -0.19693244993686676, 0.5353266000747681], [-0.12880854308605194, 0.18710502982139587, -0.9738583564758301, 2.775193452835083], [0.0, 0.0, 0.0, 1.0]]}, "frame37.png": {"intrinsics": [[2985.29, 0.0, 512.0], [0.0, 2985.29, 512.0], [0.0, 0.0, 1.0]], "pose": [[0.9902775287628174, 0.08454441279172897, -0.1104653999209404, 0.2933700382709503], [0.06163744628429413, -0.9785841703414917, -0.19640220701694489, 0.5254411697387695], [-0.12470440566539764, 0.18768389523029327, -0.9742810726165771, 2.7553341388702393], [0.0, 0.0, 0.0, 1.0]]}, "frame38.png": {"intrinsics": [[2985.29, 0.0, 512.0], [0.0, 2985.29, 512.0], [0.0, 0.0, 1.0]], "pose": [[0.9901140928268433, 0.07829555124044418, -0.11637810617685318, 0.30844613909721375], [0.05277113616466522, -0.9766794443130493, -0.2081165611743927, 0.562712550163269], [-0.12995870411396027, 0.1999177485704422, -0.9711558222770691, 2.7668988704681396], [0.0, 0.0, 0.0, 1.0]]}, "frame39.png": {"intrinsics": [[2985.29, 0.0, 512.0], [0.0, 2985.29, 512.0], [0.0, 0.0, 1.0]], "pose": [[0.9909443855285645, 0.08096572756767273, -0.10711605101823807, 0.2819121181964874], [0.057170480489730835, -0.9762392640113831, -0.2090177983045578, 0.561052143573761], [-0.12149417400360107, 0.2010011225938797, -0.9720276594161987, 2.7443978786468506], [0.0, 0.0, 0.0, 1.0]]}, "frame4.png": {"intrinsics": [[2985.29, 0.0, 512.0], [0.0, 2985.29, 512.0], [0.0, 0.0, 1.0]], "pose": [[0.9876465201377869, 0.08956324309110641, -0.12857995927333832, 0.3346692621707916], [0.07101354002952576, -0.987282931804657, -0.14223040640354156, 0.38444018363952637], [-0.13968341052532196, 0.13134244084358215, -0.9814467430114746, 2.7567825317382812], [0.0, 0.0, 0.0, 1.0]]}, "frame40.png": {"intrinsics": [[2985.29, 0.0, 512.0], [0.0, 2985.29, 512.0], [0.0, 0.0, 1.0]], "pose": [[0.9916102886199951, 0.0821402445435524, -0.09981028735637665, 0.2625240981578827], [0.056984517723321915, -0.9708459377288818, -0.23283252120018005, 0.6281254291534424], [-0.11602532863616943, 0.22519148886203766, -0.967381477355957, 2.758875846862793], [0.0, 0.0, 0.0, 1.0]]}, "frame41.png": {"intrinsics": [[2985.29, 0.0, 512.0], [0.0, 2985.29, 512.0], [0.0, 0.0, 1.0]], "pose": [[0.9922208189964294, 0.07344285398721695, -0.10051904618740082, 0.26540452241897583], [0.04684946686029434, -0.9683709740638733, -0.24507711827754974, 0.6613646149635315], [-0.11533889174461365, 0.23846134543418884, -0.9642785787582397, 2.7422988414764404], [0.0, 0.0, 0.0, 1.0]]}, "frame42.png": {"intrinsics": [[2985.29, 0.0, 512.0], [0.0, 2985.29, 512.0], [0.0, 0.0, 1.0]], "pose": [[0.9920283555984497, 0.06905408948659897, -0.10541011393070221, 0.2786593735218048], [0.03967534005641937, -0.9651027917861938, -0.2588483691215515, 0.7039119601249695], [-0.1196061372756958, 0.252602756023407, -0.9601490497589111, 2.7536752223968506], [0.0, 0.0, 0.0, 1.0]]}, "frame43.png": {"intrinsics": [[2985.29, 0.0, 512.0], [0.0, 2985.29, 512.0], [0.0, 0.0, 1.0]], "pose": [[0.9933719635009766, 0.06242111697793007, -0.09651833772659302, 0.25755608081817627], [0.03623439371585846, -0.9669390320777893, -0.2524202764034271, 0.6903812289237976], [-0.10908370465040207, 0.24724991619586945, -0.962791919708252, 2.761385917663574], [0.0, 0.0, 0.0, 1.0]]}, "frame44.png": {"intrinsics": [[2985.29, 0.0, 512.0], [0.0, 2985.29, 512.0], [0.0, 0.0, 1.0]], "pose": [[0.9924906492233276, 0.06898349523544312, -0.10101315379142761, 0.2659723460674286], [0.042346157133579254, -0.9685105085372925, -0.24534501135349274, 0.6622186899185181], [-0.11475706100463867, 0.2392251044511795, -0.9641587734222412, 2.7297184467315674], [0.0, 0.0, 0.0, 1.0]]}, "frame45.png": {"intrinsics": [[2985.29, 0.0, 512.0], [0.0, 2985.29, 512.0], [0.0, 0.0, 1.0]], "pose": [[0.9916024804115295, 0.07757853716611862, -0.10346988588571548, 0.2724929749965668], [0.05094510316848755, -0.9697225093841553, -0.23883628845214844, 0.6415178775787354], [-0.11886564642190933, 0.2315593659877777, -0.965531587600708, 2.7282679080963135], [0.0, 0.0, 0.0, 1.0]]}, "frame46.png": {"intrinsics": [[2985.29, 0.0, 512.0], [0.0, 2985.29, 512.0], [0.0, 0.0, 1.0]], "pose": [[0.9907965660095215, 0.07158051431179047, -0.11488419026136398, 0.30214300751686096], [0.040885187685489655, -0.9673516750335693, -0.2501181960105896, 0.6753108501434326], [-0.12903699278831482, 0.24311921000480652, -0.9613752961158752, 2.7397825717926025], [0.0, 0.0, 0.0, 1.0]]}, "frame47.png": {"intrinsics": [[2985.29, 0.0, 512.0], [0.0, 2985.29, 512.0], [0.0, 0.0, 1.0]], "pose": [[0.9922232627868652, 0.06443266570568085, -0.10649590194225311, 0.282377153635025], [0.03453584015369415, -0.964509129524231, -0.2617811858654022, 0.7098249793052673], [-0.11958353221416473, 0.2560674548149109, -0.9592336416244507, 2.744814395904541], [0.0, 0.0, 0.0, 1.0]]}, "frame48.png": {"intrinsics": [[2985.29, 0.0, 512.0], [0.0, 2985.29, 512.0], [0.0, 0.0, 1.0]], "pose": [[0.9917621612548828, 0.0724596306681633, -0.10562862455844879, 0.2791340947151184], [0.04367085546255112, -0.9664892554283142, -0.2529650628566742, 0.6805382966995239], [-0.12041869014501572, 0.24626830220222473, -0.9616918563842773, 2.7479403018951416], [0.0, 0.0, 0.0, 1.0]]}, "frame49.png": {"intrinsics": [[2985.29, 0.0, 512.0], [0.0, 2985.29, 512.0], [0.0, 0.0, 1.0]], "pose": [[0.9916775226593018, 0.07353446632623672, -0.10568031668663025, 0.2781919836997986], [0.047743551433086395, -0.9723557829856873, -0.2285710573196411, 0.6180505156517029], [-0.11956672370433807, 0.2216232419013977, -0.9677742123603821, 2.7495381832122803], [0.0, 0.0, 0.0, 1.0]]}, "frame5.png": {"intrinsics": [[2985.29, 0.0, 512.0], [0.0, 2985.29, 512.0], [0.0, 0.0, 1.0]], "pose": [[0.9871373176574707, 0.0941670686006546, -0.12919898331165314, 0.3397982716560364], [0.07102938741445541, -0.9823106527328491, -0.17326422035694122, 0.4667360782623291], [-0.14322933554649353, 0.16185864806175232, -0.976364254951477, 2.764693260192871], [0.0, 0.0, 0.0, 1.0]]}, "frame6.png": {"intrinsics": [[2985.29, 0.0, 512.0], [0.0, 2985.29, 512.0], [0.0, 0.0, 1.0]], "pose": [[0.9880327582359314, 0.0958787277340889, -0.12082462757825851, 0.33514314889907837], [0.07345672696828842, -0.981285035610199, -0.17799939215183258, 0.5010130405426025], [-0.13562975823879242, 0.1669938564300537, -0.9765846729278564, 2.8987677097320557], [0.0, 0.0, 0.0, 1.0]]}, "frame7.png": {"intrinsics": [[2985.29, 0.0, 512.0], [0.0, 2985.29, 512.0], [0.0, 0.0, 1.0]], "pose": [[0.9862311482429504, 0.12188871949911118, -0.11176452785730362, 0.2923436462879181], [0.10152140259742737, -0.9797384142875671, -0.17264419794082642, 0.460356742143631], [-0.13054338097572327, 0.15892058610916138, -0.9786227941513062, 2.7583703994750977], [0.0, 0.0, 0.0, 1.0]]}, "frame8.png": {"intrinsics": [[2985.29, 0.0, 512.0], [0.0, 2985.29, 512.0], [0.0, 0.0, 1.0]], "pose": [[0.9887300729751587, 0.12311366200447083, -0.08518090099096298, 0.2235947996377945], [0.10667606443166733, -0.9785720109939575, -0.17611633241176605, 0.47220221161842346], [-0.10503797233104706, 0.16504475474357605, -0.9806768894195557, 2.781273603439331], [0.0, 0.0, 0.0, 1.0]]}, "frame9.png": {"intrinsics": [[2985.29, 0.0, 512.0], [0.0, 2985.29, 512.0], [0.0, 0.0, 1.0]], "pose": [[0.9886804819107056, 0.10853303968906403, -0.10359293967485428, 0.2751900255680084], [0.09371699392795563, -0.9859171509742737, -0.13850772380828857, 0.3682854473590851], [-0.11716672033071518, 0.12723146378993988, -0.9849284887313843, 2.820765733718872], [0.0, 0.0, 0.0, 1.0]]}}