{"labels": [["frame0.png", [0.7578527927398682, 0.2745741009712219, -0.5918346047401428, 1.5257999195737444, 0.2081504911184311, -0.961479902267456, -0.17952658236026764, 0.46751912955838953, -0.6183304190635681, 0.01286405324935913, -0.7858129739761353, 2.177925726218808, 0.0, 0.0, 0.0, 1.0, 4.2647, 0.0, 0.5, 0.0, 4.2647, 0.5, 0.0, 0.0, 1.0]], ["frame0_mirror.png", [0.7578527927398682, -0.2745741009712219, 0.5918346047401428, -1.5257999195737444, -0.2081504911184311, -0.961479902267456, -0.17952658236026764, 0.46751912955838953, 0.6183304190635681, 0.01286405324935913, -0.7858129739761353, 2.177925726218808, 0.0, 0.0, 0.0, 1.0, 4.2647, 0.0, 0.5, 0.0, 4.2647, 0.5, 0.0, 0.0, 1.0]], ["frame1.png", [0.7206431031227112, 0.2922975420951843, -0.6286777257919312, 1.619690487072168, 0.19342917203903198, -0.95554119348526, -0.22254478931427002, 0.572181119860504, -0.665776789188385, 0.03877076506614685, -0.7451430559158325, 2.083077409066476, 0.0, 0.0, 0.0, 1.0, 4.2647, 0.0, 0.5, 0.0, 4.2647, 0.5, 0.0, 0.0, 1.0]], ["frame1_mirror.png", [0.7206431031227112, -0.2922975420951843, 0.6286777257919312, -1.619690487072168, -0.19342917203903198, -0.95554119348526, -0.22254478931427002, 0.572181119860504, 0.665776789188385, 0.03877076506614685, -0.7451430559158325, 2.083077409066476, 0.0, 0.0, 0.0, 1.0, 4.2647, 0.0, 0.5, 0.0, 4.2647, 0.5, 0.0, 0.0, 1.0]], ["frame2.png", [0.6906977295875549, 0.30079156160354614, -0.6576177477836609, 1.6984905458803274, 0.19282133877277374, -0.9530688524246216, -0.2334088683128357, 0.5912967036061202, -0.6969624161720276, 0.034412235021591187, -0.716281533241272, 2.0138267238915284, 0.0, 0.0, 0.0, 1.0, 4.2647, 0.0, 0.5, 0.0, 4.2647, 0.5, 0.0, 0.0, 1.0]], ["frame2_mirror.png", [0.6906977295875549, -0.30079156160354614, 0.6576177477836609, -1.6984905458803274, -0.19282133877277374, -0.9530688524246216, -0.2334088683128357, 0.5912967036061202, 0.6969624161720276, 0.034412235021591187, -0.716281533241272, 2.0138267238915284, 0.0, 0.0, 0.0, 1.0, 4.2647, 0.0, 0.5, 0.0, 4.2647, 0.5, 0.0, 0.0, 1.0]]]}