{"labels": [["frame0.png", [0.5898123979568481, 0.07044673711061478, 0.804461658000946, -2.096503104535711, 0.040560923516750336, -0.9975146055221558, 0.057614073157310486, -0.1546581268525654, 0.8065210580825806, -0.001351781189441681, -0.5912038683891296, 1.6943304271807738, 0.0, 0.0, 0.0, 1.0, 4.2647, 0.0, 0.5, 0.0, 4.2647, 0.5, 0.0, 0.0, 1.0]], ["frame0_mirror.png", [0.5898123979568481, -0.07044673711061478, -0.804461658000946, 2.096503104535711, -0.040560923516750336, -0.9975146055221558, 0.057614073157310486, -0.1546581268525654, -0.8065210580825806, -0.001351781189441681, -0.5912038683891296, 1.6943304271807738, 0.0, 0.0, 0.0, 1.0, 4.2647, 0.0, 0.5, 0.0, 4.2647, 0.5, 0.0, 0.0, 1.0]], ["frame1.png", [0.8187222480773926, 0.03026767261326313, 0.5733914971351624, -1.473715670032064, 0.06448371708393097, -0.9971391558647156, -0.03943757712841034, 0.11019053758139978, 0.5705574750900269, 0.06926283240318298, -0.818331778049469, 2.259650452908473, 0.0, 0.0, 0.0, 1.0, 4.2647, 0.0, 0.5, 0.0, 4.2647, 0.5, 0.0, 0.0, 1.0]], ["frame1_mirror.png", [0.8187222480773926, -0.03026767261326313, -0.5733914971351624, 1.473715670032064, -0.06448371708393097, -0.9971391558647156, -0.03943757712841034, 0.11019053758139978, -0.5705574750900269, 0.06926283240318298, -0.818331778049469, 2.259650452908473, 0.0, 0.0, 0.0, 1.0, 4.2647, 0.0, 0.5, 0.0, 4.2647, 0.5, 0.0, 0.0, 1.0]], ["frame2.png", [0.5558706521987915, -0.03665636479854584, 0.830460250377655, -2.16095330641582, 0.03086717426776886, -0.9974280595779419, -0.0646873190999031, 0.16880029624620577, 0.8306955695152283, 0.061591736972332, -0.5533095002174377, 1.609902875169099, 0.0, 0.0, 0.0, 1.0, 4.2647, 0.0, 0.5, 0.0, 4.2647, 0.5, 0.0, 0.0, 1.0]], ["frame2_mirror.png", [0.5558706521987915, 0.03665636479854584, -0.830460250377655, 2.16095330641582, -0.03086717426776886, -0.9974280595779419, -0.0646873190999031, 0.16880029624620577, -0.8306955695152283, 0.061591736972332, -0.5533095002174377, 1.609902875169099, 0.0, 0.0, 0.0, 1.0, 4.2647, 0.0, 0.5, 0.0, 4.2647, 0.5, 0.0, 0.0, 1.0]]]}