{"labels": [["frame0.png", [0.9159915447235107, 0.08614610135555267, 0.39183974266052246, -1.0034203197866705, 0.2091604322195053, -0.9359838962554932, -0.2831714451313019, 0.7291250779883307, 0.34236156940460205, 0.34134000539779663, -0.8753716945648193, 2.398233575465019, 0.0, 0.0, 0.0, 1.0, 4.2647, 0.0, 0.5, 0.0, 4.2647, 0.5, 0.0, 0.0, 1.0]], ["frame0_mirror.png", [0.9159915447235107, -0.08614610135555267, -0.39183974266052246, 1.0034203197866705, -0.2091604322195053, -0.9359838962554932, -0.2831714451313019, 0.7291250779883307, -0.34236156940460205, 0.34134000539779663, -0.8753716945648193, 2.398233575465019, 0.0, 0.0, 0.0, 1.0, 4.2647, 0.0, 0.5, 0.0, 4.2647, 0.5, 0.0, 0.0, 1.0]], ["frame1.png", [0.9129399657249451, 0.08318275958299637, 0.39952629804611206, -1.0212069048581547, 0.20277279615402222, -0.9420636892318726, -0.26720625162124634, 0.6879575696250833, 0.35415226221084595, 0.3249562978744507, -0.8769148588180542, 2.402883859004754, 0.0, 0.0, 0.0, 1.0, 4.2647, 0.0, 0.5, 0.0, 4.2647, 0.5, 0.0, 0.0, 1.0]], ["frame1_mirror.png", [0.9129399657249451, -0.08318275958299637, -0.39952629804611206, 1.0212069048581547, -0.20277279615402222, -0.9420636892318726, -0.26720625162124634, 0.6879575696250833, -0.35415226221084595, 0.3249562978744507, -0.8769148588180542, 2.402883859004754, 0.0, 0.0, 0.0, 1.0, 4.2647, 0.0, 0.5, 0.0, 4.2647, 0.5, 0.0, 0.0, 1.0]], ["frame2.png", [0.9080102443695068, 0.0885874405503273, 0.40947484970092773, -1.0493438409616358, 0.22843711078166962, -0.9240010976791382, -0.3066570460796356, 0.7917937899513147, 0.3511892557144165, 0.371986985206604, -0.8592391014099121, 2.3583765809620854, 0.0, 0.0, 0.0, 1.0, 4.2647, 0.0, 0.5, 0.0, 4.2647, 0.5, 0.0, 0.0, 1.0]], ["frame2_mirror.png", [0.9080102443695068, -0.0885874405503273, -0.40947484970092773, 1.0493438409616358, -0.22843711078166962, -0.9240010976791382, -0.3066570460796356, 0.7917937899513147, -0.3511892557144165, 0.371986985206604, -0.8592391014099121, 2.3583765809620854, 0.0, 0.0, 0.0, 1.0, 4.2647, 0.0, 0.5, 0.0, 4.2647, 0.5, 0.0, 0.0, 1.0]], ["frame3.png", [0.9206811189651489, 0.07663587480783463, 0.38271820545196533, -0.9807293994524912, 0.1892334222793579, -0.9452300071716309, -0.2659531235694885, 0.6882114235061328, 0.3413751721382141, 0.3172810971736908, -0.8847574591636658, 2.41961461427336, 0.0, 0.0, 0.0, 1.0, 4.2647, 0.0, 0.5, 0.0, 4.2647, 0.5, 0.0, 0.0, 1.0]], ["frame3_mirror.png", [0.9206811189651489, -0.07663587480783463, -0.38271820545196533, 0.9807293994524912, -0.1892334222793579, -0.9452300071716309, -0.2659531235694885, 0.6882114235061328, -0.3413751721382141, 0.3172810971736908, -0.8847574591636658, 2.41961461427336, 0.0, 0.0, 0.0, 1.0, 4.2647, 0.0, 0.5, 0.0, 4.2647, 0.5, 0.0, 0.0, 1.0]], ["frame4.png", [0.8978631496429443, 0.07290143519639969, 0.43419715762138367, -1.1113554855728303, 0.20220796763896942, -0.944311797618866, -0.25959035754203796, 0.671232472238362, 0.391092985868454, 0.32087475061416626, -0.862604022026062, 2.36734787323282, 0.0, 0.0, 0.0, 1.0, 4.2647, 0.0, 0.5, 0.0, 4.2647, 0.5, 0.0, 0.0, 1.0]], ["frame4_mirror.png", [0.8978631496429443, -0.07290143519639969, -0.43419715762138367, 1.1113554855728303, -0.20220796763896942, -0.944311797618866, -0.25959035754203796, 0.671232472238362, -0.391092985868454, 0.32087475061416626, -0.862604022026062, 2.36734787323282, 0.0, 0.0, 0.0, 1.0, 4.2647, 0.0, 0.5, 0.0, 4.2647, 0.5, 0.0, 0.0, 1.0]], ["frame5.png", [0.9176482558250427, 0.07248642295598984, 0.39072680473327637, -0.9948508003238044, 0.1751367449760437, -0.9563565254211426, -0.23390017449855804, 0.6093463295294197, 0.3567195534706116, 0.2830687165260315, -0.8902939558029175, 2.4349474195111713, 0.0, 0.0, 0.0, 1.0, 4.2647, 0.0, 0.5, 0.0, 4.2647, 0.5, 0.0, 0.0, 1.0]], ["frame5_mirror.png", [0.9176482558250427, -0.07248642295598984, -0.39072680473327637, 0.9948508003238044, -0.1751367449760437, -0.9563565254211426, -0.23390017449855804, 0.6093463295294197, -0.3567195534706116, 0.2830687165260315, -0.8902939558029175, 2.4349474195111713, 0.0, 0.0, 0.0, 1.0, 4.2647, 0.0, 0.5, 0.0, 4.2647, 0.5, 0.0, 0.0, 1.0]]]}