{"labels": [["frame0.png", [0.8897609114646912, -0.07743775099515915, -0.44980987906455994, 1.1446729821221904, -0.1598302125930786, -0.9759657979011536, -0.14813829958438873, 0.3786199973285726, -0.4275275766849518, 0.20370087027549744, -0.8807531595230103, 2.4158581625630267, 0.0, 0.0, 0.0, 1.0, 4.2647, 0.0, 0.5, 0.0, 4.2647, 0.5, 0.0, 0.0, 1.0]], ["frame0_mirror.png", [0.8897609114646912, 0.07743775099515915, 0.44980987906455994, -1.1446729821221904, 0.1598302125930786, -0.9759657979011536, -0.14813829958438873, 0.3786199973285726, 0.4275275766849518, 0.20370087027549744, -0.8807531595230103, 2.4158581625630267, 0.0, 0.0, 0.0, 1.0, 4.2647, 0.0, 0.5, 0.0, 4.2647, 0.5, 0.0, 0.0, 1.0]], ["frame1.png", [0.9129656553268433, -0.028080187737941742, -0.4070691168308258, 1.0394823467703618, -0.09781944751739502, -0.9835994243621826, -0.15153725445270538, 0.38273357390108165, -0.3961377739906311, 0.17816758155822754, -0.9007392525672913, 2.4623142492707317, 0.0, 0.0, 0.0, 1.0, 4.2647, 0.0, 0.5, 0.0, 4.2647, 0.5, 0.0, 0.0, 1.0]], ["frame1_mirror.png", [0.9129656553268433, 0.028080187737941742, 0.4070691168308258, -1.0394823467703618, 0.09781944751739502, -0.9835994243621826, -0.15153725445270538, 0.38273357390108165, 0.3961377739906311, 0.17816758155822754, -0.9007392525672913, 2.4623142492707317, 0.0, 0.0, 0.0, 1.0, 4.2647, 0.0, 0.5, 0.0, 4.2647, 0.5, 0.0, 0.0, 1.0]], ["frame2.png", [0.9601448774337769, -0.048337671905756, -0.2752913236618042, 0.7039299862726136, -0.08717983961105347, -0.9875876903533936, -0.1306528002023697, 0.33607318466735, -0.2655588686466217, 0.14944547414779663, -0.952441394329071, 2.5848669963798496, 0.0, 0.0, 0.0, 1.0, 4.2647, 0.0, 0.5, 0.0, 4.2647, 0.5, 0.0, 0.0, 1.0]], ["frame2_mirror.png", [0.9601448774337769, 0.048337671905756, 0.2752913236618042, -0.7039299862726136, 0.08717983961105347, -0.9875876903533936, -0.1306528002023697, 0.33607318466735, 0.2655588686466217, 0.14944547414779663, -0.952441394329071, 2.5848669963798496, 0.0, 0.0, 0.0, 1.0, 4.2647, 0.0, 0.5, 0.0, 4.2647, 0.5, 0.0, 0.0, 1.0]], ["frame3.png", [0.9520124197006226, -0.06680481135845184, -0.29867956042289734, 0.7637220878453429, -0.10899622738361359, -0.9859088063240051, -0.12689954042434692, 0.33318648173331455, -0.2859933078289032, 0.153364896774292, -0.9458789229393005, 2.568212479707886, 0.0, 0.0, 0.0, 1.0, 4.2647, 0.0, 0.5, 0.0, 4.2647, 0.5, 0.0, 0.0, 1.0]], ["frame3_mirror.png", [0.9520124197006226, 0.06680481135845184, 0.29867956042289734, -0.7637220878453429, 0.10899622738361359, -0.9859088063240051, -0.12689954042434692, 0.33318648173331455, 0.2859933078289032, 0.153364896774292, -0.9458789229393005, 2.568212479707886, 0.0, 0.0, 0.0, 1.0, 4.2647, 0.0, 0.5, 0.0, 4.2647, 0.5, 0.0, 0.0, 1.0]]]}