{"labels": [["frame0.png", [0.936751663684845, 0.10206663608551025, 0.33478161692619324, -0.8497557493636044, 0.06834174692630768, -0.991462767124176, 0.11104559153318405, -0.2794842523347946, 0.34325751662254333, -0.08114258944988251, -0.9357297420501709, 2.5475093167877447, 0.0, 0.0, 0.0, 1.0, 4.2647, 0.0, 0.5, 0.0, 4.2647, 0.5, 0.0, 0.0, 1.0]], ["frame0_mirror.png", [0.936751663684845, -0.10206663608551025, -0.33478161692619324, 0.8497557493636044, -0.06834174692630768, -0.991462767124176, 0.11104559153318405, -0.2794842523347946, -0.34325751662254333, -0.08114258944988251, -0.9357297420501709, 2.5475093167877447, 0.0, 0.0, 0.0, 1.0, 4.2647, 0.0, 0.5, 0.0, 4.2647, 0.5, 0.0, 0.0, 1.0]], ["frame1.png", [0.9971985220909119, -0.054181136190891266, 0.051569852977991104, -0.13103117104986226, -0.06078154593706131, -0.988776445388794, 0.1364797055721283, -0.3468678612782486, 0.043596427887678146, -0.1392318457365036, -0.9892996549606323, 2.6744183515346953, 0.0, 0.0, 0.0, 1.0, 4.2647, 0.0, 0.5, 0.0, 4.2647, 0.5, 0.0, 0.0, 1.0]], ["frame1_mirror.png", [0.9971985220909119, 0.054181136190891266, -0.051569852977991104, 0.13103117104986226, 0.06078154593706131, -0.988776445388794, 0.1364797055721283, -0.3468678612782486, -0.043596427887678146, -0.1392318457365036, -0.9892996549606323, 2.6744183515346953, 0.0, 0.0, 0.0, 1.0, 4.2647, 0.0, 0.5, 0.0, 4.2647, 0.5, 0.0, 0.0, 1.0]], ["frame2.png", [0.9214165806770325, 0.024319220334291458, 0.38781437277793884, -0.9892400031791077, -0.012556685134768486, -0.9956548810005188, 0.09226962924003601, -0.23842255075434218, 0.3883731961250305, -0.08988842368125916, -0.9171075820922852, 2.5009116144722094, 0.0, 0.0, 0.0, 1.0, 4.2647, 0.0, 0.5, 0.0, 4.2647, 0.5, 0.0, 0.0, 1.0]], ["frame2_mirror.png", [0.9214165806770325, -0.024319220334291458, -0.38781437277793884, 0.9892400031791077, 0.012556685134768486, -0.9956548810005188, 0.09226962924003601, -0.23842255075434218, -0.3883731961250305, -0.08988842368125916, -0.9171075820922852, 2.5009116144722094, 0.0, 0.0, 0.0, 1.0, 4.2647, 0.0, 0.5, 0.0, 4.2647, 0.5, 0.0, 0.0, 1.0]]]}