{"frame0.png": {"intrinsics": [[2985.29, 0.0, 512.0], [0.0, 2985.29, 512.0], [0.0, 0.0, 1.0]], "pose": [[0.9822218418121338, -0.036099258810281754, -0.1842203140258789, 0.47644591331481934], [-0.05173417180776596, -0.9953882098197937, -0.08078182488679886, 0.21492357552051544], [-0.1804545819759369, 0.0888761505484581, -0.9795596599578857, 2.706167459487915], [0.0, 0.0, 0.0, 1.0]]}, "frame1.png": {"intrinsics": [[2985.29, 0.0, 512.0], [0.0, 2985.29, 512.0], [0.0, 0.0, 1.0]], "pose": [[0.9816822409629822, -0.03645258769392967, -0.1870059221982956, 0.4836016297340393], [-0.051984403282403946, -0.9955313801765442, -0.07883423566818237, 0.20939114689826965], [-0.1832965612411499, 0.08711156249046326, -0.9791905283927917, 2.7100839614868164], [0.0, 0.0, 0.0, 1.0]]}, "frame10.png": {"intrinsics": [[2985.29, 0.0, 512.0], [0.0, 2985.29, 512.0], [0.0, 0.0, 1.0]], "pose": [[0.9996935129165649, -0.020314857363700867, -0.014145990833640099, 0.03571369871497154], [-0.022166524082422256, -0.9890059232711792, -0.14620503783226013, 0.3910444378852844], [-0.01102033443748951, 0.14647381007671356, -0.9891531467437744, 2.73850417137146], [0.0, 0.0, 0.0, 1.0]]}, "frame11.png": {"intrinsics": [[2985.29, 0.0, 512.0], [0.0, 2985.29, 512.0], [0.0, 0.0, 1.0]], "pose": [[0.9995639324188232, -0.019519472494721413, 0.022157922387123108, -0.058745987713336945], [-0.016746465116739273, -0.9927429556846619, -0.11908406019210815, 0.3102169334888458], [0.024321578443050385, 0.1186610609292984, -0.9926368594169617, 2.7204928398132324], [0.0, 0.0, 0.0, 1.0]]}, "frame12.png": {"intrinsics": [[2985.29, 0.0, 512.0], [0.0, 2985.29, 512.0], [0.0, 0.0, 1.0]], "pose": [[0.9996013045310974, -0.017184743657708168, 0.022402960807085037, -0.05948149412870407], [-0.014454488642513752, -0.9930506348609924, -0.1167968139052391, 0.3038182556629181], [0.024254396557807922, 0.11642643064260483, -0.9929031133651733, 2.7248804569244385], [0.0, 0.0, 0.0, 1.0]]}, "frame13.png": {"intrinsics": [[2985.29, 0.0, 512.0], [0.0, 2985.29, 512.0], [0.0, 0.0, 1.0]], "pose": [[0.9992920160293579, -0.019432460889220238, 0.03221605718135834, -0.08314164727926254], [-0.015618987381458282, -0.9932817220687866, -0.11466261744499207, 0.3000386357307434], [0.03422779589891434, 0.11407826095819473, -0.9928819537162781, 2.72751784324646], [0.0, 0.0, 0.0, 1.0]]}, "frame14.png": {"intrinsics": [[2985.29, 0.0, 512.0], [0.0, 2985.29, 512.0], [0.0, 0.0, 1.0]], "pose": [[0.9992449283599854, -0.023711180314421654, 0.03077850490808487, -0.07894951105117798], [-0.019841935485601425, -0.9925224184989929, -0.12043873220682144, 0.31836387515068054], [0.03340410068631172, 0.11973709613084793, -0.9922434687614441, 2.7353522777557373], [0.0, 0.0, 0.0, 1.0]]}, "frame15.png": {"intrinsics": [[2985.29, 0.0, 512.0], [0.0, 2985.29, 512.0], [0.0, 0.0, 1.0]], "pose": [[0.9997941851615906, -0.01700887829065323, 0.011056859977543354, -0.03082776814699173], [-0.015582537278532982, -0.9928556084632874, -0.11830023676156998, 0.31012094020843506], [0.012990020215511322, 0.11810360103845596, -0.9929162859916687, 2.7345731258392334], [0.0, 0.0, 0.0, 1.0]]}, "frame16.png": {"intrinsics": [[2985.29, 0.0, 512.0], [0.0, 2985.29, 512.0], [0.0, 0.0, 1.0]], "pose": [[0.9998699426651001, -0.009877567179501057, -0.012748767621815205, 0.03139772266149521], [-0.01100914366543293, -0.9957000613212585, -0.09197885543107986, 0.24510878324508667], [-0.011785422451794147, 0.09210723638534546, -0.9956793785095215, 2.754321575164795], [0.0, 0.0, 0.0, 1.0]]}, "frame17.png": {"intrinsics": [[2985.29, 0.0, 512.0], [0.0, 2985.29, 512.0], [0.0, 0.0, 1.0]], "pose": [[0.9998173117637634, -0.009095129556953907, -0.016813090071082115, 0.04100359231233597], [-0.010586293414235115, -0.995809018611908, -0.09084273874759674, 0.24336940050125122], [-0.015916401520371437, 0.09100412577390671, -0.9957233667373657, 2.754079580307007], [0.0, 0.0, 0.0, 1.0]]}, "frame18.png": {"intrinsics": [[2985.29, 0.0, 512.0], [0.0, 2985.29, 512.0], [0.0, 0.0, 1.0]], "pose": [[0.9993940591812134, -0.004732641391456127, -0.0344826839864254, 0.09155667573213577], [-0.008018790744245052, -0.9953689575195312, -0.0957932397723198, 0.2587367594242096], [-0.03386963903903961, 0.09601171314716339, -0.994803786277771, 2.7652981281280518], [0.0, 0.0, 0.0, 1.0]]}, "frame19.png": {"intrinsics": [[2985.29, 0.0, 512.0], [0.0, 2985.29, 512.0], [0.0, 0.0, 1.0]], "pose": [[0.9993008971214294, -0.00423696544021368, -0.03714408725500107, 0.09748426079750061], [-0.007811197079718113, -0.9952910542488098, -0.09661627560853958, 0.26254552602767944], [-0.0365598127245903, 0.09683887660503387, -0.9946283102035522, 2.7808656692504883], [0.0, 0.0, 0.0, 1.0]]}, "frame2.png": {"intrinsics": [[2985.29, 0.0, 512.0], [0.0, 2985.29, 512.0], [0.0, 0.0, 1.0]], "pose": [[0.9762822389602661, -0.026214536279439926, -0.21490885317325592, 0.5546799898147583], [-0.05243236571550369, -0.9917210936546326, -0.11721843481063843, 0.306754469871521], [-0.2100568264722824, 0.12570644915103912, -0.9695742130279541, 2.6900148391723633], [0.0, 0.0, 0.0, 1.0]]}, "frame20.png": {"intrinsics": [[2985.29, 0.0, 512.0], [0.0, 2985.29, 512.0], [0.0, 0.0, 1.0]], "pose": [[0.9994849562644958, -0.005914849694818258, -0.03154003247618675, 0.08115670084953308], [-0.008548506535589695, -0.9964263439178467, -0.08403262495994568, 0.23013339936733246], [-0.030930280685424805, 0.08425896614789963, -0.9959637522697449, 2.7459263801574707], [0.0, 0.0, 0.0, 1.0]]}, "frame21.png": {"intrinsics": [[2985.29, 0.0, 512.0], [0.0, 2985.29, 512.0], [0.0, 0.0, 1.0]], "pose": [[0.9994086027145386, 0.011962970718741417, -0.03223852813243866, 0.08568847179412842], [0.00963479746133089, -0.9973991513252258, -0.07142875343561172, 0.20081909000873566], [-0.033009182661771774, 0.07107590138912201, -0.9969245195388794, 2.764133930206299], [0.0, 0.0, 0.0, 1.0]]}, "frame22.png": {"intrinsics": [[2985.29, 0.0, 512.0], [0.0, 2985.29, 512.0], [0.0, 0.0, 1.0]], "pose": [[0.9993915557861328, 0.011732290498912334, -0.032846055924892426, 0.08736594766378403], [0.009384173899888992, -0.9974498152732849, -0.07075148820877075, 0.19925430417060852], [-0.03359236940741539, 0.07040020823478699, -0.996953010559082, 2.7662594318389893], [0.0, 0.0, 0.0, 1.0]]}, "frame23.png": {"intrinsics": [[2985.29, 0.0, 512.0], [0.0, 2985.29, 512.0], [0.0, 0.0, 1.0]], "pose": [[0.9996402859687805, 0.020911740139126778, -0.01679523102939129, 0.04146422818303108], [0.01960134692490101, -0.9970117807388306, -0.07472101598978043, 0.20740987360477448], [-0.01830759085714817, 0.07436493039131165, -0.9970631003379822, 2.735692262649536], [0.0, 0.0, 0.0, 1.0]]}, "frame24.png": {"intrinsics": [[2985.29, 0.0, 512.0], [0.0, 2985.29, 512.0], [0.0, 0.0, 1.0]], "pose": [[0.9996712803840637, 0.01145686861127615, -0.022935274988412857, 0.05810870602726936], [0.009381418116390705, -0.996019721031189, -0.0886378362774849, 0.24710828065872192], [-0.023859499022364616, 0.08839353173971176, -0.9957998394966125, 2.7281408309936523], [0.0, 0.0, 0.0, 1.0]]}, "frame25.png": {"intrinsics": [[2985.29, 0.0, 512.0], [0.0, 2985.29, 512.0], [0.0, 0.0, 1.0]], "pose": [[0.9993115663528442, 0.009683920070528984, -0.035813108086586, 0.0929625928401947], [0.005674859043210745, -0.9938714504241943, -0.1103958934545517, 0.3041028678417206], [-0.036662690341472626, 0.11011666804552078, -0.9932422041893005, 2.762495756149292], [0.0, 0.0, 0.0, 1.0]]}, "frame26.png": {"intrinsics": [[2985.29, 0.0, 512.0], [0.0, 2985.29, 512.0], [0.0, 0.0, 1.0]], "pose": [[0.9990445971488953, 0.0074302759021520615, -0.04306519404053688, 0.1109757050871849], [0.00203219847753644, -0.9922728538513184, -0.12405851483345032, 0.34051457047462463], [-0.04365421086549759, 0.12385247647762299, -0.991339921951294, 2.76031494140625], [0.0, 0.0, 0.0, 1.0]]}, "frame27.png": {"intrinsics": [[2985.29, 0.0, 512.0], [0.0, 2985.29, 512.0], [0.0, 0.0, 1.0]], "pose": [[0.9988203048706055, 0.007788432762026787, -0.04793062061071396, 0.1268882304430008], [0.0018850835040211678, -0.9925287365913391, -0.12199683487415314, 0.3332490622997284], [-0.04852268099784851, 0.12176256626844406, -0.9913724660873413, 2.754192590713501], [0.0, 0.0, 0.0, 1.0]]}, "frame28.png": {"intrinsics": [[2985.29, 0.0, 512.0], [0.0, 2985.29, 512.0], [0.0, 0.0, 1.0]], "pose": [[0.9988162517547607, 0.007750798016786575, -0.04802175611257553, 0.12712347507476807], [0.0018410631455481052, -0.9925400614738464, -0.12190502136945724, 0.3330504596233368], [-0.04860837757587433, 0.12167230248451233, -0.9913793802261353, 2.754453420639038], [0.0, 0.0, 0.0, 1.0]]}, "frame29.png": {"intrinsics": [[2985.29, 0.0, 512.0], [0.0, 2985.29, 512.0], [0.0, 0.0, 1.0]], "pose": [[0.9981483817100525, 0.0026667313650250435, -0.06076745688915253, 0.15930381417274475], [-0.004707010462880135, -0.9926561713218689, -0.12087789922952652, 0.33229783177375793], [-0.06064354255795479, 0.12094011157751083, -0.9908056259155273, 2.761996269226074], [0.0, 0.0, 0.0, 1.0]]}, "frame3.png": {"intrinsics": [[2985.29, 0.0, 512.0], [0.0, 2985.29, 512.0], [0.0, 0.0, 1.0]], "pose": [[0.9872520565986633, -0.03549898415803909, -0.15515553951263428, 0.3991144001483917], [-0.05565360188484192, -0.9902690649032593, -0.12755320966243744, 0.3332863450050354], [-0.14911773800849915, 0.13456213474273682, -0.9796208143234253, 2.6953001022338867], [0.0, 0.0, 0.0, 1.0]]}, "frame30.png": {"intrinsics": [[2985.29, 0.0, 512.0], [0.0, 2985.29, 512.0], [0.0, 0.0, 1.0]], "pose": [[0.9966517686843872, 0.0009562498307786882, -0.08175762742757797, 0.2155749797821045], [-0.008992740884423256, -0.9925832152366638, -0.12123381346464157, 0.3383767008781433], [-0.08126718550920486, 0.12156312167644501, -0.9892512559890747, 2.776643753051758], [0.0, 0.0, 0.0, 1.0]]}, "frame31.png": {"intrinsics": [[2985.29, 0.0, 512.0], [0.0, 2985.29, 512.0], [0.0, 0.0, 1.0]], "pose": [[0.9966458082199097, 0.0011197940912097692, -0.08182848244905472, 0.2157280147075653], [-0.008883127011358738, -0.9925178289413452, -0.1217760220170021, 0.3397254943847656], [-0.0813525915145874, 0.12209445983171463, -0.9891787767410278, 2.775995969772339], [0.0, 0.0, 0.0, 1.0]]}, "frame32.png": {"intrinsics": [[2985.29, 0.0, 512.0], [0.0, 2985.29, 512.0], [0.0, 0.0, 1.0]], "pose": [[0.996617317199707, 0.0007178395753726363, -0.08217961341142654, 0.21657226979732513], [-0.010107520967721939, -0.9912996292114258, -0.1312360018491745, 0.36500802636146545], [-0.08155882358551025, 0.13162270188331604, -0.9879390597343445, 2.7678308486938477], [0.0, 0.0, 0.0, 1.0]]}, "frame33.png": {"intrinsics": [[2985.29, 0.0, 512.0], [0.0, 2985.29, 512.0], [0.0, 0.0, 1.0]], "pose": [[0.9952365159988403, 0.005240526050329208, -0.09734885394573212, 0.2543988823890686], [-0.007634748239070177, -0.9912977814674377, -0.13141708076000214, 0.35911092162132263], [-0.09719039499759674, 0.13153430819511414, -0.9865357875823975, 2.729696273803711], [0.0, 0.0, 0.0, 1.0]]}, "frame34.png": {"intrinsics": [[2985.29, 0.0, 512.0], [0.0, 2985.29, 512.0], [0.0, 0.0, 1.0]], "pose": [[0.985381543636322, -0.01945679262280464, -0.16924721002578735, 0.4624341130256653], [-0.034394972026348114, -0.995719850063324, -0.08578374236822128, 0.25283536314964294], [-0.16685372591018677, 0.09035097062587738, -0.981833279132843, 2.8819851875305176], [0.0, 0.0, 0.0, 1.0]]}, "frame35.png": {"intrinsics": [[2985.29, 0.0, 512.0], [0.0, 2985.29, 512.0], [0.0, 0.0, 1.0]], "pose": [[0.9427835941314697, -0.07174292951822281, -0.3255949318408966, 0.8828986883163452], [-0.09388121217489243, -0.9941835403442383, -0.05277731642127037, 0.15892766416072845], [-0.31991472840309143, 0.08032482862472534, -0.9440352320671082, 2.7112765312194824], [0.0, 0.0, 0.0, 1.0]]}, "frame36.png": {"intrinsics": [[2985.29, 0.0, 512.0], [0.0, 2985.29, 512.0], [0.0, 0.0, 1.0]], "pose": [[0.8232464790344238, -0.14967046678066254, -0.5475984811782837, 1.4945675134658813], [-0.1430639773607254, -0.988183319568634, 0.055012866854667664, -0.13384486734867096], [-0.549361526966095, 0.0330524668097496, -0.8349308371543884, 2.4434797763824463], [0.0, 0.0, 0.0, 1.0]]}, "frame37.png": {"intrinsics": [[2985.29, 0.0, 512.0], [0.0, 2985.29, 512.0], [0.0, 0.0, 1.0]], "pose": [[0.786277174949646, -0.16376008093357086, -0.5957775115966797, 1.683759331703186], [-0.14748866856098175, -0.9861084222793579, 0.07640138268470764, -0.1985250860452652], [-0.6000127792358398, 0.027797766029834747, -0.7995073199272156, 2.4185166358947754], [0.0, 0.0, 0.0, 1.0]]}, "frame38.png": {"intrinsics": [[2985.29, 0.0, 512.0], [0.0, 2985.29, 512.0], [0.0, 0.0, 1.0]], "pose": [[0.7482789158821106, -0.1812933087348938, -0.6381311416625977, 1.8776463270187378], [-0.14278675615787506, -0.9834016561508179, 0.11195161938667297, -0.3134663701057434], [-0.6478352546691895, 0.007345631718635559, -0.7617449760437012, 2.389901638031006], [0.0, 0.0, 0.0, 1.0]]}, "frame39.png": {"intrinsics": [[2985.29, 0.0, 512.0], [0.0, 2985.29, 512.0], [0.0, 0.0, 1.0]], "pose": [[0.7132840752601624, -0.21283459663391113, -0.6677778363227844, 1.9898054599761963], [-0.13667070865631104, -0.9767246246337891, 0.1653180718421936, -0.4773769974708557], [-0.6874204874038696, -0.026653066277503967, -0.7257704138755798, 2.3192853927612305], [0.0, 0.0, 0.0, 1.0]]}, "frame4.png": {"intrinsics": [[2985.29, 0.0, 512.0], [0.0, 2985.29, 512.0], [0.0, 0.0, 1.0]], "pose": [[0.9873719811439514, -0.0349854938685894, -0.15450754761695862, 0.39784690737724304], [-0.05528374761343002, -0.9900894165039062, -0.12909957766532898, 0.3374665677547455], [-0.14845967292785645, 0.1360110640525818, -0.9795206785202026, 2.6977438926696777], [0.0, 0.0, 0.0, 1.0]]}, "frame40.png": {"intrinsics": [[2985.29, 0.0, 512.0], [0.0, 2985.29, 512.0], [0.0, 0.0, 1.0]], "pose": [[0.7006065249443054, -0.21596919000148773, -0.6800792217254639, 2.038145065307617], [-0.13276657462120056, -0.975907564163208, 0.17313988506793976, -0.5029784440994263], [-0.7010873556137085, -0.03101116418838501, -0.7124007344245911, 2.2888176441192627], [0.0, 0.0, 0.0, 1.0]]}, "frame41.png": {"intrinsics": [[2985.29, 0.0, 512.0], [0.0, 2985.29, 512.0], [0.0, 0.0, 1.0]], "pose": [[0.6934593915939331, -0.1828623116016388, -0.696904182434082, 1.9836852550506592], [-0.12599991261959076, -0.9831298589706421, 0.13258865475654602, -0.3531442880630493], [-0.709392786026001, -0.0041349828243255615, -0.7048012018203735, 2.166245698928833], [0.0, 0.0, 0.0, 1.0]]}, "frame42.png": {"intrinsics": [[2985.29, 0.0, 512.0], [0.0, 2985.29, 512.0], [0.0, 0.0, 1.0]], "pose": [[0.766590416431427, -0.14180722832679749, -0.6262825727462769, 1.7704229354858398], [-0.09183049201965332, -0.9894961714744568, 0.11164502799510956, -0.29628586769104004], [-0.635536253452301, -0.028074175119400024, -0.7715604901313782, 2.34889554977417], [0.0, 0.0, 0.0, 1.0]]}, "frame43.png": {"intrinsics": [[2985.29, 0.0, 512.0], [0.0, 2985.29, 512.0], [0.0, 0.0, 1.0]], "pose": [[0.7970638871192932, -0.12810997664928436, -0.590149998664856, 1.6888879537582397], [-0.08235770463943481, -0.9911688566207886, 0.10392995923757553, -0.27669548988342285], [-0.5982527732849121, -0.03423541039228439, -0.8005757927894592, 2.4502265453338623], [0.0, 0.0, 0.0, 1.0]]}, "frame44.png": {"intrinsics": [[2985.29, 0.0, 512.0], [0.0, 2985.29, 512.0], [0.0, 0.0, 1.0]], "pose": [[0.9390642642974854, -0.0725318044424057, -0.33600226044654846, 0.9341188073158264], [-0.0650167390704155, -0.9973191022872925, 0.033578529953956604, -0.07707426697015762], [-0.3375369608402252, -0.009686628356575966, -0.9412624835968018, 2.7644126415252686], [0.0, 0.0, 0.0, 1.0]]}, "frame45.png": {"intrinsics": [[2985.29, 0.0, 512.0], [0.0, 2985.29, 512.0], [0.0, 0.0, 1.0]], "pose": [[0.9740660190582275, -0.06827084720134735, -0.2157185822725296, 0.586423933506012], [-0.06242448464035988, -0.9974769353866577, 0.03380806744098663, -0.07785480469465256], [-0.21748241782188416, -0.019465168938040733, -0.9758701324462891, 2.793795347213745], [0.0, 0.0, 0.0, 1.0]]}, "frame46.png": {"intrinsics": [[2985.29, 0.0, 512.0], [0.0, 2985.29, 512.0], [0.0, 0.0, 1.0]], "pose": [[0.9895452857017517, -0.08176540583372116, -0.11880454421043396, 0.3029592037200928], [-0.07905048877000809, -0.9964941143989563, 0.02739545702934265, -0.05544468015432358], [-0.12062802165746689, -0.01771748624742031, -0.992539644241333, 2.767908811569214], [0.0, 0.0, 0.0, 1.0]]}, "frame47.png": {"intrinsics": [[2985.29, 0.0, 512.0], [0.0, 2985.29, 512.0], [0.0, 0.0, 1.0]], "pose": [[0.9904528260231018, -0.10769281536340714, -0.08605490624904633, 0.21684491634368896], [-0.10789840668439865, -0.9941592812538147, 0.0022721949499100447, 0.011561572551727295], [-0.08579698204994202, 0.007034684997051954, -0.9962877631187439, 2.7844655513763428], [0.0, 0.0, 0.0, 1.0]]}, "frame48.png": {"intrinsics": [[2985.29, 0.0, 512.0], [0.0, 2985.29, 512.0], [0.0, 0.0, 1.0]], "pose": [[0.9902585744857788, -0.10828394442796707, -0.08753610402345657, 0.2189917117357254], [-0.10848303884267807, -0.9940952062606812, 0.002493819920346141, 0.012007389217615128], [-0.08728925883769989, 0.007026655599474907, -0.996158242225647, 2.7738871574401855], [0.0, 0.0, 0.0, 1.0]]}, "frame49.png": {"intrinsics": [[2985.29, 0.0, 512.0], [0.0, 2985.29, 512.0], [0.0, 0.0, 1.0]], "pose": [[0.9909107685089111, -0.130888432264328, -0.031050022691488266, 0.09027059376239777], [-0.13141518831253052, -0.991205096244812, -0.01556968130171299, 0.057404592633247375], [-0.028739050030708313, 0.01950860768556595, -0.999396562576294, 2.830458879470825], [0.0, 0.0, 0.0, 1.0]]}, "frame5.png": {"intrinsics": [[2985.29, 0.0, 512.0], [0.0, 2985.29, 512.0], [0.0, 0.0, 1.0]], "pose": [[0.9915147423744202, -0.03029317408800125, -0.12641523778438568, 0.3352415859699249], [-0.047991491854190826, -0.9890726804733276, -0.1393987238407135, 0.3742365539073944], [-0.12081102281808853, 0.1442827582359314, -0.9821339845657349, 2.7660927772521973], [0.0, 0.0, 0.0, 1.0]]}, "frame6.png": {"intrinsics": [[2985.29, 0.0, 512.0], [0.0, 2985.29, 512.0], [0.0, 0.0, 1.0]], "pose": [[0.9915125370025635, -0.03027399443089962, -0.12643715739250183, 0.3353074789047241], [-0.0479668527841568, -0.9890838265419006, -0.13932782411575317, 0.3740564286708832], [-0.1208389475941658, 0.144210085272789, -0.9821411967277527, 2.7661752700805664], [0.0, 0.0, 0.0, 1.0]]}, "frame7.png": {"intrinsics": [[2985.29, 0.0, 512.0], [0.0, 2985.29, 512.0], [0.0, 0.0, 1.0]], "pose": [[0.9943934679031372, -0.0243088286370039, -0.1029110848903656, 0.2734668552875519], [-0.03802931681275368, -0.9903134703636169, -0.13353994488716125, 0.360137939453125], [-0.09866804629564285, 0.13670489192008972, -0.9856857061386108, 2.768371820449829], [0.0, 0.0, 0.0, 1.0]]}, "frame8.png": {"intrinsics": [[2985.29, 0.0, 512.0], [0.0, 2985.29, 512.0], [0.0, 0.0, 1.0]], "pose": [[0.9973488450050354, -0.012612911872565746, -0.07166702300310135, 0.1880342662334442], [-0.022898932918906212, -0.9892290234565735, -0.14457368850708008, 0.38716527819633484], [-0.06907160580158234, 0.14583152532577515, -0.9868952631950378, 2.7357337474823], [0.0, 0.0, 0.0, 1.0]]}, "frame9.png": {"intrinsics": [[2985.29, 0.0, 512.0], [0.0, 2985.29, 512.0], [0.0, 0.0, 1.0]], "pose": [[0.9995483160018921, -0.01935439370572567, -0.02299293875694275, 0.05927790701389313], [-0.022585317492485046, -0.988460123538971, -0.14978806674480438, 0.3966621160507202], [-0.019828546792268753, 0.1502397060394287, -0.9884507656097412, 2.7138290405273438], [0.0, 0.0, 0.0, 1.0]]}}