{"labels": [["frame0.png", [0.9631137251853943, -0.2690049409866333, -0.006945707835257053, 0.01981023647458385, -0.2680724561214447, -0.9568881392478943, -0.11181344091892242, 0.28751219889444174, 0.02343210205435753, 0.10955101251602173, -0.9937049746513367, 2.684575253185819, 0.0, 0.0, 0.0, 1.0, 4.2647, 0.0, 0.5, 0.0, 4.2647, 0.5, 0.0, 0.0, 1.0]], ["frame0_mirror.png", [0.9631137251853943, 0.2690049409866333, 0.006945707835257053, -0.01981023647458385, 0.2680724561214447, -0.9568881392478943, -0.11181344091892242, 0.28751219889444174, -0.02343210205435753, 0.10955101251602173, -0.9937049746513367, 2.684575253185819, 0.0, 0.0, 0.0, 1.0, 4.2647, 0.0, 0.5, 0.0, 4.2647, 0.5, 0.0, 0.0, 1.0]], ["frame1.png", [0.963204562664032, -0.2686846852302551, -0.006746566854417324, 0.019268760674251588, -0.2677362859249115, -0.9570012092590332, -0.11165113747119904, 0.2870711770417355, 0.023542478680610657, 0.10934919118881226, -0.993724524974823, 2.684626390053922, 0.0, 0.0, 0.0, 1.0, 4.2647, 0.0, 0.5, 0.0, 4.2647, 0.5, 0.0, 0.0, 1.0]], ["frame1_mirror.png", [0.963204562664032, 0.2686846852302551, 0.006746566854417324, -0.019268760674251588, 0.2677362859249115, -0.9570012092590332, -0.11165113747119904, 0.2870711770417355, -0.023542478680610657, 0.10934919118881226, -0.993724524974823, 2.684626390053922, 0.0, 0.0, 0.0, 1.0, 4.2647, 0.0, 0.5, 0.0, 4.2647, 0.5, 0.0, 0.0, 1.0]], ["frame2.png", [0.9635401964187622, -0.2674185037612915, -0.008816354908049107, 0.024148240603450357, -0.26679912209510803, -0.957775354385376, -0.10716644674539566, 0.2771245112538386, 0.020214203745126724, 0.10561136901378632, -0.9942020177841187, 2.685631930801032, 0.0, 0.0, 0.0, 1.0, 4.2647, 0.0, 0.5, 0.0, 4.2647, 0.5, 0.0, 0.0, 1.0]], ["frame2_mirror.png", [0.9635401964187622, 0.2674185037612915, 0.008816354908049107, -0.024148240603450357, 0.26679912209510803, -0.957775354385376, -0.10716644674539566, 0.2771245112538386, -0.020214203745126724, 0.10561136901378632, -0.9942020177841187, 2.685631930801032, 0.0, 0.0, 0.0, 1.0, 4.2647, 0.0, 0.5, 0.0, 4.2647, 0.5, 0.0, 0.0, 1.0]]]}