{"labels": [["frame0.png", [0.9376365542411804, -0.0412503257393837, -0.3451610505580902, 0.8813133201071925, -0.052577488124370575, -0.9983399510383606, -0.023515770211815834, 0.06179897646115008, -0.3436180353164673, 0.04019694775342941, -0.938248872756958, 2.5513658534812276, 0.0, 0.0, 0.0, 1.0, 4.2647, 0.0, 0.5, 0.0, 4.2647, 0.5, 0.0, 0.0, 1.0]], ["frame0_mirror.png", [0.9376365542411804, 0.0412503257393837, 0.3451610505580902, -0.8813133201071925, 0.052577488124370575, -0.9983399510383606, -0.023515770211815834, 0.06179897646115008, 0.3436180353164673, 0.04019694775342941, -0.938248872756958, 2.5513658534812276, 0.0, 0.0, 0.0, 1.0, 4.2647, 0.0, 0.5, 0.0, 4.2647, 0.5, 0.0, 0.0, 1.0]], ["frame1.png", [0.9515803456306458, -0.09167318046092987, -0.293412446975708, 0.7471907036744126, -0.09263981133699417, -0.995642900466919, 0.01063188910484314, -0.023567402333754022, -0.29310867190361023, 0.017064576968550682, -0.9559268355369568, 2.594446112350337, 0.0, 0.0, 0.0, 1.0, 4.2647, 0.0, 0.5, 0.0, 4.2647, 0.5, 0.0, 0.0, 1.0]], ["frame1_mirror.png", [0.9515803456306458, 0.09167318046092987, 0.293412446975708, -0.7471907036744126, 0.09263981133699417, -0.995642900466919, 0.01063188910484314, -0.023567402333754022, 0.29310867190361023, 0.017064576968550682, -0.9559268355369568, 2.594446112350337, 0.0, 0.0, 0.0, 1.0, 4.2647, 0.0, 0.5, 0.0, 4.2647, 0.5, 0.0, 0.0, 1.0]], ["frame10.png", [0.9721289277076721, -0.07973382622003555, -0.22047215700149536, 0.5576211097634722, -0.05843249708414078, -0.993116557598114, 0.10151422768831253, -0.2646324721360556, -0.22704866528511047, -0.08580216765403748, -0.9700963497161865, 2.6285030630831145, 0.0, 0.0, 0.0, 1.0, 4.2647, 0.0, 0.5, 0.0, 4.2647, 0.5, 0.0, 0.0, 1.0]], ["frame10_mirror.png", [0.9721289277076721, 0.07973382622003555, 0.22047215700149536, -0.5576211097634722, 0.05843249708414078, -0.993116557598114, 0.10151422768831253, -0.2646324721360556, 0.22704866528511047, -0.08580216765403748, -0.9700963497161865, 2.6285030630831145, 0.0, 0.0, 0.0, 1.0, 4.2647, 0.0, 0.5, 0.0, 4.2647, 0.5, 0.0, 0.0, 1.0]], ["frame11.png", [0.9675737619400024, -0.08301237970590591, -0.23855815827846527, 0.6020967835333629, -0.06380206346511841, -0.994148850440979, 0.0871630609035492, -0.22046874754116424, -0.24439792335033417, -0.06911619007587433, -0.9672086834907532, 2.6227605675349803, 0.0, 0.0, 0.0, 1.0, 4.2647, 0.0, 0.5, 0.0, 4.2647, 0.5, 0.0, 0.0, 1.0]], ["frame11_mirror.png", [0.9675737619400024, 0.08301237970590591, 0.23855815827846527, -0.6020967835333629, 0.06380206346511841, -0.994148850440979, 0.0871630609035492, -0.22046874754116424, 0.24439792335033417, -0.06911619007587433, -0.9672086834907532, 2.6227605675349803, 0.0, 0.0, 0.0, 1.0, 4.2647, 0.0, 0.5, 0.0, 4.2647, 0.5, 0.0, 0.0, 1.0]], ["frame12.png", [0.9621028900146484, -0.08913145959377289, -0.25770822167396545, 0.6508544661632681, -0.07762854546308517, -0.9954920411109924, 0.054491907358169556, -0.135860864845267, -0.2614034414291382, -0.03242131322622299, -0.9646849632263184, 2.61685503788017, 0.0, 0.0, 0.0, 1.0, 4.2647, 0.0, 0.5, 0.0, 4.2647, 0.5, 0.0, 0.0, 1.0]], ["frame12_mirror.png", [0.9621028900146484, 0.08913145959377289, 0.25770822167396545, -0.6508544661632681, 0.07762854546308517, -0.9954920411109924, 0.054491907358169556, -0.135860864845267, 0.2614034414291382, -0.03242131322622299, -0.9646849632263184, 2.61685503788017, 0.0, 0.0, 0.0, 1.0, 4.2647, 0.0, 0.5, 0.0, 4.2647, 0.5, 0.0, 0.0, 1.0]], ["frame13.png", [0.9558008909225464, -0.08519993722438812, -0.2813994288444519, 0.7114823151135756, -0.07173094153404236, -0.9957453012466431, 0.05784285441040993, -0.14878764465740593, -0.2851303815841675, -0.03510120511054993, -0.9578458070755005, 2.6003182789954633, 0.0, 0.0, 0.0, 1.0, 4.2647, 0.0, 0.5, 0.0, 4.2647, 0.5, 0.0, 0.0, 1.0]], ["frame13_mirror.png", [0.9558008909225464, 0.08519993722438812, 0.2813994288444519, -0.7114823151135756, 0.07173094153404236, -0.9957453012466431, 0.05784285441040993, -0.14878764465740593, 0.2851303815841675, -0.03510120511054993, -0.9578458070755005, 2.6003182789954633, 0.0, 0.0, 0.0, 1.0, 4.2647, 0.0, 0.5, 0.0, 4.2647, 0.5, 0.0, 0.0, 1.0]], ["frame14.png", [0.9535660147666931, -0.07070059329271317, -0.29276829957962036, 0.7393955239902319, -0.0530436709523201, -0.9962860941886902, 0.06782624870538712, -0.17619026735752752, -0.2964763343334198, -0.04914730042219162, -0.9537748098373413, 2.590801275434242, 0.0, 0.0, 0.0, 1.0, 4.2647, 0.0, 0.5, 0.0, 4.2647, 0.5, 0.0, 0.0, 1.0]], ["frame14_mirror.png", [0.9535660147666931, 0.07070059329271317, 0.29276829957962036, -0.7393955239902319, 0.0530436709523201, -0.9962860941886902, 0.06782624870538712, -0.17619026735752752, 0.2964763343334198, -0.04914730042219162, -0.9537748098373413, 2.590801275434242, 0.0, 0.0, 0.0, 1.0, 4.2647, 0.0, 0.5, 0.0, 4.2647, 0.5, 0.0, 0.0, 1.0]], ["frame15.png", [0.9534186124801636, -0.07087254524230957, -0.2932065725326538, 0.7427674501487804, -0.051100436598062515, -0.9959061741828918, 0.07456276565790176, -0.19004933632194218, -0.29729071259498596, -0.05610653758049011, -0.9531370997428894, 2.5888564588951373, 0.0, 0.0, 0.0, 1.0, 4.2647, 0.0, 0.5, 0.0, 4.2647, 0.5, 0.0, 0.0, 1.0]], ["frame15_mirror.png", [0.9534186124801636, 0.07087254524230957, 0.2932065725326538, -0.7427674501487804, 0.051100436598062515, -0.9959061741828918, 0.07456276565790176, -0.19004933632194218, 0.29729071259498596, -0.05610653758049011, -0.9531370997428894, 2.5888564588951373, 0.0, 0.0, 0.0, 1.0, 4.2647, 0.0, 0.5, 0.0, 4.2647, 0.5, 0.0, 0.0, 1.0]], ["frame16.png", [0.9505482316017151, -0.06731459498405457, -0.30319446325302124, 0.7693146601834413, -0.048838935792446136, -0.9964809417724609, 0.06812109798192978, -0.17672662793328692, -0.3067130744457245, -0.04994469881057739, -0.9504907131195068, 2.5820384684597877, 0.0, 0.0, 0.0, 1.0, 4.2647, 0.0, 0.5, 0.0, 4.2647, 0.5, 0.0, 0.0, 1.0]], ["frame16_mirror.png", [0.9505482316017151, 0.06731459498405457, 0.30319446325302124, -0.7693146601834413, 0.048838935792446136, -0.9964809417724609, 0.06812109798192978, -0.17672662793328692, 0.3067130744457245, -0.04994469881057739, -0.9504907131195068, 2.5820384684597877, 0.0, 0.0, 0.0, 1.0, 4.2647, 0.0, 0.5, 0.0, 4.2647, 0.5, 0.0, 0.0, 1.0]], ["frame17.png", [0.9448487162590027, -0.0701255053281784, -0.3199114501476288, 0.812444597633111, -0.05111125856637955, -0.996411919593811, 0.0674608051776886, -0.1741123334691196, -0.3234943151473999, -0.04738917574286461, -0.9450427293777466, 2.5689722986265755, 0.0, 0.0, 0.0, 1.0, 4.2647, 0.0, 0.5, 0.0, 4.2647, 0.5, 0.0, 0.0, 1.0]], ["frame17_mirror.png", [0.9448487162590027, 0.0701255053281784, 0.3199114501476288, -0.812444597633111, 0.05111125856637955, -0.996411919593811, 0.0674608051776886, -0.1741123334691196, 0.3234943151473999, -0.04738917574286461, -0.9450427293777466, 2.5689722986265755, 0.0, 0.0, 0.0, 1.0, 4.2647, 0.0, 0.5, 0.0, 4.2647, 0.5, 0.0, 0.0, 1.0]], ["frame18.png", [0.9309899210929871, -0.06922073662281036, -0.3584219515323639, 0.910848964456274, -0.04120808094739914, -0.9955094456672668, 0.08522243052721024, -0.21922932230432568, -0.3627116084098816, -0.0645713359117508, -0.9296616911888123, 2.5322505145010674, 0.0, 0.0, 0.0, 1.0, 4.2647, 0.0, 0.5, 0.0, 4.2647, 0.5, 0.0, 0.0, 1.0]], ["frame18_mirror.png", [0.9309899210929871, 0.06922073662281036, 0.3584219515323639, -0.910848964456274, 0.04120808094739914, -0.9955094456672668, 0.08522243052721024, -0.21922932230432568, 0.3627116084098816, -0.0645713359117508, -0.9296616911888123, 2.5322505145010674, 0.0, 0.0, 0.0, 1.0, 4.2647, 0.0, 0.5, 0.0, 4.2647, 0.5, 0.0, 0.0, 1.0]], ["frame19.png", [0.9216147661209106, -0.06376976519823074, -0.3828311562538147, 0.975320110766297, -0.02888418361544609, -0.9949431419372559, 0.0961969792842865, -0.2503785303903377, -0.3870296776294708, -0.07759878784418106, -0.918796181678772, 2.5052068323901713, 0.0, 0.0, 0.0, 1.0, 4.2647, 0.0, 0.5, 0.0, 4.2647, 0.5, 0.0, 0.0, 1.0]], ["frame19_mirror.png", [0.9216147661209106, 0.06376976519823074, 0.3828311562538147, -0.975320110766297, 0.02888418361544609, -0.9949431419372559, 0.0961969792842865, -0.2503785303903377, 0.3870296776294708, -0.07759878784418106, -0.918796181678772, 2.5052068323901713, 0.0, 0.0, 0.0, 1.0, 4.2647, 0.0, 0.5, 0.0, 4.2647, 0.5, 0.0, 0.0, 1.0]], ["frame2.png", [0.9655713438987732, -0.1241825595498085, -0.22858425974845886, 0.5832026345913384, -0.11905151605606079, -0.9922295808792114, 0.036156781017780304, -0.09153641398027598, -0.23129810392856598, -0.007698645815253258, -0.9728524684906006, 2.63467185279711, 0.0, 0.0, 0.0, 1.0, 4.2647, 0.0, 0.5, 0.0, 4.2647, 0.5, 0.0, 0.0, 1.0]], ["frame2_mirror.png", [0.9655713438987732, 0.1241825595498085, 0.22858425974845886, -0.5832026345913384, 0.11905151605606079, -0.9922295808792114, 0.036156781017780304, -0.09153641398027598, 0.23129810392856598, -0.007698645815253258, -0.9728524684906006, 2.63467185279711, 0.0, 0.0, 0.0, 1.0, 4.2647, 0.0, 0.5, 0.0, 4.2647, 0.5, 0.0, 0.0, 1.0]], ["frame20.png", [0.9243150353431702, -0.0650559514760971, -0.37604448199272156, 0.9548223466937076, -0.010164078325033188, -0.9892101287841797, 0.14615078270435333, -0.3790007056619631, -0.38149502873420715, -0.1312672346830368, -0.9150030016899109, 2.496932668567989, 0.0, 0.0, 0.0, 1.0, 4.2647, 0.0, 0.5, 0.0, 4.2647, 0.5, 0.0, 0.0, 1.0]], ["frame20_mirror.png", [0.9243150353431702, 0.0650559514760971, 0.37604448199272156, -0.9548223466937076, 0.010164078325033188, -0.9892101287841797, 0.14615078270435333, -0.3790007056619631, 0.38149502873420715, -0.1312672346830368, -0.9150030016899109, 2.496932668567989, 0.0, 0.0, 0.0, 1.0, 4.2647, 0.0, 0.5, 0.0, 4.2647, 0.5, 0.0, 0.0, 1.0]], ["frame21.png", [0.9290019273757935, -0.06366730481386185, -0.3645572066307068, 0.9245749887196775, -0.006807904690504074, -0.9878635406494141, 0.15517470240592957, -0.3977767568948499, -0.3700123429298401, -0.14167572557926178, -0.9181605577468872, 2.5053811570114886, 0.0, 0.0, 0.0, 1.0, 4.2647, 0.0, 0.5, 0.0, 4.2647, 0.5, 0.0, 0.0, 1.0]], ["frame21_mirror.png", [0.9290019273757935, 0.06366730481386185, 0.3645572066307068, -0.9245749887196775, 0.006807904690504074, -0.9878635406494141, 0.15517470240592957, -0.3977767568948499, 0.3700123429298401, -0.14167572557926178, -0.9181605577468872, 2.5053811570114886, 0.0, 0.0, 0.0, 1.0, 4.2647, 0.0, 0.5, 0.0, 4.2647, 0.5, 0.0, 0.0, 1.0]], ["frame22.png", [0.9328646659851074, -0.05724845081567764, -0.355648934841156, 0.8993261093613435, -0.014804955571889877, -0.9925498962402344, 0.12093644589185715, -0.3102136464633461, -0.35992273688316345, -0.10755196213722229, -0.9267622232437134, 2.526851804631388, 0.0, 0.0, 0.0, 1.0, 4.2647, 0.0, 0.5, 0.0, 4.2647, 0.5, 0.0, 0.0, 1.0]], ["frame22_mirror.png", [0.9328646659851074, 0.05724845081567764, 0.355648934841156, -0.8993261093613435, 0.014804955571889877, -0.9925498962402344, 0.12093644589185715, -0.3102136464633461, 0.35992273688316345, -0.10755196213722229, -0.9267622232437134, 2.526851804631388, 0.0, 0.0, 0.0, 1.0, 4.2647, 0.0, 0.5, 0.0, 4.2647, 0.5, 0.0, 0.0, 1.0]], ["frame23.png", [0.9372816681861877, -0.05584655702114105, -0.3440700173377991, 0.8701620483595008, -0.024763818830251694, -0.9952563643455505, 0.09408249706029892, -0.2418320540630777, -0.34769207239151, -0.07966132462024689, -0.9342185258865356, 2.544471510397087, 0.0, 0.0, 0.0, 1.0, 4.2647, 0.0, 0.5, 0.0, 4.2647, 0.5, 0.0, 0.0, 1.0]], ["frame23_mirror.png", [0.9372816681861877, 0.05584655702114105, 0.3440700173377991, -0.8701620483595008, 0.024763818830251694, -0.9952563643455505, 0.09408249706029892, -0.2418320540630777, 0.34769207239151, -0.07966132462024689, -0.9342185258865356, 2.544471510397087, 0.0, 0.0, 0.0, 1.0, 4.2647, 0.0, 0.5, 0.0, 4.2647, 0.5, 0.0, 0.0, 1.0]], ["frame24.png", [0.9378224015235901, -0.05366161838173866, -0.342942476272583, 0.8663357063183473, -0.026051970198750496, -0.9960728883743286, 0.0846169963479042, -0.218938727191581, -0.3461363613605499, -0.07042139023542404, -0.9355374574661255, 2.5478477736500706, 0.0, 0.0, 0.0, 1.0, 4.2647, 0.0, 0.5, 0.0, 4.2647, 0.5, 0.0, 0.0, 1.0]], ["frame24_mirror.png", [0.9378224015235901, 0.05366161838173866, 0.342942476272583, -0.8663357063183473, 0.026051970198750496, -0.9960728883743286, 0.0846169963479042, -0.218938727191581, 0.3461363613605499, -0.07042139023542404, -0.9355374574661255, 2.5478477736500706, 0.0, 0.0, 0.0, 1.0, 4.2647, 0.0, 0.5, 0.0, 4.2647, 0.5, 0.0, 0.0, 1.0]], ["frame25.png", [0.9313633441925049, -0.060820162296295166, -0.3589753210544586, 0.9115609396724809, -0.04015018045902252, -0.9970925450325012, 0.06476469337940216, -0.1698452880209633, -0.3618706166744232, -0.045906540006399155, -0.9310973286628723, 2.5357857226904055, 0.0, 0.0, 0.0, 1.0, 4.2647, 0.0, 0.5, 0.0, 4.2647, 0.5, 0.0, 0.0, 1.0]], ["frame25_mirror.png", [0.9313633441925049, 0.060820162296295166, 0.3589753210544586, -0.9115609396724809, 0.04015018045902252, -0.9970925450325012, 0.06476469337940216, -0.1698452880209633, 0.3618706166744232, -0.045906540006399155, -0.9310973286628723, 2.5357857226904055, 0.0, 0.0, 0.0, 1.0, 4.2647, 0.0, 0.5, 0.0, 4.2647, 0.5, 0.0, 0.0, 1.0]], ["frame26.png", [0.9234058856964111, -0.07636605203151703, -0.37615129351615906, 0.9553298049769211, -0.06809133291244507, -0.9970555901527405, 0.03526574745774269, -0.08923994919106788, -0.3777368664741516, -0.006951956078410149, -0.925886869430542, 2.5237633001514097, 0.0, 0.0, 0.0, 1.0, 4.2647, 0.0, 0.5, 0.0, 4.2647, 0.5, 0.0, 0.0, 1.0]], ["frame26_mirror.png", [0.9234058856964111, 0.07636605203151703, 0.37615129351615906, -0.9553298049769211, 0.06809133291244507, -0.9970555901527405, 0.03526574745774269, -0.08923994919106788, 0.3777368664741516, -0.006951956078410149, -0.925886869430542, 2.5237633001514097, 0.0, 0.0, 0.0, 1.0, 4.2647, 0.0, 0.5, 0.0, 4.2647, 0.5, 0.0, 0.0, 1.0]], ["frame27.png", [0.9208042621612549, -0.050991520285606384, -0.38667720556259155, 0.9785646238126332, -0.05117172747850418, -0.9986414313316345, 0.009835333563387394, -0.025606802550032323, -0.3866533935070038, 0.010730522684752941, -0.922162652015686, 2.5162979888490162, 0.0, 0.0, 0.0, 1.0, 4.2647, 0.0, 0.5, 0.0, 4.2647, 0.5, 0.0, 0.0, 1.0]], ["frame27_mirror.png", [0.9208042621612549, 0.050991520285606384, 0.38667720556259155, -0.9785646238126332, 0.05117172747850418, -0.9986414313316345, 0.009835333563387394, -0.025606802550032323, 0.3866533935070038, 0.010730522684752941, -0.922162652015686, 2.5162979888490162, 0.0, 0.0, 0.0, 1.0, 4.2647, 0.0, 0.5, 0.0, 4.2647, 0.5, 0.0, 0.0, 1.0]], ["frame28.png", [0.9267063736915588, -0.03091786801815033, -0.3745121657848358, 0.9518907142113522, -0.025165125727653503, -0.999478280544281, 0.0202424768358469, -0.052547419935343495, -0.3749426305294037, -0.009334186092019081, -0.9270009994506836, 2.526092404655131, 0.0, 0.0, 0.0, 1.0, 4.2647, 0.0, 0.5, 0.0, 4.2647, 0.5, 0.0, 0.0, 1.0]], ["frame28_mirror.png", [0.9267063736915588, 0.03091786801815033, 0.3745121657848358, -0.9518907142113522, 0.025165125727653503, -0.999478280544281, 0.0202424768358469, -0.052547419935343495, 0.3749426305294037, -0.009334186092019081, -0.9270009994506836, 2.526092404655131, 0.0, 0.0, 0.0, 1.0, 4.2647, 0.0, 0.5, 0.0, 4.2647, 0.5, 0.0, 0.0, 1.0]], ["frame29.png", [0.9184385538101196, -0.03175416588783264, -0.3942871391773224, 1.0017919968024478, -0.030359119176864624, -0.9994912147521973, 0.009777197614312172, -0.022343401096240254, -0.39439696073532104, 0.00299045629799366, -0.9189352989196777, 2.507172424778563, 0.0, 0.0, 0.0, 1.0, 4.2647, 0.0, 0.5, 0.0, 4.2647, 0.5, 0.0, 0.0, 1.0]], ["frame29_mirror.png", [0.9184385538101196, 0.03175416588783264, 0.3942871391773224, -1.0017919968024478, 0.030359119176864624, -0.9994912147521973, 0.009777197614312172, -0.022343401096240254, 0.39439696073532104, 0.00299045629799366, -0.9189352989196777, 2.507172424778563, 0.0, 0.0, 0.0, 1.0, 4.2647, 0.0, 0.5, 0.0, 4.2647, 0.5, 0.0, 0.0, 1.0]], ["frame3.png", [0.9736976027488708, -0.14663077890872955, -0.17439129948616028, 0.44730717490132454, -0.14534547924995422, -0.9891749024391174, 0.020189903676509857, -0.05164864878737983, -0.1754639595746994, 0.005688125267624855, -0.9844694137573242, 2.66218870637681, 0.0, 0.0, 0.0, 1.0, 4.2647, 0.0, 0.5, 0.0, 4.2647, 0.5, 0.0, 0.0, 1.0]], ["frame3_mirror.png", [0.9736976027488708, 0.14663077890872955, 0.17439129948616028, -0.44730717490132454, 0.14534547924995422, -0.9891749024391174, 0.020189903676509857, -0.05164864878737983, 0.1754639595746994, 0.005688125267624855, -0.9844694137573242, 2.66218870637681, 0.0, 0.0, 0.0, 1.0, 4.2647, 0.0, 0.5, 0.0, 4.2647, 0.5, 0.0, 0.0, 1.0]], ["frame30.png", [0.913899302482605, -0.04044060781598091, -0.40392157435417175, 1.02764697011818, -0.05080704763531685, -0.99859619140625, -0.014974902383983135, 0.04384612798882242, -0.4027489721775055, 0.03420761227607727, -0.9146710634231567, 2.4964012541791654, 0.0, 0.0, 0.0, 1.0, 4.2647, 0.0, 0.5, 0.0, 4.2647, 0.5, 0.0, 0.0, 1.0]], ["frame30_mirror.png", [0.913899302482605, 0.04044060781598091, 0.40392157435417175, -1.02764697011818, 0.05080704763531685, -0.99859619140625, -0.014974902383983135, 0.04384612798882242, 0.4027489721775055, 0.03420761227607727, -0.9146710634231567, 2.4964012541791654, 0.0, 0.0, 0.0, 1.0, 4.2647, 0.0, 0.5, 0.0, 4.2647, 0.5, 0.0, 0.0, 1.0]], ["frame31.png", [0.9207352995872498, -0.04665091633796692, -0.38738882541656494, 0.9789002825193891, -0.06371455639600754, -0.9974766969680786, -0.03131488338112831, 0.08412498326334808, -0.3849504590034485, 0.05351502448320389, -0.9213844537734985, 2.514891095867653, 0.0, 0.0, 0.0, 1.0, 4.2647, 0.0, 0.5, 0.0, 4.2647, 0.5, 0.0, 0.0, 1.0]], ["frame31_mirror.png", [0.9207352995872498, 0.04665091633796692, 0.38738882541656494, -0.9789002825193891, 0.06371455639600754, -0.9974766969680786, -0.03131488338112831, 0.08412498326334808, 0.3849504590034485, 0.05351502448320389, -0.9213844537734985, 2.514891095867653, 0.0, 0.0, 0.0, 1.0, 4.2647, 0.0, 0.5, 0.0, 4.2647, 0.5, 0.0, 0.0, 1.0]], ["frame32.png", [0.9275079965591431, -0.055555179715156555, -0.36965200304985046, 0.9367484357035183, -0.07164344191551208, -0.9969812631607056, -0.029926512390375137, 0.08087312012924405, -0.366873562335968, 0.05424021929502487, -0.9286882877349854, 2.531000179108562, 0.0, 0.0, 0.0, 1.0, 4.2647, 0.0, 0.5, 0.0, 4.2647, 0.5, 0.0, 0.0, 1.0]], ["frame32_mirror.png", [0.9275079965591431, 0.055555179715156555, 0.36965200304985046, -0.9367484357035183, 0.07164344191551208, -0.9969812631607056, -0.029926512390375137, 0.08087312012924405, 0.366873562335968, 0.05424021929502487, -0.9286882877349854, 2.531000179108562, 0.0, 0.0, 0.0, 1.0, 4.2647, 0.0, 0.5, 0.0, 4.2647, 0.5, 0.0, 0.0, 1.0]], ["frame33.png", [0.917418360710144, -0.06701626628637314, -0.3922402858734131, 0.9966126658592792, -0.0850372165441513, -0.9959635138511658, -0.028729718178510666, 0.07780653019416885, -0.3887316584587097, 0.05971219390630722, -0.9194140434265137, 2.5081286526229083, 0.0, 0.0, 0.0, 1.0, 4.2647, 0.0, 0.5, 0.0, 4.2647, 0.5, 0.0, 0.0, 1.0]], ["frame33_mirror.png", [0.917418360710144, 0.06701626628637314, 0.3922402858734131, -0.9966126658592792, 0.0850372165441513, -0.9959635138511658, -0.028729718178510666, 0.07780653019416885, 0.3887316584587097, 0.05971219390630722, -0.9194140434265137, 2.5081286526229083, 0.0, 0.0, 0.0, 1.0, 4.2647, 0.0, 0.5, 0.0, 4.2647, 0.5, 0.0, 0.0, 1.0]], ["frame34.png", [0.9161224961280823, -0.06893116235733032, -0.39492785930633545, 1.0052308914212482, -0.0874338448047638, -0.995747447013855, -0.02902323566377163, 0.07556251432971917, -0.39124777913093567, 0.061118900775909424, -0.9182536005973816, 2.5047557089186587, 0.0, 0.0, 0.0, 1.0, 4.2647, 0.0, 0.5, 0.0, 4.2647, 0.5, 0.0, 0.0, 1.0]], ["frame34_mirror.png", [0.9161224961280823, 0.06893116235733032, 0.39492785930633545, -1.0052308914212482, 0.0874338448047638, -0.995747447013855, -0.02902323566377163, 0.07556251432971917, 0.39124777913093567, 0.061118900775909424, -0.9182536005973816, 2.5047557089186587, 0.0, 0.0, 0.0, 1.0, 4.2647, 0.0, 0.5, 0.0, 4.2647, 0.5, 0.0, 0.0, 1.0]], ["frame35.png", [0.9175600409507751, -0.07571747153997421, -0.3903209865093231, 0.9919654908528459, -0.08536941558122635, -0.9963218569755554, -0.007410798687487841, 0.02490151494213108, -0.38832423090934753, 0.040121328085660934, -0.9206490516662598, 2.5110524445958236, 0.0, 0.0, 0.0, 1.0, 4.2647, 0.0, 0.5, 0.0, 4.2647, 0.5, 0.0, 0.0, 1.0]], ["frame35_mirror.png", [0.9175600409507751, 0.07571747153997421, 0.3903209865093231, -0.9919654908528459, 0.08536941558122635, -0.9963218569755554, -0.007410798687487841, 0.02490151494213108, 0.38832423090934753, 0.040121328085660934, -0.9206490516662598, 2.5110524445958236, 0.0, 0.0, 0.0, 1.0, 4.2647, 0.0, 0.5, 0.0, 4.2647, 0.5, 0.0, 0.0, 1.0]], ["frame36.png", [0.9207372665405273, -0.07187754660844803, -0.38350558280944824, 0.9710925604184363, -0.0741657167673111, -0.9972067475318909, 0.00883856788277626, -0.020157179238528937, -0.3830696940422058, 0.02030496671795845, -0.9234963059425354, 2.519240545725063, 0.0, 0.0, 0.0, 1.0, 4.2647, 0.0, 0.5, 0.0, 4.2647, 0.5, 0.0, 0.0, 1.0]], ["frame36_mirror.png", [0.9207372665405273, 0.07187754660844803, 0.38350558280944824, -0.9710925604184363, 0.0741657167673111, -0.9972067475318909, 0.00883856788277626, -0.020157179238528937, 0.3830696940422058, 0.02030496671795845, -0.9234963059425354, 2.519240545725063, 0.0, 0.0, 0.0, 1.0, 4.2647, 0.0, 0.5, 0.0, 4.2647, 0.5, 0.0, 0.0, 1.0]], ["frame37.png", [0.924338698387146, -0.07268320769071579, -0.37458670139312744, 0.9489192533400024, -0.08049961924552917, -0.9967408776283264, -0.00523936003446579, 0.014122842131237524, -0.3729850649833679, 0.03499703109264374, -0.9271771311759949, 2.5277169137327835, 0.0, 0.0, 0.0, 1.0, 4.2647, 0.0, 0.5, 0.0, 4.2647, 0.5, 0.0, 0.0, 1.0]], ["frame37_mirror.png", [0.924338698387146, 0.07268320769071579, 0.37458670139312744, -0.9489192533400024, 0.08049961924552917, -0.9967408776283264, -0.00523936003446579, 0.014122842131237524, 0.3729850649833679, 0.03499703109264374, -0.9271771311759949, 2.5277169137327835, 0.0, 0.0, 0.0, 1.0, 4.2647, 0.0, 0.5, 0.0, 4.2647, 0.5, 0.0, 0.0, 1.0]], ["frame38.png", [0.9350327253341675, -0.07990198582410812, -0.34544095396995544, 0.8800848752897265, -0.09574566781520844, -0.9949827194213867, -0.029018668457865715, 0.07518495879114014, -0.34138911962509155, 0.06020788103342056, -0.937991738319397, 2.551430546626312, 0.0, 0.0, 0.0, 1.0, 4.2647, 0.0, 0.5, 0.0, 4.2647, 0.5, 0.0, 0.0, 1.0]], ["frame38_mirror.png", [0.9350327253341675, 0.07990198582410812, 0.34544095396995544, -0.8800848752897265, 0.09574566781520844, -0.9949827194213867, -0.029018668457865715, 0.07518495879114014, 0.34138911962509155, 0.06020788103342056, -0.937991738319397, 2.551430546626312, 0.0, 0.0, 0.0, 1.0, 4.2647, 0.0, 0.5, 0.0, 4.2647, 0.5, 0.0, 0.0, 1.0]], ["frame39.png", [0.9395353198051453, -0.07896045595407486, -0.3332245945930481, 0.8491564400521252, -0.10000791400671005, -0.9939013719558716, -0.04646134749054909, 0.11998719241728979, -0.32752373814582825, 0.07697717100381851, -0.9417020678520203, 2.5601828868215293, 0.0, 0.0, 0.0, 1.0, 4.2647, 0.0, 0.5, 0.0, 4.2647, 0.5, 0.0, 0.0, 1.0]], ["frame39_mirror.png", [0.9395353198051453, 0.07896045595407486, 0.3332245945930481, -0.8491564400521252, 0.10000791400671005, -0.9939013719558716, -0.04646134749054909, 0.11998719241728979, 0.32752373814582825, 0.07697717100381851, -0.9417020678520203, 2.5601828868215293, 0.0, 0.0, 0.0, 1.0, 4.2647, 0.0, 0.5, 0.0, 4.2647, 0.5, 0.0, 0.0, 1.0]], ["frame4.png", [0.9753677248954773, -0.1615242063999176, -0.1502254158258438, 0.3820006554448158, -0.16694627702236176, -0.985670804977417, -0.024125821888446808, 0.06177286116990572, -0.14417590200901031, 0.048611123114824295, -0.9883573651313782, 2.6721264215718943, 0.0, 0.0, 0.0, 1.0, 4.2647, 0.0, 0.5, 0.0, 4.2647, 0.5, 0.0, 0.0, 1.0]], ["frame4_mirror.png", [0.9753677248954773, 0.1615242063999176, 0.1502254158258438, -0.3820006554448158, 0.16694627702236176, -0.985670804977417, -0.024125821888446808, 0.06177286116990572, 0.14417590200901031, 0.048611123114824295, -0.9883573651313782, 2.6721264215718943, 0.0, 0.0, 0.0, 1.0, 4.2647, 0.0, 0.5, 0.0, 4.2647, 0.5, 0.0, 0.0, 1.0]], ["frame40.png", [0.9373237490653992, -0.07297515869140625, -0.34073275327682495, 0.86603452195907, -0.09609033912420273, -0.9940425157546997, -0.051440153270959854, 0.13217703423180963, -0.33494898676872253, 0.08095719665288925, -0.9387519359588623, 2.553921188759906, 0.0, 0.0, 0.0, 1.0, 4.2647, 0.0, 0.5, 0.0, 4.2647, 0.5, 0.0, 0.0, 1.0]], ["frame40_mirror.png", [0.9373237490653992, 0.07297515869140625, 0.34073275327682495, -0.86603452195907, 0.09609033912420273, -0.9940425157546997, -0.051440153270959854, 0.13217703423180963, 0.33494898676872253, 0.08095719665288925, -0.9387519359588623, 2.553921188759906, 0.0, 0.0, 0.0, 1.0, 4.2647, 0.0, 0.5, 0.0, 4.2647, 0.5, 0.0, 0.0, 1.0]], ["frame41.png", [0.9369742274284363, -0.06507208198308945, -0.34328559041023254, 0.8724830456612876, -0.08564970642328262, -0.9953036904335022, -0.04510843753814697, 0.11781500656899327, -0.3387381136417389, 0.07166774570941925, -0.938147246837616, 2.5524288352980093, 0.0, 0.0, 0.0, 1.0, 4.2647, 0.0, 0.5, 0.0, 4.2647, 0.5, 0.0, 0.0, 1.0]], ["frame41_mirror.png", [0.9369742274284363, 0.06507208198308945, 0.34328559041023254, -0.8724830456612876, 0.08564970642328262, -0.9953036904335022, -0.04510843753814697, 0.11781500656899327, 0.3387381136417389, 0.07166774570941925, -0.938147246837616, 2.5524288352980093, 0.0, 0.0, 0.0, 1.0, 4.2647, 0.0, 0.5, 0.0, 4.2647, 0.5, 0.0, 0.0, 1.0]], ["frame42.png", [0.9426614046096802, -0.06955907493829727, -0.3264215588569641, 0.8349365262993279, -0.09447227418422699, -0.9936519861221313, -0.061080072075128555, 0.15636319408274427, -0.3201007544994354, 0.08841561526060104, -0.9432487487792969, 2.562895149745197, 0.0, 0.0, 0.0, 1.0, 4.2647, 0.0, 0.5, 0.0, 4.2647, 0.5, 0.0, 0.0, 1.0]], ["frame42_mirror.png", [0.9426614046096802, 0.06955907493829727, 0.3264215588569641, -0.8349365262993279, 0.09447227418422699, -0.9936519861221313, -0.061080072075128555, 0.15636319408274427, 0.3201007544994354, 0.08841561526060104, -0.9432487487792969, 2.562895149745197, 0.0, 0.0, 0.0, 1.0, 4.2647, 0.0, 0.5, 0.0, 4.2647, 0.5, 0.0, 0.0, 1.0]], ["frame43.png", [0.9539716839790344, -0.10105939954519272, -0.28235629200935364, 0.7232426096654523, -0.13160938024520874, -0.9870821833610535, -0.09136572480201721, 0.23391309953430772, -0.2694754898548126, 0.12432104349136353, -0.9549488425254822, 2.5907923092039935, 0.0, 0.0, 0.0, 1.0, 4.2647, 0.0, 0.5, 0.0, 4.2647, 0.5, 0.0, 0.0, 1.0]], ["frame43_mirror.png", [0.9539716839790344, 0.10105939954519272, 0.28235629200935364, -0.7232426096654523, 0.13160938024520874, -0.9870821833610535, -0.09136572480201721, 0.23391309953430772, 0.2694754898548126, 0.12432104349136353, -0.9549488425254822, 2.5907923092039935, 0.0, 0.0, 0.0, 1.0, 4.2647, 0.0, 0.5, 0.0, 4.2647, 0.5, 0.0, 0.0, 1.0]], ["frame44.png", [0.9509521126747131, -0.10403761267662048, -0.29131805896759033, 0.7467571079805468, -0.13769297301769257, -0.9856680631637573, -0.0974634438753128, 0.24821660087919142, -0.27700304985046387, 0.1327955275774002, -0.9516484141349792, 2.5827780277694234, 0.0, 0.0, 0.0, 1.0, 4.2647, 0.0, 0.5, 0.0, 4.2647, 0.5, 0.0, 0.0, 1.0]], ["frame44_mirror.png", [0.9509521126747131, 0.10403761267662048, 0.29131805896759033, -0.7467571079805468, 0.13769297301769257, -0.9856680631637573, -0.0974634438753128, 0.24821660087919142, 0.27700304985046387, 0.1327955275774002, -0.9516484141349792, 2.5827780277694234, 0.0, 0.0, 0.0, 1.0, 4.2647, 0.0, 0.5, 0.0, 4.2647, 0.5, 0.0, 0.0, 1.0]], ["frame45.png", [0.9449366927146912, -0.08412207663059235, -0.31625625491142273, 0.8042514800700961, -0.12224522233009338, -0.987174928188324, -0.10267241299152374, 0.2683731687162339, -0.3035632073879242, 0.13567975163459778, -0.9431014060974121, 2.5634264957510036, 0.0, 0.0, 0.0, 1.0, 4.2647, 0.0, 0.5, 0.0, 4.2647, 0.5, 0.0, 0.0, 1.0]], ["frame45_mirror.png", [0.9449366927146912, 0.08412207663059235, 0.31625625491142273, -0.8042514800700961, 0.12224522233009338, -0.987174928188324, -0.10267241299152374, 0.2683731687162339, 0.3035632073879242, 0.13567975163459778, -0.9431014060974121, 2.5634264957510036, 0.0, 0.0, 0.0, 1.0, 4.2647, 0.0, 0.5, 0.0, 4.2647, 0.5, 0.0, 0.0, 1.0]], ["frame46.png", [0.9438697099685669, -0.07063627243041992, -0.32267704606056213, 0.8212920424105845, -0.1025148332118988, -0.9912734031677246, -0.08287166804075241, 0.21748892041166104, -0.314007431268692, 0.11129923909902573, -0.9428741931915283, 2.5628456743571633, 0.0, 0.0, 0.0, 1.0, 4.2647, 0.0, 0.5, 0.0, 4.2647, 0.5, 0.0, 0.0, 1.0]], ["frame46_mirror.png", [0.9438697099685669, 0.07063627243041992, 0.32267704606056213, -0.8212920424105845, 0.1025148332118988, -0.9912734031677246, -0.08287166804075241, 0.21748892041166104, 0.314007431268692, 0.11129923909902573, -0.9428741931915283, 2.5628456743571633, 0.0, 0.0, 0.0, 1.0, 4.2647, 0.0, 0.5, 0.0, 4.2647, 0.5, 0.0, 0.0, 1.0]], ["frame47.png", [0.940822958946228, -0.07374196499586105, -0.3307783603668213, 0.8391510502071168, -0.107450470328331, -0.990588903427124, -0.08478152751922607, 0.22051535497101193, -0.32141342759132385, 0.11530669033527374, -0.9398924112319946, 2.556794573906614, 0.0, 0.0, 0.0, 1.0, 4.2647, 0.0, 0.5, 0.0, 4.2647, 0.5, 0.0, 0.0, 1.0]], ["frame47_mirror.png", [0.940822958946228, 0.07374196499586105, 0.3307783603668213, -0.8391510502071168, 0.107450470328331, -0.990588903427124, -0.08478152751922607, 0.22051535497101193, 0.32141342759132385, 0.11530669033527374, -0.9398924112319946, 2.556794573906614, 0.0, 0.0, 0.0, 1.0, 4.2647, 0.0, 0.5, 0.0, 4.2647, 0.5, 0.0, 0.0, 1.0]], ["frame48.png", [0.9401423335075378, -0.07626131922006607, -0.33213940262794495, 0.843653999222543, -0.11245870590209961, -0.9894683957099915, -0.0911334753036499, 0.23828194808333694, -0.32169148325920105, 0.1230304017663002, -0.9388174414634705, 2.5537168290187187, 0.0, 0.0, 0.0, 1.0, 4.2647, 0.0, 0.5, 0.0, 4.2647, 0.5, 0.0, 0.0, 1.0]], ["frame48_mirror.png", [0.9401423335075378, 0.07626131922006607, 0.33213940262794495, -0.843653999222543, 0.11245870590209961, -0.9894683957099915, -0.0911334753036499, 0.23828194808333694, 0.32169148325920105, 0.1230304017663002, -0.9388174414634705, 2.5537168290187187, 0.0, 0.0, 0.0, 1.0, 4.2647, 0.0, 0.5, 0.0, 4.2647, 0.5, 0.0, 0.0, 1.0]], ["frame49.png", [0.9397669434547424, -0.07529737800359726, -0.3334193825721741, 0.849083844695217, -0.11119809746742249, -0.9897230267524719, -0.08990701287984848, 0.23458754279185023, -0.3232230842113495, 0.12156723439693451, -0.938481867313385, 2.552258864113214, 0.0, 0.0, 0.0, 1.0, 4.2647, 0.0, 0.5, 0.0, 4.2647, 0.5, 0.0, 0.0, 1.0]], ["frame49_mirror.png", [0.9397669434547424, 0.07529737800359726, 0.3334193825721741, -0.849083844695217, 0.11119809746742249, -0.9897230267524719, -0.08990701287984848, 0.23458754279185023, 0.3232230842113495, 0.12156723439693451, -0.938481867313385, 2.552258864113214, 0.0, 0.0, 0.0, 1.0, 4.2647, 0.0, 0.5, 0.0, 4.2647, 0.5, 0.0, 0.0, 1.0]], ["frame5.png", [0.9771093726158142, -0.1664285659790039, -0.13250961899757385, 0.33813332578420036, -0.17095281183719635, -0.9850001335144043, -0.023450620472431183, 0.06236168740883191, -0.1266191303730011, 0.04556671157479286, -0.9909042716026306, 2.6780173401114564, 0.0, 0.0, 0.0, 1.0, 4.2647, 0.0, 0.5, 0.0, 4.2647, 0.5, 0.0, 0.0, 1.0]], ["frame5_mirror.png", [0.9771093726158142, 0.1664285659790039, 0.13250961899757385, -0.33813332578420036, 0.17095281183719635, -0.9850001335144043, -0.023450620472431183, 0.06236168740883191, 0.1266191303730011, 0.04556671157479286, -0.9909042716026306, 2.6780173401114564, 0.0, 0.0, 0.0, 1.0, 4.2647, 0.0, 0.5, 0.0, 4.2647, 0.5, 0.0, 0.0, 1.0]], ["frame6.png", [0.9830464720726013, -0.14576394855976105, -0.1112317219376564, 0.28485062067361017, -0.1469528079032898, -0.9891403317451477, -0.0025212718173861504, 0.006749865028276695, -0.10965626686811447, 0.018824342638254166, -0.9937912821769714, 2.684923567482687, 0.0, 0.0, 0.0, 1.0, 4.2647, 0.0, 0.5, 0.0, 4.2647, 0.5, 0.0, 0.0, 1.0]], ["frame6_mirror.png", [0.9830464720726013, 0.14576394855976105, 0.1112317219376564, -0.28485062067361017, 0.1469528079032898, -0.9891403317451477, -0.0025212718173861504, 0.006749865028276695, 0.10965626686811447, 0.018824342638254166, -0.9937912821769714, 2.684923567482687, 0.0, 0.0, 0.0, 1.0, 4.2647, 0.0, 0.5, 0.0, 4.2647, 0.5, 0.0, 0.0, 1.0]], ["frame7.png", [0.9871408939361572, -0.12229728698730469, -0.1029379665851593, 0.26468499275926993, -0.12027455866336823, -0.9924090504646301, 0.025656314566731453, -0.06413596748962153, -0.10529427230358124, -0.01294557936489582, -0.9943568706512451, 2.686229407977322, 0.0, 0.0, 0.0, 1.0, 4.2647, 0.0, 0.5, 0.0, 4.2647, 0.5, 0.0, 0.0, 1.0]], ["frame7_mirror.png", [0.9871408939361572, 0.12229728698730469, 0.1029379665851593, -0.26468499275926993, 0.12027455866336823, -0.9924090504646301, 0.025656314566731453, -0.06413596748962153, 0.10529427230358124, -0.01294557936489582, -0.9943568706512451, 2.686229407977322, 0.0, 0.0, 0.0, 1.0, 4.2647, 0.0, 0.5, 0.0, 4.2647, 0.5, 0.0, 0.0, 1.0]], ["frame8.png", [0.984336793422699, -0.1115824282169342, -0.13649310171604156, 0.3463836771106948, -0.10607052594423294, -0.9932456612586975, 0.047032710164785385, -0.11989202023042052, -0.14081920683383942, -0.03181813284754753, -0.9895238876342773, 2.6750035984492326, 0.0, 0.0, 0.0, 1.0, 4.2647, 0.0, 0.5, 0.0, 4.2647, 0.5, 0.0, 0.0, 1.0]], ["frame8_mirror.png", [0.984336793422699, 0.1115824282169342, 0.13649310171604156, -0.3463836771106948, 0.10607052594423294, -0.9932456612586975, 0.047032710164785385, -0.11989202023042052, 0.14081920683383942, -0.03181813284754753, -0.9895238876342773, 2.6750035984492326, 0.0, 0.0, 0.0, 1.0, 4.2647, 0.0, 0.5, 0.0, 4.2647, 0.5, 0.0, 0.0, 1.0]], ["frame9.png", [0.978059709072113, -0.09004329144954681, -0.18786025047302246, 0.4761608611890087, -0.07595504075288773, -0.9938236474990845, 0.08090367168188095, -0.20878062812249165, -0.19398479163646698, -0.06485968083143234, -0.9788581132888794, 2.6494681510809905, 0.0, 0.0, 0.0, 1.0, 4.2647, 0.0, 0.5, 0.0, 4.2647, 0.5, 0.0, 0.0, 1.0]], ["frame9_mirror.png", [0.978059709072113, 0.09004329144954681, 0.18786025047302246, -0.4761608611890087, 0.07595504075288773, -0.9938236474990845, 0.08090367168188095, -0.20878062812249165, 0.19398479163646698, -0.06485968083143234, -0.9788581132888794, 2.6494681510809905, 0.0, 0.0, 0.0, 1.0, 4.2647, 0.0, 0.5, 0.0, 4.2647, 0.5, 0.0, 0.0, 1.0]]]}