{"labels": [["frame0.png", [0.9367926716804504, -0.12667061388492584, -0.326150506734848, 0.8299300603515021, -0.13479934632778168, -0.9908701181411743, -0.00234528467990458, 0.018114292066557854, -0.3228757083415985, 0.04616192355751991, -0.9453149437904358, 2.569219330331274, 0.0, 0.0, 0.0, 1.0, 4.2647, 0.0, 0.5, 0.0, 4.2647, 0.5, 0.0, 0.0, 1.0]], ["frame0_mirror.png", [0.9367926716804504, 0.12667061388492584, 0.326150506734848, -0.8299300603515021, 0.13479934632778168, -0.9908701181411743, -0.00234528467990458, 0.018114292066557854, 0.3228757083415985, 0.04616192355751991, -0.9453149437904358, 2.569219330331274, 0.0, 0.0, 0.0, 1.0, 4.2647, 0.0, 0.5, 0.0, 4.2647, 0.5, 0.0, 0.0, 1.0]], ["frame1.png", [0.9406991600990295, -0.12636472284793854, -0.3148285746574402, 0.8009706628870565, -0.13329386711120605, -0.9910764694213867, -0.0004838497843593359, 0.012075385839862904, -0.31195804476737976, 0.042419880628585815, -0.949148416519165, 2.5784297900565543, 0.0, 0.0, 0.0, 1.0, 4.2647, 0.0, 0.5, 0.0, 4.2647, 0.5, 0.0, 0.0, 1.0]], ["frame1_mirror.png", [0.9406991600990295, 0.12636472284793854, 0.3148285746574402, -0.8009706628870565, 0.13329386711120605, -0.9910764694213867, -0.0004838497843593359, 0.012075385839862904, 0.31195804476737976, 0.042419880628585815, -0.949148416519165, 2.5784297900565543, 0.0, 0.0, 0.0, 1.0, 4.2647, 0.0, 0.5, 0.0, 4.2647, 0.5, 0.0, 0.0, 1.0]], ["frame10.png", [0.9671606421470642, -0.1419469267129898, -0.2108347862958908, 0.5331373976247855, -0.14570914208889008, -0.989324688911438, -0.0023361521307379007, 0.015620183291653964, -0.2082524597644806, 0.03297999128699303, -0.9775189161300659, 2.6467943866359938, 0.0, 0.0, 0.0, 1.0, 4.2647, 0.0, 0.5, 0.0, 4.2647, 0.5, 0.0, 0.0, 1.0]], ["frame10_mirror.png", [0.9671606421470642, 0.1419469267129898, 0.2108347862958908, -0.5331373976247855, 0.14570914208889008, -0.989324688911438, -0.0023361521307379007, 0.015620183291653964, 0.2082524597644806, 0.03297999128699303, -0.9775189161300659, 2.6467943866359938, 0.0, 0.0, 0.0, 1.0, 4.2647, 0.0, 0.5, 0.0, 4.2647, 0.5, 0.0, 0.0, 1.0]], ["frame11.png", [0.9604523777961731, -0.15345998108386993, -0.23233866691589355, 0.592210790557539, -0.15885961055755615, -0.9872905015945435, -0.004594680853188038, 0.013616651174805329, -0.22868065536022186, 0.04132220149040222, -0.9726241230964661, 2.6342173346855797, 0.0, 0.0, 0.0, 1.0, 4.2647, 0.0, 0.5, 0.0, 4.2647, 0.5, 0.0, 0.0, 1.0]], ["frame11_mirror.png", [0.9604523777961731, 0.15345998108386993, 0.23233866691589355, -0.592210790557539, 0.15885961055755615, -0.9872905015945435, -0.004594680853188038, 0.013616651174805329, 0.22868065536022186, 0.04132220149040222, -0.9726241230964661, 2.6342173346855797, 0.0, 0.0, 0.0, 1.0, 4.2647, 0.0, 0.5, 0.0, 4.2647, 0.5, 0.0, 0.0, 1.0]], ["frame12.png", [0.9553757309913635, -0.15457509458065033, -0.25172141194343567, 0.6385823298931126, -0.16337183117866516, -0.9864609837532043, -0.014298304915428162, 0.042642818273990774, -0.2461031824350357, 0.054784443229436874, -0.967694103717804, 2.6230505519333662, 0.0, 0.0, 0.0, 1.0, 4.2647, 0.0, 0.5, 0.0, 4.2647, 0.5, 0.0, 0.0, 1.0]], ["frame12_mirror.png", [0.9553757309913635, 0.15457509458065033, 0.25172141194343567, -0.6385823298931126, 0.16337183117866516, -0.9864609837532043, -0.014298304915428162, 0.042642818273990774, 0.2461031824350357, 0.054784443229436874, -0.967694103717804, 2.6230505519333662, 0.0, 0.0, 0.0, 1.0, 4.2647, 0.0, 0.5, 0.0, 4.2647, 0.5, 0.0, 0.0, 1.0]], ["frame13.png", [0.9516054391860962, -0.15123070776462555, -0.26753777265548706, 0.6794617404789575, -0.15986649692058563, -0.9870811104774475, -0.01066342368721962, 0.03368128224603625, -0.2624688148498535, 0.05291769653558731, -0.9634883999824524, 2.612890605144343, 0.0, 0.0, 0.0, 1.0, 4.2647, 0.0, 0.5, 0.0, 4.2647, 0.5, 0.0, 0.0, 1.0]], ["frame13_mirror.png", [0.9516054391860962, 0.15123070776462555, 0.26753777265548706, -0.6794617404789575, 0.15986649692058563, -0.9870811104774475, -0.01066342368721962, 0.03368128224603625, 0.2624688148498535, 0.05291769653558731, -0.9634883999824524, 2.612890605144343, 0.0, 0.0, 0.0, 1.0, 4.2647, 0.0, 0.5, 0.0, 4.2647, 0.5, 0.0, 0.0, 1.0]], ["frame14.png", [0.948164701461792, -0.14291483163833618, -0.28382933139801025, 0.7232463320054958, -0.15556301176548004, -0.9875717163085938, -0.0224103182554245, 0.06750316734228294, -0.27709904313087463, 0.06540201604366302, -0.958612859249115, 2.6004534346223847, 0.0, 0.0, 0.0, 1.0, 4.2647, 0.0, 0.5, 0.0, 4.2647, 0.5, 0.0, 0.0, 1.0]], ["frame14_mirror.png", [0.948164701461792, 0.14291483163833618, 0.28382933139801025, -0.7232463320054958, 0.15556301176548004, -0.9875717163085938, -0.0224103182554245, 0.06750316734228294, 0.27709904313087463, 0.06540201604366302, -0.958612859249115, 2.6004534346223847, 0.0, 0.0, 0.0, 1.0, 4.2647, 0.0, 0.5, 0.0, 4.2647, 0.5, 0.0, 0.0, 1.0]], ["frame15.png", [0.9512264728546143, -0.1408046931028366, -0.27448558807373047, 0.6989470632085543, -0.14955341815948486, -0.9886913299560547, -0.01110000815242529, 0.03516083352515748, -0.26981860399246216, 0.05160887539386749, -0.9615271687507629, 2.607726350409098, 0.0, 0.0, 0.0, 1.0, 4.2647, 0.0, 0.5, 0.0, 4.2647, 0.5, 0.0, 0.0, 1.0]], ["frame15_mirror.png", [0.9512264728546143, 0.1408046931028366, 0.27448558807373047, -0.6989470632085543, 0.14955341815948486, -0.9886913299560547, -0.01110000815242529, 0.03516083352515748, 0.26981860399246216, 0.05160887539386749, -0.9615271687507629, 2.607726350409098, 0.0, 0.0, 0.0, 1.0, 4.2647, 0.0, 0.5, 0.0, 4.2647, 0.5, 0.0, 0.0, 1.0]], ["frame16.png", [0.9565867781639099, -0.14838847517967224, -0.2508437931537628, 0.6349046759388163, -0.15884901583194733, -0.9870607256889343, -0.021863894537091255, 0.05994969172355231, -0.24435371160507202, 0.06076100096106529, -0.9677806496620178, 2.6236047886320986, 0.0, 0.0, 0.0, 1.0, 4.2647, 0.0, 0.5, 0.0, 4.2647, 0.5, 0.0, 0.0, 1.0]], ["frame16_mirror.png", [0.9565867781639099, 0.14838847517967224, 0.2508437931537628, -0.6349046759388163, 0.15884901583194733, -0.9870607256889343, -0.021863894537091255, 0.05994969172355231, 0.24435371160507202, 0.06076100096106529, -0.9677806496620178, 2.6236047886320986, 0.0, 0.0, 0.0, 1.0, 4.2647, 0.0, 0.5, 0.0, 4.2647, 0.5, 0.0, 0.0, 1.0]], ["frame17.png", [0.9614394307136536, -0.15457619726657867, -0.22746515274047852, 0.5804159200572907, -0.16253133118152618, -0.986564576625824, -0.016550326719880104, 0.047867264869439055, -0.22185078263282776, 0.052882350981235504, -0.9736456274986267, 2.636441936530742, 0.0, 0.0, 0.0, 1.0, 4.2647, 0.0, 0.5, 0.0, 4.2647, 0.5, 0.0, 0.0, 1.0]], ["frame17_mirror.png", [0.9614394307136536, 0.15457619726657867, 0.22746515274047852, -0.5804159200572907, 0.16253133118152618, -0.986564576625824, -0.016550326719880104, 0.047867264869439055, 0.22185078263282776, 0.052882350981235504, -0.9736456274986267, 2.636441936530742, 0.0, 0.0, 0.0, 1.0, 4.2647, 0.0, 0.5, 0.0, 4.2647, 0.5, 0.0, 0.0, 1.0]], ["frame18.png", [0.9653249382972717, -0.1604214906692505, -0.20594379305839539, 0.5215528223865925, -0.16799700260162354, -0.9855902194976807, -0.019723037257790565, 0.05540396214852462, -0.19981218874454498, 0.053637079894542694, -0.9783650636672974, 2.64856811398892, 0.0, 0.0, 0.0, 1.0, 4.2647, 0.0, 0.5, 0.0, 4.2647, 0.5, 0.0, 0.0, 1.0]], ["frame18_mirror.png", [0.9653249382972717, 0.1604214906692505, 0.20594379305839539, -0.5215528223865925, 0.16799700260162354, -0.9855902194976807, -0.019723037257790565, 0.05540396214852462, 0.19981218874454498, 0.053637079894542694, -0.9783650636672974, 2.64856811398892, 0.0, 0.0, 0.0, 1.0, 4.2647, 0.0, 0.5, 0.0, 4.2647, 0.5, 0.0, 0.0, 1.0]], ["frame19.png", [0.9684502482414246, -0.15432904660701752, -0.19566982984542847, 0.49530619819068294, -0.1624373495578766, -0.9863764047622681, -0.025992494076490402, 0.07265933558732635, -0.1889927089214325, 0.05695652589201927, -0.9803253412246704, 2.6531853291818686, 0.0, 0.0, 0.0, 1.0, 4.2647, 0.0, 0.5, 0.0, 4.2647, 0.5, 0.0, 0.0, 1.0]], ["frame19_mirror.png", [0.9684502482414246, 0.15432904660701752, 0.19566982984542847, -0.49530619819068294, 0.1624373495578766, -0.9863764047622681, -0.025992494076490402, 0.07265933558732635, 0.1889927089214325, 0.05695652589201927, -0.9803253412246704, 2.6531853291818686, 0.0, 0.0, 0.0, 1.0, 4.2647, 0.0, 0.5, 0.0, 4.2647, 0.5, 0.0, 0.0, 1.0]], ["frame2.png", [0.9457483291625977, -0.12623506784439087, -0.299373984336853, 0.7641661520224537, -0.13425983488559723, -0.9909261465072632, -0.0063011301681399345, 0.02641546353157456, -0.295862078666687, 0.04615318402647972, -0.9541150331497192, 2.5894695046263063, 0.0, 0.0, 0.0, 1.0, 4.2647, 0.0, 0.5, 0.0, 4.2647, 0.5, 0.0, 0.0, 1.0]], ["frame2_mirror.png", [0.9457483291625977, 0.12623506784439087, 0.299373984336853, -0.7641661520224537, 0.13425983488559723, -0.9909261465072632, -0.0063011301681399345, 0.02641546353157456, 0.295862078666687, 0.04615318402647972, -0.9541150331497192, 2.5894695046263063, 0.0, 0.0, 0.0, 1.0, 4.2647, 0.0, 0.5, 0.0, 4.2647, 0.5, 0.0, 0.0, 1.0]], ["frame20.png", [0.9673588275909424, -0.14178025722503662, -0.21003656089305878, 0.5331305267981459, -0.15161193907260895, -0.9879416227340698, -0.03138747811317444, 0.08901589516009785, -0.20305372774600983, 0.062206998467445374, -0.9771896004676819, 2.6453445922610497, 0.0, 0.0, 0.0, 1.0, 4.2647, 0.0, 0.5, 0.0, 4.2647, 0.5, 0.0, 0.0, 1.0]], ["frame20_mirror.png", [0.9673588275909424, 0.14178025722503662, 0.21003656089305878, -0.5331305267981459, 0.15161193907260895, -0.9879416227340698, -0.03138747811317444, 0.08901589516009785, 0.20305372774600983, 0.062206998467445374, -0.9771896004676819, 2.6453445922610497, 0.0, 0.0, 0.0, 1.0, 4.2647, 0.0, 0.5, 0.0, 4.2647, 0.5, 0.0, 0.0, 1.0]], ["frame21.png", [0.9656741619110107, -0.11824509501457214, -0.2312823385000229, 0.5873804164694008, -0.1254030019044876, -0.991969645023346, -0.01644265092909336, 0.05047226630027287, -0.22748079895973206, 0.04488174244761467, -0.9727477431297302, 2.63485043155826, 0.0, 0.0, 0.0, 1.0, 4.2647, 0.0, 0.5, 0.0, 4.2647, 0.5, 0.0, 0.0, 1.0]], ["frame21_mirror.png", [0.9656741619110107, 0.11824509501457214, 0.2312823385000229, -0.5873804164694008, 0.1254030019044876, -0.991969645023346, -0.01644265092909336, 0.05047226630027287, 0.22748079895973206, 0.04488174244761467, -0.9727477431297302, 2.63485043155826, 0.0, 0.0, 0.0, 1.0, 4.2647, 0.0, 0.5, 0.0, 4.2647, 0.5, 0.0, 0.0, 1.0]], ["frame22.png", [0.9611898064613342, -0.09527844190597534, -0.25891348719596863, 0.659073865923666, -0.103452667593956, -0.9944696426391602, -0.018099242821335793, 0.0523301493318752, -0.2557571530342102, 0.044182099401950836, -0.9657309055328369, 2.6178012137531255, 0.0, 0.0, 0.0, 1.0, 4.2647, 0.0, 0.5, 0.0, 4.2647, 0.5, 0.0, 0.0, 1.0]], ["frame22_mirror.png", [0.9611898064613342, 0.09527844190597534, 0.25891348719596863, -0.659073865923666, 0.103452667593956, -0.9944696426391602, -0.018099242821335793, 0.0523301493318752, 0.2557571530342102, 0.044182099401950836, -0.9657309055328369, 2.6178012137531255, 0.0, 0.0, 0.0, 1.0, 4.2647, 0.0, 0.5, 0.0, 4.2647, 0.5, 0.0, 0.0, 1.0]], ["frame23.png", [0.9510498642921448, -0.08830831199884415, -0.296151727437973, 0.7540397437313227, -0.09319522976875305, -0.9956449866294861, -0.0023960010148584843, 0.011322328822023733, -0.2946504056453705, 0.02987864427268505, -0.9551378488540649, 2.5925462136177337, 0.0, 0.0, 0.0, 1.0, 4.2647, 0.0, 0.5, 0.0, 4.2647, 0.5, 0.0, 0.0, 1.0]], ["frame23_mirror.png", [0.9510498642921448, 0.08830831199884415, 0.296151727437973, -0.7540397437313227, 0.09319522976875305, -0.9956449866294861, -0.0023960010148584843, 0.011322328822023733, 0.2946504056453705, 0.02987864427268505, -0.9551378488540649, 2.5925462136177337, 0.0, 0.0, 0.0, 1.0, 4.2647, 0.0, 0.5, 0.0, 4.2647, 0.5, 0.0, 0.0, 1.0]], ["frame24.png", [0.9471799731254578, -0.07977889478206635, -0.3106210231781006, 0.7906948952533301, -0.0786355510354042, -0.9967713952064514, 0.016223302111029625, -0.03392544697268748, -0.3109124004840851, 0.009059470146894455, -0.950395405292511, 2.5814047816388714, 0.0, 0.0, 0.0, 1.0, 4.2647, 0.0, 0.5, 0.0, 4.2647, 0.5, 0.0, 0.0, 1.0]], ["frame24_mirror.png", [0.9471799731254578, 0.07977889478206635, 0.3106210231781006, -0.7906948952533301, 0.0786355510354042, -0.9967713952064514, 0.016223302111029625, -0.03392544697268748, 0.3109124004840851, 0.009059470146894455, -0.950395405292511, 2.5814047816388714, 0.0, 0.0, 0.0, 1.0, 4.2647, 0.0, 0.5, 0.0, 4.2647, 0.5, 0.0, 0.0, 1.0]], ["frame25.png", [0.9441741704940796, -0.07343684881925583, -0.3211576044559479, 0.8104525276853753, -0.06786168366670609, -0.9972866177558899, 0.02853531390428543, -0.05768891767806737, -0.32238173484802246, -0.005148010328412056, -0.9465957880020142, 2.57484731375387, 0.0, 0.0, 0.0, 1.0, 4.2647, 0.0, 0.5, 0.0, 4.2647, 0.5, 0.0, 0.0, 1.0]], ["frame25_mirror.png", [0.9441741704940796, 0.07343684881925583, 0.3211576044559479, -0.8104525276853753, 0.06786168366670609, -0.9972866177558899, 0.02853531390428543, -0.05768891767806737, 0.32238173484802246, -0.005148010328412056, -0.9465957880020142, 2.57484731375387, 0.0, 0.0, 0.0, 1.0, 4.2647, 0.0, 0.5, 0.0, 4.2647, 0.5, 0.0, 0.0, 1.0]], ["frame26.png", [0.9459275603294373, -0.07326991111040115, -0.31599441170692444, 0.803575357942186, -0.06595500558614731, -0.9972500801086426, 0.03379731625318527, -0.07953846128298059, -0.3176017701625824, -0.01112840324640274, -0.9481589198112488, 2.576420050629327, 0.0, 0.0, 0.0, 1.0, 4.2647, 0.0, 0.5, 0.0, 4.2647, 0.5, 0.0, 0.0, 1.0]], ["frame26_mirror.png", [0.9459275603294373, 0.07326991111040115, 0.31599441170692444, -0.803575357942186, 0.06595500558614731, -0.9972500801086426, 0.03379731625318527, -0.07953846128298059, 0.3176017701625824, -0.01112840324640274, -0.9481589198112488, 2.576420050629327, 0.0, 0.0, 0.0, 1.0, 4.2647, 0.0, 0.5, 0.0, 4.2647, 0.5, 0.0, 0.0, 1.0]], ["frame27.png", [0.9558925628662109, -0.08911088109016418, -0.2798725664615631, 0.7103289023378041, -0.08289448916912079, -0.9959782958030701, 0.03399505466222763, -0.07739696806715131, -0.2817763388156891, -0.00929572619497776, -0.9594350457191467, 2.6037362692556987, 0.0, 0.0, 0.0, 1.0, 4.2647, 0.0, 0.5, 0.0, 4.2647, 0.5, 0.0, 0.0, 1.0]], ["frame27_mirror.png", [0.9558925628662109, 0.08911088109016418, 0.2798725664615631, -0.7103289023378041, 0.08289448916912079, -0.9959782958030701, 0.03399505466222763, -0.07739696806715131, 0.2817763388156891, -0.00929572619497776, -0.9594350457191467, 2.6037362692556987, 0.0, 0.0, 0.0, 1.0, 4.2647, 0.0, 0.5, 0.0, 4.2647, 0.5, 0.0, 0.0, 1.0]], ["frame28.png", [0.9663388729095459, -0.1144397184252739, -0.23041851818561554, 0.5846980222634841, -0.10661391168832779, -0.9932277202606201, 0.04617483541369438, -0.11032768367268864, -0.23414228856563568, -0.02005472220480442, -0.97199547290802, 2.6336203266561773, 0.0, 0.0, 0.0, 1.0, 4.2647, 0.0, 0.5, 0.0, 4.2647, 0.5, 0.0, 0.0, 1.0]], ["frame28_mirror.png", [0.9663388729095459, 0.1144397184252739, 0.23041851818561554, -0.5846980222634841, 0.10661391168832779, -0.9932277202606201, 0.04617483541369438, -0.11032768367268864, 0.23414228856563568, -0.02005472220480442, -0.97199547290802, 2.6336203266561773, 0.0, 0.0, 0.0, 1.0, 4.2647, 0.0, 0.5, 0.0, 4.2647, 0.5, 0.0, 0.0, 1.0]], ["frame29.png", [0.9726549983024597, -0.12370359897613525, -0.19657011330127716, 0.4981685326625665, -0.11191772669553757, -0.9912475943565369, 0.07001858204603195, -0.17037844042760655, -0.20351122319698334, -0.04610423743724823, -0.9779865145683289, 2.6481690467381953, 0.0, 0.0, 0.0, 1.0, 4.2647, 0.0, 0.5, 0.0, 4.2647, 0.5, 0.0, 0.0, 1.0]], ["frame29_mirror.png", [0.9726549983024597, 0.12370359897613525, 0.19657011330127716, -0.4981685326625665, 0.11191772669553757, -0.9912475943565369, 0.07001858204603195, -0.17037844042760655, 0.20351122319698334, -0.04610423743724823, -0.9779865145683289, 2.6481690467381953, 0.0, 0.0, 0.0, 1.0, 4.2647, 0.0, 0.5, 0.0, 4.2647, 0.5, 0.0, 0.0, 1.0]], ["frame3.png", [0.9573290348052979, -0.1177034080028534, -0.2639451324939728, 0.6724283675312013, -0.1237182691693306, -0.992297887802124, -0.006221928633749485, 0.022601321108677314, -0.2611798644065857, 0.038611266762018204, -0.9645175933837891, 2.6148287268621377, 0.0, 0.0, 0.0, 1.0, 4.2647, 0.0, 0.5, 0.0, 4.2647, 0.5, 0.0, 0.0, 1.0]], ["frame3_mirror.png", [0.9573290348052979, 0.1177034080028534, 0.2639451324939728, -0.6724283675312013, 0.1237182691693306, -0.992297887802124, -0.006221928633749485, 0.022601321108677314, 0.2611798644065857, 0.038611266762018204, -0.9645175933837891, 2.6148287268621377, 0.0, 0.0, 0.0, 1.0, 4.2647, 0.0, 0.5, 0.0, 4.2647, 0.5, 0.0, 0.0, 1.0]], ["frame30.png", [0.9692404866218567, -0.125446155667305, -0.21174556016921997, 0.5372174843984104, -0.11171481013298035, -0.990855872631073, 0.07565940171480179, -0.18843869262269458, -0.2193005234003067, -0.049677036702632904, -0.9743918776512146, 2.639296920314062, 0.0, 0.0, 0.0, 1.0, 4.2647, 0.0, 0.5, 0.0, 4.2647, 0.5, 0.0, 0.0, 1.0]], ["frame30_mirror.png", [0.9692404866218567, 0.125446155667305, 0.21174556016921997, -0.5372174843984104, 0.11171481013298035, -0.990855872631073, 0.07565940171480179, -0.18843869262269458, 0.2193005234003067, -0.049677036702632904, -0.9743918776512146, 2.639296920314062, 0.0, 0.0, 0.0, 1.0, 4.2647, 0.0, 0.5, 0.0, 4.2647, 0.5, 0.0, 0.0, 1.0]], ["frame31.png", [0.9625142216682434, -0.12576508522033691, -0.24031148850917816, 0.6065250830868562, -0.10850274562835693, -0.9905564188957214, 0.08381615579128265, -0.20494983974539388, -0.24858322739601135, -0.054599784314632416, -0.967070460319519, 2.6229988346880413, 0.0, 0.0, 0.0, 1.0, 4.2647, 0.0, 0.5, 0.0, 4.2647, 0.5, 0.0, 0.0, 1.0]], ["frame31_mirror.png", [0.9625142216682434, 0.12576508522033691, 0.24031148850917816, -0.6065250830868562, 0.10850274562835693, -0.9905564188957214, 0.08381615579128265, -0.20494983974539388, 0.24858322739601135, -0.054599784314632416, -0.967070460319519, 2.6229988346880413, 0.0, 0.0, 0.0, 1.0, 4.2647, 0.0, 0.5, 0.0, 4.2647, 0.5, 0.0, 0.0, 1.0]], ["frame32.png", [0.9538224935531616, -0.12717318534851074, -0.27212074398994446, 0.6865820805119189, -0.10968109965324402, -0.9908527731895447, 0.07861808687448502, -0.18913251863407007, -0.2796297073364258, -0.04514119401574135, -0.9590461254119873, 2.604387439901187, 0.0, 0.0, 0.0, 1.0, 4.2647, 0.0, 0.5, 0.0, 4.2647, 0.5, 0.0, 0.0, 1.0]], ["frame32_mirror.png", [0.9538224935531616, 0.12717318534851074, 0.27212074398994446, -0.6865820805119189, 0.10968109965324402, -0.9908527731895447, 0.07861808687448502, -0.18913251863407007, 0.2796297073364258, -0.04514119401574135, -0.9590461254119873, 2.604387439901187, 0.0, 0.0, 0.0, 1.0, 4.2647, 0.0, 0.5, 0.0, 4.2647, 0.5, 0.0, 0.0, 1.0]], ["frame33.png", [0.9495728611946106, -0.12679269909858704, -0.2867664694786072, 0.7277268049731618, -0.10893234610557556, -0.9910258054733276, 0.07746947556734085, -0.1863759212884148, -0.2940155267715454, -0.04232476279139519, -0.9548631310462952, 2.593391160871697, 0.0, 0.0, 0.0, 1.0, 4.2647, 0.0, 0.5, 0.0, 4.2647, 0.5, 0.0, 0.0, 1.0]], ["frame33_mirror.png", [0.9495728611946106, 0.12679269909858704, 0.2867664694786072, -0.7277268049731618, 0.10893234610557556, -0.9910258054733276, 0.07746947556734085, -0.1863759212884148, 0.2940155267715454, -0.04232476279139519, -0.9548631310462952, 2.593391160871697, 0.0, 0.0, 0.0, 1.0, 4.2647, 0.0, 0.5, 0.0, 4.2647, 0.5, 0.0, 0.0, 1.0]], ["frame34.png", [0.9489824175834656, -0.1227833554148674, -0.2904421091079712, 0.737711013719405, -0.10654761642217636, -0.9917599558830261, 0.07113225758075714, -0.17138239242659195, -0.2967827320098877, -0.03655735030770302, -0.9542450308799744, 2.591603853948984, 0.0, 0.0, 0.0, 1.0, 4.2647, 0.0, 0.5, 0.0, 4.2647, 0.5, 0.0, 0.0, 1.0]], ["frame34_mirror.png", [0.9489824175834656, 0.1227833554148674, 0.2904421091079712, -0.737711013719405, 0.10654761642217636, -0.9917599558830261, 0.07113225758075714, -0.17138239242659195, 0.2967827320098877, -0.03655735030770302, -0.9542450308799744, 2.591603853948984, 0.0, 0.0, 0.0, 1.0, 4.2647, 0.0, 0.5, 0.0, 4.2647, 0.5, 0.0, 0.0, 1.0]], ["frame35.png", [0.9571396708488464, -0.12744849920272827, -0.26007795333862305, 0.6629403864083694, -0.11311635375022888, -0.991154134273529, 0.06941363215446472, -0.17122620518569698, -0.26662397384643555, -0.03701947256922722, -0.9630894064903259, 2.6117411109691617, 0.0, 0.0, 0.0, 1.0, 4.2647, 0.0, 0.5, 0.0, 4.2647, 0.5, 0.0, 0.0, 1.0]], ["frame35_mirror.png", [0.9571396708488464, 0.12744849920272827, 0.26007795333862305, -0.6629403864083694, 0.11311635375022888, -0.991154134273529, 0.06941363215446472, -0.17122620518569698, 0.26662397384643555, -0.03701947256922722, -0.9630894064903259, 2.6117411109691617, 0.0, 0.0, 0.0, 1.0, 4.2647, 0.0, 0.5, 0.0, 4.2647, 0.5, 0.0, 0.0, 1.0]], ["frame36.png", [0.959520161151886, -0.13595958054065704, -0.24664941430091858, 0.6275465366055164, -0.12483202666044235, -0.9903449416160583, 0.060280103236436844, -0.1440123355155161, -0.2524636685848236, -0.027050234377384186, -0.9672281742095947, 2.6221071281726434, 0.0, 0.0, 0.0, 1.0, 4.2647, 0.0, 0.5, 0.0, 4.2647, 0.5, 0.0, 0.0, 1.0]], ["frame36_mirror.png", [0.959520161151886, 0.13595958054065704, 0.24664941430091858, -0.6275465366055164, 0.12483202666044235, -0.9903449416160583, 0.060280103236436844, -0.1440123355155161, 0.2524636685848236, -0.027050234377384186, -0.9672281742095947, 2.6221071281726434, 0.0, 0.0, 0.0, 1.0, 4.2647, 0.0, 0.5, 0.0, 4.2647, 0.5, 0.0, 0.0, 1.0]], ["frame37.png", [0.9629069566726685, -0.13304883241653442, -0.23475122451782227, 0.5977458031394252, -0.12396296858787537, -0.9908642768859863, 0.05311385914683342, -0.13132692708885568, -0.23967333137989044, -0.022043246775865555, -0.9706032872200012, 2.629724927259618, 0.0, 0.0, 0.0, 1.0, 4.2647, 0.0, 0.5, 0.0, 4.2647, 0.5, 0.0, 0.0, 1.0]], ["frame37_mirror.png", [0.9629069566726685, 0.13304883241653442, 0.23475122451782227, -0.5977458031394252, 0.12396296858787537, -0.9908642768859863, 0.05311385914683342, -0.13132692708885568, 0.23967333137989044, -0.022043246775865555, -0.9706032872200012, 2.629724927259618, 0.0, 0.0, 0.0, 1.0, 4.2647, 0.0, 0.5, 0.0, 4.2647, 0.5, 0.0, 0.0, 1.0]], ["frame38.png", [0.9687798023223877, -0.1291119009256363, -0.21165037155151367, 0.5392147104951289, -0.12220585346221924, -0.9914636611938477, 0.04544847458600998, -0.11174332656027529, -0.2157115936279297, -0.01816464588046074, -0.9762881398200989, 2.6432481769510217, 0.0, 0.0, 0.0, 1.0, 4.2647, 0.0, 0.5, 0.0, 4.2647, 0.5, 0.0, 0.0, 1.0]], ["frame38_mirror.png", [0.9687798023223877, 0.1291119009256363, 0.21165037155151367, -0.5392147104951289, 0.12220585346221924, -0.9914636611938477, 0.04544847458600998, -0.11174332656027529, 0.2157115936279297, -0.01816464588046074, -0.9762881398200989, 2.6432481769510217, 0.0, 0.0, 0.0, 1.0, 4.2647, 0.0, 0.5, 0.0, 4.2647, 0.5, 0.0, 0.0, 1.0]], ["frame39.png", [0.9729573726654053, -0.12194235622882843, -0.19617357850074768, 0.4984737480139229, -0.11548008769750595, -0.9923306703567505, 0.0440932959318161, -0.10788449387572203, -0.2000458985567093, -0.020246753469109535, -0.9795773029327393, 2.6513930034082334, 0.0, 0.0, 0.0, 1.0, 4.2647, 0.0, 0.5, 0.0, 4.2647, 0.5, 0.0, 0.0, 1.0]], ["frame39_mirror.png", [0.9729573726654053, 0.12194235622882843, 0.19617357850074768, -0.4984737480139229, 0.11548008769750595, -0.9923306703567505, 0.0440932959318161, -0.10788449387572203, 0.2000458985567093, -0.020246753469109535, -0.9795773029327393, 2.6513930034082334, 0.0, 0.0, 0.0, 1.0, 4.2647, 0.0, 0.5, 0.0, 4.2647, 0.5, 0.0, 0.0, 1.0]], ["frame4.png", [0.9669092297554016, -0.1174258440732956, -0.22649002075195312, 0.5778738522042862, -0.12310235947370529, -0.9923324584960938, -0.011052739806473255, 0.0373981870586053, -0.2234555184841156, 0.03856845200061798, -0.9739508032798767, 2.637169540727958, 0.0, 0.0, 0.0, 1.0, 4.2647, 0.0, 0.5, 0.0, 4.2647, 0.5, 0.0, 0.0, 1.0]], ["frame4_mirror.png", [0.9669092297554016, 0.1174258440732956, 0.22649002075195312, -0.5778738522042862, 0.12310235947370529, -0.9923324584960938, -0.011052739806473255, 0.0373981870586053, 0.2234555184841156, 0.03856845200061798, -0.9739508032798767, 2.637169540727958, 0.0, 0.0, 0.0, 1.0, 4.2647, 0.0, 0.5, 0.0, 4.2647, 0.5, 0.0, 0.0, 1.0]], ["frame40.png", [0.9771833419799805, -0.11499825119972229, -0.17857255041599274, 0.45502537589466, -0.11247918754816055, -0.9933593273162842, 0.02420191653072834, -0.05595070268883944, -0.18016988039016724, -0.003564015030860901, -0.9836291074752808, 2.660793382839139, 0.0, 0.0, 0.0, 1.0, 4.2647, 0.0, 0.5, 0.0, 4.2647, 0.5, 0.0, 0.0, 1.0]], ["frame40_mirror.png", [0.9771833419799805, 0.11499825119972229, 0.17857255041599274, -0.45502537589466, 0.11247918754816055, -0.9933593273162842, 0.02420191653072834, -0.05595070268883944, 0.18016988039016724, -0.003564015030860901, -0.9836291074752808, 2.660793382839139, 0.0, 0.0, 0.0, 1.0, 4.2647, 0.0, 0.5, 0.0, 4.2647, 0.5, 0.0, 0.0, 1.0]], ["frame41.png", [0.9815747737884521, -0.09845265746116638, -0.16376200318336487, 0.41887582881530044, -0.09709817916154861, -0.9951417446136475, 0.016275014728307724, -0.03903177748310428, -0.1645687222480774, -7.41519033908844e-05, -0.9863656163215637, 2.6670244768994538, 0.0, 0.0, 0.0, 1.0, 4.2647, 0.0, 0.5, 0.0, 4.2647, 0.5, 0.0, 0.0, 1.0]], ["frame41_mirror.png", [0.9815747737884521, 0.09845265746116638, 0.16376200318336487, -0.41887582881530044, 0.09709817916154861, -0.9951417446136475, 0.016275014728307724, -0.03903177748310428, 0.1645687222480774, -7.41519033908844e-05, -0.9863656163215637, 2.6670244768994538, 0.0, 0.0, 0.0, 1.0, 4.2647, 0.0, 0.5, 0.0, 4.2647, 0.5, 0.0, 0.0, 1.0]], ["frame42.png", [0.9865870475769043, -0.09243186563253403, -0.13454501330852509, 0.3435482243415913, -0.0900876596570015, -0.9956583976745605, 0.0234215147793293, -0.05667718021271658, -0.13612577319145203, -0.010986517183482647, -0.9906306862831116, 2.677454446819754, 0.0, 0.0, 0.0, 1.0, 4.2647, 0.0, 0.5, 0.0, 4.2647, 0.5, 0.0, 0.0, 1.0]], ["frame42_mirror.png", [0.9865870475769043, 0.09243186563253403, 0.13454501330852509, -0.3435482243415913, 0.0900876596570015, -0.9956583976745605, 0.0234215147793293, -0.05667718021271658, 0.13612577319145203, -0.010986517183482647, -0.9906306862831116, 2.677454446819754, 0.0, 0.0, 0.0, 1.0, 4.2647, 0.0, 0.5, 0.0, 4.2647, 0.5, 0.0, 0.0, 1.0]], ["frame43.png", [0.9890809655189514, -0.09557141363620758, -0.11218243092298508, 0.28790661168247755, -0.09355395287275314, -0.9953455924987793, 0.02312442660331726, -0.056026971595951415, -0.11387031525373459, -0.012376820668578148, -0.9934185147285461, 2.68402137871577, 0.0, 0.0, 0.0, 1.0, 4.2647, 0.0, 0.5, 0.0, 4.2647, 0.5, 0.0, 0.0, 1.0]], ["frame43_mirror.png", [0.9890809655189514, 0.09557141363620758, 0.11218243092298508, -0.28790661168247755, 0.09355395287275314, -0.9953455924987793, 0.02312442660331726, -0.056026971595951415, 0.11387031525373459, -0.012376820668578148, -0.9934185147285461, 2.68402137871577, 0.0, 0.0, 0.0, 1.0, 4.2647, 0.0, 0.5, 0.0, 4.2647, 0.5, 0.0, 0.0, 1.0]], ["frame44.png", [0.9919494986534119, -0.09534003585577011, -0.08334530889987946, 0.213344878473651, -0.09491290897130966, -0.995444118976593, 0.009081199765205383, -0.019586988625855742, -0.08383139967918396, -0.0010975468903779984, -0.9964792728424072, 2.6914866361744463, 0.0, 0.0, 0.0, 1.0, 4.2647, 0.0, 0.5, 0.0, 4.2647, 0.5, 0.0, 0.0, 1.0]], ["frame44_mirror.png", [0.9919494986534119, 0.09534003585577011, 0.08334530889987946, -0.213344878473651, 0.09491290897130966, -0.995444118976593, 0.009081199765205383, -0.019586988625855742, 0.08383139967918396, -0.0010975468903779984, -0.9964792728424072, 2.6914866361744463, 0.0, 0.0, 0.0, 1.0, 4.2647, 0.0, 0.5, 0.0, 4.2647, 0.5, 0.0, 0.0, 1.0]], ["frame45.png", [0.994366466999054, -0.08558514714241028, -0.06253384053707123, 0.16252831507002924, -0.08410082757472992, -0.9961180090904236, 0.025999736040830612, -0.0606192571789562, -0.06451627612113953, -0.020594120025634766, -0.9977040886878967, 2.6944219885644434, 0.0, 0.0, 0.0, 1.0, 4.2647, 0.0, 0.5, 0.0, 4.2647, 0.5, 0.0, 0.0, 1.0]], ["frame45_mirror.png", [0.994366466999054, 0.08558514714241028, 0.06253384053707123, -0.16252831507002924, 0.08410082757472992, -0.9961180090904236, 0.025999736040830612, -0.0606192571789562, 0.06451627612113953, -0.020594120025634766, -0.9977040886878967, 2.6944219885644434, 0.0, 0.0, 0.0, 1.0, 4.2647, 0.0, 0.5, 0.0, 4.2647, 0.5, 0.0, 0.0, 1.0]], ["frame46.png", [0.9961676597595215, -0.07674295455217361, -0.04195907339453697, 0.11028946063802281, -0.07517165690660477, -0.9964529275894165, 0.03782656416296959, -0.09113071361174364, -0.04471316561102867, -0.03452746570110321, -0.9984030723571777, 2.696206859257796, 0.0, 0.0, 0.0, 1.0, 4.2647, 0.0, 0.5, 0.0, 4.2647, 0.5, 0.0, 0.0, 1.0]], ["frame46_mirror.png", [0.9961676597595215, 0.07674295455217361, 0.04195907339453697, -0.11028946063802281, 0.07517165690660477, -0.9964529275894165, 0.03782656416296959, -0.09113071361174364, 0.04471316561102867, -0.03452746570110321, -0.9984030723571777, 2.696206859257796, 0.0, 0.0, 0.0, 1.0, 4.2647, 0.0, 0.5, 0.0, 4.2647, 0.5, 0.0, 0.0, 1.0]], ["frame47.png", [0.9972741603851318, -0.07121823728084564, -0.019292378798127174, 0.052141172445269585, -0.0706196054816246, -0.9970486760139465, 0.030112849548459053, -0.07529409248527966, -0.021380025893449783, -0.028668347746133804, -0.9993602633476257, 2.698446237702884, 0.0, 0.0, 0.0, 1.0, 4.2647, 0.0, 0.5, 0.0, 4.2647, 0.5, 0.0, 0.0, 1.0]], ["frame47_mirror.png", [0.9972741603851318, 0.07121823728084564, 0.019292378798127174, -0.052141172445269585, 0.0706196054816246, -0.9970486760139465, 0.030112849548459053, -0.07529409248527966, 0.021380025893449783, -0.028668347746133804, -0.9993602633476257, 2.698446237702884, 0.0, 0.0, 0.0, 1.0, 4.2647, 0.0, 0.5, 0.0, 4.2647, 0.5, 0.0, 0.0, 1.0]], ["frame48.png", [0.9981056451797485, -0.061037175357341766, 0.007718496490269899, -0.01735797109747816, -0.0613834410905838, -0.9964226484298706, 0.058086346834897995, -0.14305439412876236, 0.004145457409322262, -0.05845009908080101, -0.998281717300415, 2.6961517281413956, 0.0, 0.0, 0.0, 1.0, 4.2647, 0.0, 0.5, 0.0, 4.2647, 0.5, 0.0, 0.0, 1.0]], ["frame48_mirror.png", [0.9981056451797485, 0.061037175357341766, -0.007718496490269899, 0.01735797109747816, 0.0613834410905838, -0.9964226484298706, 0.058086346834897995, -0.14305439412876236, -0.004145457409322262, -0.05845009908080101, -0.998281717300415, 2.6961517281413956, 0.0, 0.0, 0.0, 1.0, 4.2647, 0.0, 0.5, 0.0, 4.2647, 0.5, 0.0, 0.0, 1.0]], ["frame49.png", [0.9981603026390076, -0.05151926353573799, 0.03196399658918381, -0.07965766616659488, -0.05311839282512665, -0.9972655177116394, 0.05137929320335388, -0.12929350087309896, 0.029229572042822838, -0.052982646971940994, -0.9981675148010254, 2.695725847866001, 0.0, 0.0, 0.0, 1.0, 4.2647, 0.0, 0.5, 0.0, 4.2647, 0.5, 0.0, 0.0, 1.0]], ["frame49_mirror.png", [0.9981603026390076, 0.05151926353573799, -0.03196399658918381, 0.07965766616659488, 0.05311839282512665, -0.9972655177116394, 0.05137929320335388, -0.12929350087309896, -0.029229572042822838, -0.052982646971940994, -0.9981675148010254, 2.695725847866001, 0.0, 0.0, 0.0, 1.0, 4.2647, 0.0, 0.5, 0.0, 4.2647, 0.5, 0.0, 0.0, 1.0]], ["frame5.png", [0.9738537669181824, -0.1117059662938118, -0.19781456887722015, 0.5034429248353283, -0.11636199057102203, -0.9931339621543884, -0.012034328654408455, 0.039759697177701586, -0.19511204957962036, 0.03473777323961258, -0.9801656007766724, 2.652350728677033, 0.0, 0.0, 0.0, 1.0, 4.2647, 0.0, 0.5, 0.0, 4.2647, 0.5, 0.0, 0.0, 1.0]], ["frame5_mirror.png", [0.9738537669181824, 0.1117059662938118, 0.19781456887722015, -0.5034429248353283, 0.11636199057102203, -0.9931339621543884, -0.012034328654408455, 0.039759697177701586, 0.19511204957962036, 0.03473777323961258, -0.9801656007766724, 2.652350728677033, 0.0, 0.0, 0.0, 1.0, 4.2647, 0.0, 0.5, 0.0, 4.2647, 0.5, 0.0, 0.0, 1.0]], ["frame6.png", [0.9763395190238953, -0.11625202745199203, -0.18233643472194672, 0.4689437964207839, -0.12061125785112381, -0.9926151037216187, -0.012965125031769276, 0.04414896369160452, -0.17948268353939056, 0.03465019166469574, -0.9831506609916687, 2.658597860678335, 0.0, 0.0, 0.0, 1.0, 4.2647, 0.0, 0.5, 0.0, 4.2647, 0.5, 0.0, 0.0, 1.0]], ["frame6_mirror.png", [0.9763395190238953, 0.11625202745199203, 0.18233643472194672, -0.4689437964207839, 0.12061125785112381, -0.9926151037216187, -0.012965125031769276, 0.04414896369160452, 0.17948268353939056, 0.03465019166469574, -0.9831506609916687, 2.658597860678335, 0.0, 0.0, 0.0, 1.0, 4.2647, 0.0, 0.5, 0.0, 4.2647, 0.5, 0.0, 0.0, 1.0]], ["frame7.png", [0.9764670729637146, -0.11666678637266159, -0.1813860386610031, 0.46518594265774194, -0.12044952809810638, -0.9926697015762329, -0.009942417964339256, 0.03693638030652683, -0.1788964867591858, 0.03155630826950073, -0.9833617210388184, 2.6593679216241366, 0.0, 0.0, 0.0, 1.0, 4.2647, 0.0, 0.5, 0.0, 4.2647, 0.5, 0.0, 0.0, 1.0]], ["frame7_mirror.png", [0.9764670729637146, 0.11666678637266159, 0.1813860386610031, -0.46518594265774194, 0.12044952809810638, -0.9926697015762329, -0.009942417964339256, 0.03693638030652683, 0.1788964867591858, 0.03155630826950073, -0.9833617210388184, 2.6593679216241366, 0.0, 0.0, 0.0, 1.0, 4.2647, 0.0, 0.5, 0.0, 4.2647, 0.5, 0.0, 0.0, 1.0]], ["frame8.png", [0.9765551090240479, -0.12017486989498138, -0.17860057950019836, 0.4540333687166586, -0.12166104465723038, -0.9925681352615356, 0.0026485626585781574, 0.0028797906709822495, -0.17759154736995697, 0.019142266362905502, -0.9839180707931519, 2.6615494372446844, 0.0, 0.0, 0.0, 1.0, 4.2647, 0.0, 0.5, 0.0, 4.2647, 0.5, 0.0, 0.0, 1.0]], ["frame8_mirror.png", [0.9765551090240479, 0.12017486989498138, 0.17860057950019836, -0.4540333687166586, 0.12166104465723038, -0.9925681352615356, 0.0026485626585781574, 0.0028797906709822495, 0.17759154736995697, 0.019142266362905502, -0.9839180707931519, 2.6615494372446844, 0.0, 0.0, 0.0, 1.0, 4.2647, 0.0, 0.5, 0.0, 4.2647, 0.5, 0.0, 0.0, 1.0]], ["frame9.png", [0.9719120860099792, -0.13581258058547974, -0.19220268726348877, 0.4901442071112325, -0.13909941911697388, -0.9902716875076294, -0.0036474401131272316, 0.022016198027641428, -0.1898375153541565, 0.03028027154505253, -0.98134845495224, 2.6550468815559003, 0.0, 0.0, 0.0, 1.0, 4.2647, 0.0, 0.5, 0.0, 4.2647, 0.5, 0.0, 0.0, 1.0]], ["frame9_mirror.png", [0.9719120860099792, 0.13581258058547974, 0.19220268726348877, -0.4901442071112325, 0.13909941911697388, -0.9902716875076294, -0.0036474401131272316, 0.022016198027641428, 0.1898375153541565, 0.03028027154505253, -0.98134845495224, 2.6550468815559003, 0.0, 0.0, 0.0, 1.0, 4.2647, 0.0, 0.5, 0.0, 4.2647, 0.5, 0.0, 0.0, 1.0]]]}