{"labels": [["frame0.png", [0.8936554193496704, -0.4486933946609497, 0.0073646861128509045, -0.019330530547091513, -0.44775545597076416, -0.8926413059234619, -0.052024733275175095, 0.1386053946543055, 0.029917176812887192, 0.04319460690021515, -0.9986186623573303, 2.696370685785152, 0.0, 0.0, 0.0, 1.0, 4.2647, 0.0, 0.5, 0.0, 4.2647, 0.5, 0.0, 0.0, 1.0]], ["frame0_mirror.png", [0.8936554193496704, 0.4486933946609497, -0.0073646861128509045, 0.019330530547091513, 0.44775545597076416, -0.8926413059234619, -0.052024733275175095, 0.1386053946543055, -0.029917176812887192, 0.04319460690021515, -0.9986186623573303, 2.696370685785152, 0.0, 0.0, 0.0, 1.0, 4.2647, 0.0, 0.5, 0.0, 4.2647, 0.5, 0.0, 0.0, 1.0]], ["frame1.png", [0.8985984325408936, -0.43820327520370483, 0.022330885753035545, -0.055607459978108516, -0.4368366301059723, -0.89825040102005, -0.048165444284677505, 0.12573420025514886, 0.041164983063936234, 0.03352644667029381, -0.9985896944999695, 2.6964974914286466, 0.0, 0.0, 0.0, 1.0, 4.2647, 0.0, 0.5, 0.0, 4.2647, 0.5, 0.0, 0.0, 1.0]], ["frame1_mirror.png", [0.8985984325408936, 0.43820327520370483, -0.022330885753035545, 0.055607459978108516, 0.4368366301059723, -0.89825040102005, -0.048165444284677505, 0.12573420025514886, -0.041164983063936234, 0.03352644667029381, -0.9985896944999695, 2.6964974914286466, 0.0, 0.0, 0.0, 1.0, 4.2647, 0.0, 0.5, 0.0, 4.2647, 0.5, 0.0, 0.0, 1.0]], ["frame2.png", [0.9051528573036194, -0.4240821897983551, 0.029200145974755287, -0.0770961644098435, -0.4223027527332306, -0.9049499034881592, -0.052211564034223557, 0.13452277729452924, 0.04856666177511215, 0.03492814302444458, -0.9982090592384338, 2.6955444355124736, 0.0, 0.0, 0.0, 1.0, 4.2647, 0.0, 0.5, 0.0, 4.2647, 0.5, 0.0, 0.0, 1.0]], ["frame2_mirror.png", [0.9051528573036194, 0.4240821897983551, -0.029200145974755287, 0.0770961644098435, 0.4223027527332306, -0.9049499034881592, -0.052211564034223557, 0.13452277729452924, -0.04856666177511215, 0.03492814302444458, -0.9982090592384338, 2.6955444355124736, 0.0, 0.0, 0.0, 1.0, 4.2647, 0.0, 0.5, 0.0, 4.2647, 0.5, 0.0, 0.0, 1.0]], ["frame3.png", [0.9147616028785706, -0.40251484513282776, 0.0345400832593441, -0.08580664703099762, -0.4014558494091034, -0.9152547717094421, -0.033793751150369644, 0.09314173714324013, 0.045215461403131485, 0.017046907916665077, -0.9988318085670471, 2.697028334320431, 0.0, 0.0, 0.0, 1.0, 4.2647, 0.0, 0.5, 0.0, 4.2647, 0.5, 0.0, 0.0, 1.0]], ["frame3_mirror.png", [0.9147616028785706, 0.40251484513282776, -0.0345400832593441, 0.08580664703099762, 0.4014558494091034, -0.9152547717094421, -0.033793751150369644, 0.09314173714324013, -0.045215461403131485, 0.017046907916665077, -0.9988318085670471, 2.697028334320431, 0.0, 0.0, 0.0, 1.0, 4.2647, 0.0, 0.5, 0.0, 4.2647, 0.5, 0.0, 0.0, 1.0]]]}