{"frame0.png": {"intrinsics": [[2985.29, 0.0, 512.0], [0.0, 2985.29, 512.0], [0.0, 0.0, 1.0]], "pose": [[0.9952422976493835, 0.06752042472362518, -0.07024050503969193, 0.18775703012943268], [0.0660906434059143, -0.9975602030754089, -0.022486917674541473, 0.06500371545553207], [-0.0715874582529068, 0.01773769035935402, -0.9972766637802124, 2.8734867572784424], [0.0, 0.0, 0.0, 1.0]]}, "frame1.png": {"intrinsics": [[2985.29, 0.0, 512.0], [0.0, 2985.29, 512.0], [0.0, 0.0, 1.0]], "pose": [[0.9975914359092712, -0.011895681731402874, -0.06833560764789581, 0.18529827892780304], [-0.01646488532423973, -0.9976375102996826, -0.06669511646032333, 0.18182562291622162], [-0.06738077849149704, 0.06765961647033691, -0.9954305291175842, 2.878943920135498], [0.0, 0.0, 0.0, 1.0]]}, "frame10.png": {"intrinsics": [[2985.29, 0.0, 512.0], [0.0, 2985.29, 512.0], [0.0, 0.0, 1.0]], "pose": [[0.9946688413619995, 0.08322089910507202, -0.060894276946783066, 0.16663850843906403], [0.07787550985813141, -0.9932954907417297, -0.08543670922517776, 0.23494867980480194], [-0.06759613007307053, 0.08023905754089355, -0.9944809675216675, 2.8858699798583984], [0.0, 0.0, 0.0, 1.0]]}, "frame11.png": {"intrinsics": [[2985.29, 0.0, 512.0], [0.0, 2985.29, 512.0], [0.0, 0.0, 1.0]], "pose": [[0.9954507946968079, 0.07837984710931778, -0.05416882038116455, 0.1447572112083435], [0.07473611831665039, -0.9949966669082642, -0.06630311161279678, 0.18106849491596222], [-0.0590946227312088, 0.06195312365889549, -0.9963279962539673, 2.8373591899871826], [0.0, 0.0, 0.0, 1.0]]}, "frame12.png": {"intrinsics": [[2985.29, 0.0, 512.0], [0.0, 2985.29, 512.0], [0.0, 0.0, 1.0]], "pose": [[0.9954178333282471, 0.08343032002449036, -0.04671896621584892, 0.12680527567863464], [0.0822005569934845, -0.9962319731712341, -0.027655888348817825, 0.07537900656461716], [-0.048850271850824356, 0.023688841611146927, -0.9985251426696777, 2.885871648788452], [0.0, 0.0, 0.0, 1.0]]}, "frame13.png": {"intrinsics": [[2985.29, 0.0, 512.0], [0.0, 2985.29, 512.0], [0.0, 0.0, 1.0]], "pose": [[0.9954175353050232, 0.05640021339058876, -0.07721986621618271, 0.20722328126430511], [0.053761836141347885, -0.9979106783866882, -0.03583142161369324, 0.09952037036418915], [-0.07907942682504654, 0.03151574730873108, -0.9963700175285339, 2.868821859359741], [0.0, 0.0, 0.0, 1.0]]}, "frame14.png": {"intrinsics": [[2985.29, 0.0, 512.0], [0.0, 2985.29, 512.0], [0.0, 0.0, 1.0]], "pose": [[0.9959079623222351, 0.05533832684159279, -0.0714494064450264, 0.19564375281333923], [0.05419839918613434, -0.9983716011047363, -0.01779712736606598, 0.05151750147342682], [-0.07231792062520981, 0.013851858675479889, -0.9972854256629944, 2.9238762855529785], [0.0, 0.0, 0.0, 1.0]]}, "frame15.png": {"intrinsics": [[2985.29, 0.0, 512.0], [0.0, 2985.29, 512.0], [0.0, 0.0, 1.0]], "pose": [[0.9952821135520935, 0.061005011200904846, -0.07544514536857605, 0.20349866151809692], [0.057773999869823456, -0.9973466396331787, -0.044293325394392014, 0.12486562132835388], [-0.07794708013534546, 0.03972558677196503, -0.9961656928062439, 2.8450238704681396], [0.0, 0.0, 0.0, 1.0]]}, "frame16.png": {"intrinsics": [[2985.29, 0.0, 512.0], [0.0, 2985.29, 512.0], [0.0, 0.0, 1.0]], "pose": [[0.9951487183570862, 0.04323860630393028, -0.0883709043264389, 0.2425813376903534], [0.03925084322690964, -0.9981525540351868, -0.046376172453165054, 0.12821067869663239], [-0.09021288901567459, 0.04268256202340126, -0.9950073957443237, 2.8824377059936523], [0.0, 0.0, 0.0, 1.0]]}, "frame17.png": {"intrinsics": [[2985.29, 0.0, 512.0], [0.0, 2985.29, 512.0], [0.0, 0.0, 1.0]], "pose": [[0.9944470524787903, 0.01692800782620907, -0.10386776924133301, 0.2796908915042877], [0.009891757741570473, -0.9976439476013184, -0.06788722425699234, 0.1922784000635147], [-0.10477225482463837, 0.06648281216621399, -0.9922715425491333, 2.9092416763305664], [0.0, 0.0, 0.0, 1.0]]}, "frame18.png": {"intrinsics": [[2985.29, 0.0, 512.0], [0.0, 2985.29, 512.0], [0.0, 0.0, 1.0]], "pose": [[0.9940395355224609, 0.032399050891399384, -0.10409469902515411, 0.2753355801105499], [0.01729845441877842, -0.9895976781845093, -0.14281877875328064, 0.38660240173339844], [-0.10763906687498093, 0.14016684889793396, -0.9842596650123596, 2.799445152282715], [0.0, 0.0, 0.0, 1.0]]}, "frame19.png": {"intrinsics": [[2985.29, 0.0, 512.0], [0.0, 2985.29, 512.0], [0.0, 0.0, 1.0]], "pose": [[0.9957821369171143, 0.048016421496868134, -0.07818138599395752, 0.21461999416351318], [0.03254030644893646, -0.9815570116043091, -0.18837988376617432, 0.5231488943099976], [-0.08578482270240784, 0.18504127860069275, -0.9789794087409973, 2.859487295150757], [0.0, 0.0, 0.0, 1.0]]}, "frame2.png": {"intrinsics": [[2985.29, 0.0, 512.0], [0.0, 2985.29, 512.0], [0.0, 0.0, 1.0]], "pose": [[0.9925079345703125, -0.01935441792011261, -0.12063731253147125, 0.32561972737312317], [-0.027226656675338745, -0.9975814819335938, -0.06395257264375687, 0.17588569223880768], [-0.11910778284072876, 0.06675798445940018, -0.9906345009803772, 2.8430771827697754], [0.0, 0.0, 0.0, 1.0]]}, "frame20.png": {"intrinsics": [[2985.29, 0.0, 512.0], [0.0, 2985.29, 512.0], [0.0, 0.0, 1.0]], "pose": [[0.9947192668914795, 0.03151223063468933, -0.0976758599281311, 0.27239254117012024], [0.01774098351597786, -0.9901649355888367, -0.13877540826797485, 0.3941231071949005], [-0.10108833760023117, 0.1363096982240677, -0.9854952096939087, 2.9136435985565186], [0.0, 0.0, 0.0, 1.0]]}, "frame21.png": {"intrinsics": [[2985.29, 0.0, 512.0], [0.0, 2985.29, 512.0], [0.0, 0.0, 1.0]], "pose": [[0.9926825761795044, 0.06158723682165146, -0.10386655479669571, 0.28411436080932617], [0.056820839643478394, -0.997218132019043, -0.04824317991733551, 0.14108140766620636], [-0.10654877126216888, 0.04198838025331497, -0.9934205412864685, 2.8389248847961426], [0.0, 0.0, 0.0, 1.0]]}, "frame22.png": {"intrinsics": [[2985.29, 0.0, 512.0], [0.0, 2985.29, 512.0], [0.0, 0.0, 1.0]], "pose": [[0.9915043115615845, 0.062187064439058304, -0.11424506455659866, 0.3152335584163666], [0.06520877778530121, -0.9976087808609009, 0.02290186658501625, -0.06074989214539528], [-0.11254768073558807, -0.03015708178281784, -0.9931885600090027, 2.9229798316955566], [0.0, 0.0, 0.0, 1.0]]}, "frame23.png": {"intrinsics": [[2985.29, 0.0, 512.0], [0.0, 2985.29, 512.0], [0.0, 0.0, 1.0]], "pose": [[0.9904351830482483, 0.0680219978094101, -0.12004654854536057, 0.32091933488845825], [0.07526694983243942, -0.9955397248268127, 0.05688151344656944, -0.15063638985157013], [-0.11564190685749054, -0.06537298858165741, -0.9911373853683472, 2.8254499435424805], [0.0, 0.0, 0.0, 1.0]]}, "frame24.png": {"intrinsics": [[2985.29, 0.0, 512.0], [0.0, 2985.29, 512.0], [0.0, 0.0, 1.0]], "pose": [[0.9921890497207642, 0.05620802566409111, -0.1113620325922966, 0.30565840005874634], [0.05875109136104584, -0.9980785250663757, 0.01968502067029476, -0.049093350768089294], [-0.11004159599542618, -0.02607390098273754, -0.9935848712921143, 2.8344335556030273], [0.0, 0.0, 0.0, 1.0]]}, "frame25.png": {"intrinsics": [[2985.29, 0.0, 512.0], [0.0, 2985.29, 512.0], [0.0, 0.0, 1.0]], "pose": [[0.9906212687492371, 0.04195678234100342, -0.13003525137901306, 0.34907644987106323], [0.0472530722618103, -0.9981631636619568, 0.03791418671607971, -0.09459242224693298], [-0.12820564210414886, -0.04370316490530968, -0.990784227848053, 2.836083173751831], [0.0, 0.0, 0.0, 1.0]]}, "frame26.png": {"intrinsics": [[2985.29, 0.0, 512.0], [0.0, 2985.29, 512.0], [0.0, 0.0, 1.0]], "pose": [[0.9946197867393494, 0.06708125025033951, -0.07894051820039749, 0.21364416182041168], [0.07060156017541885, -0.9965910911560059, 0.0426793172955513, -0.10965106636285782], [-0.07580842822790146, -0.04802301526069641, -0.995965301990509, 2.7628097534179688], [0.0, 0.0, 0.0, 1.0]]}, "frame27.png": {"intrinsics": [[2985.29, 0.0, 512.0], [0.0, 2985.29, 512.0], [0.0, 0.0, 1.0]], "pose": [[0.99126797914505, 0.06813853979110718, -0.11289320886135101, 0.3072758913040161], [0.07635731250047684, -0.9946098327636719, 0.07014854997396469, -0.184861958026886], [-0.10750487446784973, -0.0781562402844429, -0.9911277890205383, 2.8212897777557373], [0.0, 0.0, 0.0, 1.0]]}, "frame28.png": {"intrinsics": [[2985.29, 0.0, 512.0], [0.0, 2985.29, 512.0], [0.0, 0.0, 1.0]], "pose": [[0.9915909171104431, 0.0657966285943985, -0.11143682897090912, 0.299553781747818], [0.08247842639684677, -0.9848702549934387, 0.152406707406044, -0.3977043628692627], [-0.0997229740023613, -0.16031624376773834, -0.9820152521133423, 2.739238977432251], [0.0, 0.0, 0.0, 1.0]]}, "frame29.png": {"intrinsics": [[2985.29, 0.0, 512.0], [0.0, 2985.29, 512.0], [0.0, 0.0, 1.0]], "pose": [[0.9903383851051331, 0.053510382771492004, -0.12793192267417908, 0.33255526423454285], [0.06506645679473877, -0.993999719619751, 0.0879257321357727, -0.21888867020606995], [-0.12245935201644897, -0.09540029615163803, -0.9878777861595154, 2.6832165718078613], [0.0, 0.0, 0.0, 1.0]]}, "frame3.png": {"intrinsics": [[2985.29, 0.0, 512.0], [0.0, 2985.29, 512.0], [0.0, 0.0, 1.0]], "pose": [[0.9939692616462708, -0.0032806149683892727, -0.10961048305034637, 0.30293041467666626], [-0.01302847359329462, -0.996005654335022, -0.08833453804254532, 0.25071409344673157], [-0.10888286679983139, 0.08922986686229706, -0.9900416731834412, 2.9107375144958496], [0.0, 0.0, 0.0, 1.0]]}, "frame30.png": {"intrinsics": [[2985.29, 0.0, 512.0], [0.0, 2985.29, 512.0], [0.0, 0.0, 1.0]], "pose": [[0.9916606545448303, 0.037156153470277786, -0.12340410053730011, 0.3284912407398224], [0.040075115859508514, -0.998970627784729, 0.02125546708703041, -0.048393700271844864], [-0.12248729169368744, -0.02602364495396614, -0.9921287894248962, 2.7844793796539307], [0.0, 0.0, 0.0, 1.0]]}, "frame31.png": {"intrinsics": [[2985.29, 0.0, 512.0], [0.0, 2985.29, 512.0], [0.0, 0.0, 1.0]], "pose": [[0.9891484975814819, 0.03668944165110588, -0.14226436614990234, 0.3813473880290985], [0.03355155140161514, -0.9991392493247986, -0.024393990635871887, 0.06835554540157318], [-0.14303690195083618, 0.01935608871281147, -0.9895280599594116, 2.8481814861297607], [0.0, 0.0, 0.0, 1.0]]}, "frame32.png": {"intrinsics": [[2985.29, 0.0, 512.0], [0.0, 2985.29, 512.0], [0.0, 0.0, 1.0]], "pose": [[0.9884466528892517, 0.0337773934006691, -0.14775747060775757, 0.40711766481399536], [0.030291367322206497, -0.9992085695266724, -0.025780491530895233, 0.07566703855991364], [-0.1485113501548767, 0.021006865426898003, -0.9886875748634338, 2.918555974960327], [0.0, 0.0, 0.0, 1.0]]}, "frame33.png": {"intrinsics": [[2985.29, 0.0, 512.0], [0.0, 2985.29, 512.0], [0.0, 0.0, 1.0]], "pose": [[0.9923717379570007, 0.03433231636881828, -0.11840469390153885, 0.3229747712612152], [0.02679685316979885, -0.9975476861000061, -0.06465692818164825, 0.17928554117679596], [-0.12033415585756302, 0.0609908364713192, -0.9908580780029297, 2.842095375061035], [0.0, 0.0, 0.0, 1.0]]}, "frame34.png": {"intrinsics": [[2985.29, 0.0, 512.0], [0.0, 2985.29, 512.0], [0.0, 0.0, 1.0]], "pose": [[0.991089403629303, 0.03692491352558136, -0.1279778927564621, 0.3544328212738037], [0.029729142785072327, -0.997891902923584, -0.05768836289644241, 0.1614280492067337], [-0.129838228225708, 0.05336965247988701, -0.9900978207588196, 2.9279394149780273], [0.0, 0.0, 0.0, 1.0]]}, "frame35.png": {"intrinsics": [[2985.29, 0.0, 512.0], [0.0, 2985.29, 512.0], [0.0, 0.0, 1.0]], "pose": [[0.989119827747345, 0.03388581424951553, -0.14315582811832428, 0.40096354484558105], [0.03259880840778351, -0.9994043111801147, -0.011326824314892292, 0.030481895431876183], [-0.14345437288284302, 0.0065368777140975, -0.9896352887153625, 2.9575178623199463], [0.0, 0.0, 0.0, 1.0]]}, "frame36.png": {"intrinsics": [[2985.29, 0.0, 512.0], [0.0, 2985.29, 512.0], [0.0, 0.0, 1.0]], "pose": [[0.9904166460037231, 0.0545501634478569, -0.1268821805715561, 0.3439774215221405], [0.05906424671411514, -0.9977383017539978, 0.03208823874592781, -0.08269568532705307], [-0.12484479695558548, -0.039274923503398895, -0.9913986325263977, 2.85329532623291], [0.0, 0.0, 0.0, 1.0]]}, "frame37.png": {"intrinsics": [[2985.29, 0.0, 512.0], [0.0, 2985.29, 512.0], [0.0, 0.0, 1.0]], "pose": [[0.9893359541893005, 0.061738379299640656, -0.13191969692707062, 0.35523292422294617], [0.07692963629961014, -0.9905725121498108, 0.1133485957980156, -0.3024904727935791], [-0.1236780658364296, -0.12228837609291077, -0.9847584962844849, 2.8373301029205322], [0.0, 0.0, 0.0, 1.0]]}, "frame38.png": {"intrinsics": [[2985.29, 0.0, 512.0], [0.0, 2985.29, 512.0], [0.0, 0.0, 1.0]], "pose": [[0.9913172125816345, 0.06136918067932129, -0.11629286408424377, 0.3047972023487091], [0.07747869193553925, -0.9871859550476074, 0.13950267434120178, -0.36751818656921387], [-0.10624151676893234, -0.14730162918567657, -0.9833691716194153, 2.7713074684143066], [0.0, 0.0, 0.0, 1.0]]}, "frame39.png": {"intrinsics": [[2985.29, 0.0, 512.0], [0.0, 2985.29, 512.0], [0.0, 0.0, 1.0]], "pose": [[0.9903809428215027, 0.07222621887922287, -0.11802137643098831, 0.31223905086517334], [0.08781110495328903, -0.9872599840164185, 0.1326911300420761, -0.3445990979671478], [-0.10693400353193283, -0.1417783498764038, -0.9841057062149048, 2.7455708980560303], [0.0, 0.0, 0.0, 1.0]]}, "frame4.png": {"intrinsics": [[2985.29, 0.0, 512.0], [0.0, 2985.29, 512.0], [0.0, 0.0, 1.0]], "pose": [[0.9939199090003967, 0.012736896984279156, -0.10936608910560608, 0.3021791875362396], [0.007060242351144552, -0.998615026473999, -0.05213627591729164, 0.14439862966537476], [-0.10987867414951324, 0.05104713514447212, -0.9926332831382751, 2.9046237468719482], [0.0, 0.0, 0.0, 1.0]]}, "frame40.png": {"intrinsics": [[2985.29, 0.0, 512.0], [0.0, 2985.29, 512.0], [0.0, 0.0, 1.0]], "pose": [[0.9975315928459167, 0.04391584172844887, -0.05479128286242485, 0.1501835435628891], [0.04771389067173004, -0.9964014291763306, 0.07005324214696884, -0.18859396874904633], [-0.05151766538619995, -0.07249462604522705, -0.9960373640060425, 2.8200604915618896], [0.0, 0.0, 0.0, 1.0]]}, "frame41.png": {"intrinsics": [[2985.29, 0.0, 512.0], [0.0, 2985.29, 512.0], [0.0, 0.0, 1.0]], "pose": [[0.9979031682014465, 0.02843502350151539, -0.058144208043813705, 0.1626318395137787], [0.023949231952428818, -0.9967864155769348, -0.07644150406122208, 0.2117309719324112], [-0.06013096868991852, 0.07488870620727539, -0.995377242565155, 2.9306068420410156], [0.0, 0.0, 0.0, 1.0]]}, "frame42.png": {"intrinsics": [[2985.29, 0.0, 512.0], [0.0, 2985.29, 512.0], [0.0, 0.0, 1.0]], "pose": [[0.996942937374115, 0.03095243126153946, -0.07174121588468552, 0.19572412967681885], [0.02050803229212761, -0.9896548986434937, -0.1419949233531952, 0.40039005875587463], [-0.07539413869380951, 0.14008955657482147, -0.9872642159461975, 2.9199793338775635], [0.0, 0.0, 0.0, 1.0]]}, "frame43.png": {"intrinsics": [[2985.29, 0.0, 512.0], [0.0, 2985.29, 512.0], [0.0, 0.0, 1.0]], "pose": [[0.9972773194313049, 0.019097214564681053, -0.07122673839330673, 0.19845513999462128], [0.006154194474220276, -0.9840691089630127, -0.1776796281337738, 0.49681130051612854], [-0.07348522543907166, 0.17675752937793732, -0.9815073609352112, 2.8686282634735107], [0.0, 0.0, 0.0, 1.0]]}, "frame44.png": {"intrinsics": [[2985.29, 0.0, 512.0], [0.0, 2985.29, 512.0], [0.0, 0.0, 1.0]], "pose": [[0.9958077073097229, 0.020732570439577103, -0.08909012377262115, 0.24427390098571777], [0.008798600174486637, -0.9911689162254333, -0.1323128342628479, 0.3740944266319275], [-0.09104654937982559, 0.13097426295280457, -0.9871960878372192, 2.9068233966827393], [0.0, 0.0, 0.0, 1.0]]}, "frame45.png": {"intrinsics": [[2985.29, 0.0, 512.0], [0.0, 2985.29, 512.0], [0.0, 0.0, 1.0]], "pose": [[0.9953885674476624, 0.0016042239731177688, -0.0959111750125885, 0.2658548057079315], [-0.0029303806368261576, -0.9988849759101868, -0.04711966589093208, 0.13662709295749664], [-0.09587982296943665, 0.047183435410261154, -0.9942740201950073, 2.914978265762329], [0.0, 0.0, 0.0, 1.0]]}, "frame46.png": {"intrinsics": [[2985.29, 0.0, 512.0], [0.0, 2985.29, 512.0], [0.0, 0.0, 1.0]], "pose": [[0.9982792139053345, 0.02567773126065731, -0.05271879583597183, 0.1460288166999817], [0.024696657434105873, -0.9995110630989075, -0.019177524372935295, 0.05685652792453766], [-0.05318545550107956, 0.017842546105384827, -0.9984251856803894, 2.8059890270233154], [0.0, 0.0, 0.0, 1.0]]}, "frame47.png": {"intrinsics": [[2985.29, 0.0, 512.0], [0.0, 2985.29, 512.0], [0.0, 0.0, 1.0]], "pose": [[0.9955579042434692, 0.024641558527946472, -0.09086914360523224, 0.2484011948108673], [0.017352379858493805, -0.9966316819190979, -0.0801510438323021, 0.22349481284618378], [-0.09253811091184616, 0.07821820676326752, -0.9926321506500244, 2.8533854484558105], [0.0, 0.0, 0.0, 1.0]]}, "frame48.png": {"intrinsics": [[2985.29, 0.0, 512.0], [0.0, 2985.29, 512.0], [0.0, 0.0, 1.0]], "pose": [[0.9949811697006226, 0.02610902115702629, -0.09659624844789505, 0.26336783170700073], [0.01796870306134224, -0.9962867498397827, -0.08420152217149734, 0.23480841517448425], [-0.09843598306179047, 0.08204321563243866, -0.9917556643486023, 2.8217782974243164], [0.0, 0.0, 0.0, 1.0]]}, "frame49.png": {"intrinsics": [[2985.29, 0.0, 512.0], [0.0, 2985.29, 512.0], [0.0, 0.0, 1.0]], "pose": [[0.9857159852981567, 0.1588231772184372, -0.05602908134460449, 0.15362486243247986], [0.15834037959575653, -0.9872992634773254, -0.01298185158520937, 0.04454202577471733], [-0.05737929046154022, 0.003924752585589886, -0.9983447194099426, 2.839063882827759], [0.0, 0.0, 0.0, 1.0]]}, "frame5.png": {"intrinsics": [[2985.29, 0.0, 512.0], [0.0, 2985.29, 512.0], [0.0, 0.0, 1.0]], "pose": [[0.982491672039032, 0.18276110291481018, -0.03617282584309578, 0.09198977798223495], [0.18596422672271729, -0.9737876653671265, 0.1309768557548523, -0.33756378293037415], [-0.011287176981568336, -0.13541051745414734, -0.9907252788543701, 2.7229979038238525], [0.0, 0.0, 0.0, 1.0]]}, "frame6.png": {"intrinsics": [[2985.29, 0.0, 512.0], [0.0, 2985.29, 512.0], [0.0, 0.0, 1.0]], "pose": [[0.9864640235900879, 0.16326098144054413, -0.015317028388381004, 0.042462002485990524], [0.16392293572425842, -0.9842402338981628, 0.06633537262678146, -0.16903409361839294], [-0.004245658405125141, -0.06794828176498413, -0.9976797699928284, 2.7740120887756348], [0.0, 0.0, 0.0, 1.0]]}, "frame7.png": {"intrinsics": [[2985.29, 0.0, 512.0], [0.0, 2985.29, 512.0], [0.0, 0.0, 1.0]], "pose": [[0.9931519627571106, 0.10408942401409149, -0.05305248871445656, 0.1447778195142746], [0.10335955023765564, -0.9945099949836731, -0.016327930614352226, 0.04452935606241226], [-0.0544607937335968, 0.010732633993029594, -0.998458206653595, 2.9031870365142822], [0.0, 0.0, 0.0, 1.0]]}, "frame8.png": {"intrinsics": [[2985.29, 0.0, 512.0], [0.0, 2985.29, 512.0], [0.0, 0.0, 1.0]], "pose": [[0.9954433441162109, 0.07956285774707794, -0.05255787447094917, 0.14178133010864258], [0.07592000812292099, -0.9947919249534607, -0.06800936162471771, 0.18759214878082275], [-0.057695165276527405, 0.06370926648378372, -0.9962993860244751, 2.839703321456909], [0.0, 0.0, 0.0, 1.0]]}, "frame9.png": {"intrinsics": [[2985.29, 0.0, 512.0], [0.0, 2985.29, 512.0], [0.0, 0.0, 1.0]], "pose": [[0.9955454468727112, 0.07786685973405838, -0.053159862756729126, 0.14319543540477753], [0.07348616421222687, -0.9940899014472961, -0.07990698516368866, 0.21741756796836853], [-0.05906778573989868, 0.07564453035593033, -0.9953837990760803, 2.850670337677002], [0.0, 0.0, 0.0, 1.0]]}}