{"labels": [["frame0.png", [0.9414477348327637, 0.11825241893529892, 0.31574124097824097, -0.800335518811138, 0.12202049046754837, -0.9924963116645813, 0.007883597165346146, -0.016099901574526683, 0.31430426239967346, 0.031104903668165207, -0.9488126039505005, 2.578605020257775, 0.0, 0.0, 0.0, 1.0, 4.2647, 0.0, 0.5, 0.0, 4.2647, 0.5, 0.0, 0.0, 1.0]], ["frame0_mirror.png", [0.9414477348327637, -0.11825241893529892, -0.31574124097824097, 0.800335518811138, -0.12202049046754837, -0.9924963116645813, 0.007883597165346146, -0.016099901574526683, -0.31430426239967346, 0.031104903668165207, -0.9488126039505005, 2.578605020257775, 0.0, 0.0, 0.0, 1.0, 4.2647, 0.0, 0.5, 0.0, 4.2647, 0.5, 0.0, 0.0, 1.0]], ["frame1.png", [0.9722881317138672, 0.23309560120105743, -0.017950575798749924, 0.03867102993110748, 0.22881720960140228, -0.964560866355896, -0.13139620423316956, 0.33901015888138186, -0.047942303121089935, 0.12364757806062698, -0.9911673665046692, 2.6783533492837144, 0.0, 0.0, 0.0, 1.0, 4.2647, 0.0, 0.5, 0.0, 4.2647, 0.5, 0.0, 0.0, 1.0]], ["frame1_mirror.png", [0.9722881317138672, -0.23309560120105743, 0.017950575798749924, -0.03867102993110748, -0.22881720960140228, -0.964560866355896, -0.13139620423316956, 0.33901015888138186, 0.047942303121089935, 0.12364757806062698, -0.9911673665046692, 2.6783533492837144, 0.0, 0.0, 0.0, 1.0, 4.2647, 0.0, 0.5, 0.0, 4.2647, 0.5, 0.0, 0.0, 1.0]], ["frame2.png", [0.9515706896781921, 0.12198416143655777, 0.28219348192214966, -0.7184130934478357, 0.15580996870994568, -0.9826480150222778, -0.10062843561172485, 0.26548448173990336, 0.26502180099487305, 0.13972362875938416, -0.9540653228759766, 2.589092624283266, 0.0, 0.0, 0.0, 1.0, 4.2647, 0.0, 0.5, 0.0, 4.2647, 0.5, 0.0, 0.0, 1.0]], ["frame2_mirror.png", [0.9515706896781921, -0.12198416143655777, -0.28219348192214966, 0.7184130934478357, -0.15580996870994568, -0.9826480150222778, -0.10062843561172485, 0.26548448173990336, -0.26502180099487305, 0.13972362875938416, -0.9540653228759766, 2.589092624283266, 0.0, 0.0, 0.0, 1.0, 4.2647, 0.0, 0.5, 0.0, 4.2647, 0.5, 0.0, 0.0, 1.0]], ["frame3.png", [0.9488362669944763, 0.0788646712899208, 0.3057614862918854, -0.7805836848044109, 0.1226949393749237, -0.984302282333374, -0.12686602771282196, 0.3325418219364383, 0.2909564673900604, 0.1578904688358307, -0.9436179995536804, 2.5632216150150504, 0.0, 0.0, 0.0, 1.0, 4.2647, 0.0, 0.5, 0.0, 4.2647, 0.5, 0.0, 0.0, 1.0]], ["frame3_mirror.png", [0.9488362669944763, -0.0788646712899208, -0.3057614862918854, 0.7805836848044109, -0.1226949393749237, -0.984302282333374, -0.12686602771282196, 0.3325418219364383, -0.2909564673900604, 0.1578904688358307, -0.9436179995536804, 2.5632216150150504, 0.0, 0.0, 0.0, 1.0, 4.2647, 0.0, 0.5, 0.0, 4.2647, 0.5, 0.0, 0.0, 1.0]]]}