{"labels": [["frame0.png", [0.9759565591812134, 0.03282678872346878, 0.21547910571098328, -0.5412783476955826, 0.0234463382512331, -0.9986687302589417, 0.045946355909109116, -0.10738305201054965, 0.2167005091905594, -0.03978945314884186, -0.9754269123077393, 2.6430071188812265, 0.0, 0.0, 0.0, 1.0, 4.2647, 0.0, 0.5, 0.0, 4.2647, 0.5, 0.0, 0.0, 1.0]], ["frame0_mirror.png", [0.9759565591812134, -0.03282678872346878, -0.21547910571098328, 0.5412783476955826, -0.0234463382512331, -0.9986687302589417, 0.045946355909109116, -0.10738305201054965, -0.2167005091905594, -0.03978945314884186, -0.9754269123077393, 2.6430071188812265, 0.0, 0.0, 0.0, 1.0, 4.2647, 0.0, 0.5, 0.0, 4.2647, 0.5, 0.0, 0.0, 1.0]], ["frame1.png", [0.9763535261154175, 0.03483220562338829, 0.21335545182228088, -0.5387195877974943, 0.027509108185768127, -0.9989292025566101, 0.03719750791788101, -0.08887359648213308, 0.21442267298698425, -0.03044869564473629, -0.9762662649154663, 2.6442168386067793, 0.0, 0.0, 0.0, 1.0, 4.2647, 0.0, 0.5, 0.0, 4.2647, 0.5, 0.0, 0.0, 1.0]], ["frame1_mirror.png", [0.9763535261154175, -0.03483220562338829, -0.21335545182228088, 0.5387195877974943, -0.027509108185768127, -0.9989292025566101, 0.03719750791788101, -0.08887359648213308, -0.21442267298698425, -0.03044869564473629, -0.9762662649154663, 2.6442168386067793, 0.0, 0.0, 0.0, 1.0, 4.2647, 0.0, 0.5, 0.0, 4.2647, 0.5, 0.0, 0.0, 1.0]], ["frame10.png", [0.9704358577728271, 0.05441058799624443, 0.23514622449874878, -0.5934993161048, 0.056998636573553085, -0.9983653426170349, -0.004218139685690403, 0.014580864638985239, 0.23453232645988464, 0.017496448010206223, -0.9719508290290833, 2.6339221628912113, 0.0, 0.0, 0.0, 1.0, 4.2647, 0.0, 0.5, 0.0, 4.2647, 0.5, 0.0, 0.0, 1.0]], ["frame10_mirror.png", [0.9704358577728271, -0.05441058799624443, -0.23514622449874878, 0.5934993161048, -0.056998636573553085, -0.9983653426170349, -0.004218139685690403, 0.014580864638985239, -0.23453232645988464, 0.017496448010206223, -0.9719508290290833, 2.6339221628912113, 0.0, 0.0, 0.0, 1.0, 4.2647, 0.0, 0.5, 0.0, 4.2647, 0.5, 0.0, 0.0, 1.0]], ["frame11.png", [0.9760702252388, 0.044726334512233734, 0.21280618011951447, -0.5389809255365056, 0.04486335441470146, -0.9989843368530273, 0.004187477752566338, -0.002187394351073766, 0.21277733147144318, 0.00545992748811841, -0.9770854711532593, 2.6456558312096767, 0.0, 0.0, 0.0, 1.0, 4.2647, 0.0, 0.5, 0.0, 4.2647, 0.5, 0.0, 0.0, 1.0]], ["frame11_mirror.png", [0.9760702252388, -0.044726334512233734, -0.21280618011951447, 0.5389809255365056, -0.04486335441470146, -0.9989843368530273, 0.004187477752566338, -0.002187394351073766, -0.21277733147144318, 0.00545992748811841, -0.9770854711532593, 2.6456558312096767, 0.0, 0.0, 0.0, 1.0, 4.2647, 0.0, 0.5, 0.0, 4.2647, 0.5, 0.0, 0.0, 1.0]], ["frame12.png", [0.9736948609352112, 0.0492609366774559, 0.2224670946598053, -0.5627568527226063, 0.04906466603279114, -0.9987749457359314, 0.006412543822079897, -0.016224405665124526, 0.2225104570388794, 0.004671412520110607, -0.9749190807342529, 2.6406517175452278, 0.0, 0.0, 0.0, 1.0, 4.2647, 0.0, 0.5, 0.0, 4.2647, 0.5, 0.0, 0.0, 1.0]], ["frame12_mirror.png", [0.9736948609352112, -0.0492609366774559, -0.2224670946598053, 0.5627568527226063, -0.04906466603279114, -0.9987749457359314, 0.006412543822079897, -0.016224405665124526, -0.2225104570388794, 0.004671412520110607, -0.9749190807342529, 2.6406517175452278, 0.0, 0.0, 0.0, 1.0, 4.2647, 0.0, 0.5, 0.0, 4.2647, 0.5, 0.0, 0.0, 1.0]], ["frame13.png", [0.9739691019058228, 0.05410245060920715, 0.22012972831726074, -0.5588579054575107, 0.05374956503510475, -0.9985255599021912, 0.007596708834171295, -0.01543205841514039, 0.22021615505218506, 0.004432917106896639, -0.9754409790039062, 2.64148437305253, 0.0, 0.0, 0.0, 1.0, 4.2647, 0.0, 0.5, 0.0, 4.2647, 0.5, 0.0, 0.0, 1.0]], ["frame13_mirror.png", [0.9739691019058228, -0.05410245060920715, -0.22012972831726074, 0.5588579054575107, -0.05374956503510475, -0.9985255599021912, 0.007596708834171295, -0.01543205841514039, -0.22021615505218506, 0.004432917106896639, -0.9754409790039062, 2.64148437305253, 0.0, 0.0, 0.0, 1.0, 4.2647, 0.0, 0.5, 0.0, 4.2647, 0.5, 0.0, 0.0, 1.0]], ["frame14.png", [0.9711007475852966, 0.04963985085487366, 0.2334505319595337, -0.5866363234958556, 0.050230804830789566, -0.998731791973114, 0.003417093073949218, 0.0007077169736759712, 0.2333240807056427, 0.00840806681662798, -0.9723626375198364, 2.6354994447147875, 0.0, 0.0, 0.0, 1.0, 4.2647, 0.0, 0.5, 0.0, 4.2647, 0.5, 0.0, 0.0, 1.0]], ["frame14_mirror.png", [0.9711007475852966, -0.04963985085487366, -0.2334505319595337, 0.5866363234958556, -0.050230804830789566, -0.998731791973114, 0.003417093073949218, 0.0007077169736759712, -0.2333240807056427, 0.00840806681662798, -0.9723626375198364, 2.6354994447147875, 0.0, 0.0, 0.0, 1.0, 4.2647, 0.0, 0.5, 0.0, 4.2647, 0.5, 0.0, 0.0, 1.0]], ["frame15.png", [0.9673673510551453, 0.05232022702693939, 0.24791713058948517, -0.62436567731392, 0.05039076879620552, -0.998629629611969, 0.014126257039606571, -0.024664421505693656, 0.24831648170948029, -0.0011725453659892082, -0.9686782360076904, 2.6267011949028616, 0.0, 0.0, 0.0, 1.0, 4.2647, 0.0, 0.5, 0.0, 4.2647, 0.5, 0.0, 0.0, 1.0]], ["frame15_mirror.png", [0.9673673510551453, -0.05232022702693939, -0.24791713058948517, 0.62436567731392, -0.05039076879620552, -0.998629629611969, 0.014126257039606571, -0.024664421505693656, -0.24831648170948029, -0.0011725453659892082, -0.9686782360076904, 2.6267011949028616, 0.0, 0.0, 0.0, 1.0, 4.2647, 0.0, 0.5, 0.0, 4.2647, 0.5, 0.0, 0.0, 1.0]], ["frame16.png", [0.9673562049865723, 0.05451070889830589, 0.24748855829238892, -0.623236689334629, 0.056557267904281616, -0.9983986616134644, -0.0011620919685810804, 0.012916118270694372, 0.2470289021730423, 0.015121432952582836, -0.9688901305198669, 2.6270533308168735, 0.0, 0.0, 0.0, 1.0, 4.2647, 0.0, 0.5, 0.0, 4.2647, 0.5, 0.0, 0.0, 1.0]], ["frame16_mirror.png", [0.9673562049865723, -0.05451070889830589, -0.24748855829238892, 0.623236689334629, -0.056557267904281616, -0.9983986616134644, -0.0011620919685810804, 0.012916118270694372, -0.2470289021730423, 0.015121432952582836, -0.9688901305198669, 2.6270533308168735, 0.0, 0.0, 0.0, 1.0, 4.2647, 0.0, 0.5, 0.0, 4.2647, 0.5, 0.0, 0.0, 1.0]], ["frame17.png", [0.968296229839325, 0.05697142705321312, 0.24322155117988586, -0.612074248125667, 0.06380965560674667, -0.9977551102638245, -0.020323507487773895, 0.058740499817199004, 0.24151769280433655, 0.035199061036109924, -0.9697578549385071, 2.6290520474997496, 0.0, 0.0, 0.0, 1.0, 4.2647, 0.0, 0.5, 0.0, 4.2647, 0.5, 0.0, 0.0, 1.0]], ["frame17_mirror.png", [0.968296229839325, -0.05697142705321312, -0.24322155117988586, 0.612074248125667, -0.06380965560674667, -0.9977551102638245, -0.020323507487773895, 0.058740499817199004, -0.24151769280433655, 0.035199061036109924, -0.9697578549385071, 2.6290520474997496, 0.0, 0.0, 0.0, 1.0, 4.2647, 0.0, 0.5, 0.0, 4.2647, 0.5, 0.0, 0.0, 1.0]], ["frame18.png", [0.9703760743141174, 0.057601578533649445, 0.23463241755962372, -0.5908985615055828, 0.07311031222343445, -0.9956395030021667, -0.05793779715895653, 0.15544846728018766, 0.23027200996875763, 0.07337550073862076, -0.9703560471534729, 2.6299571601132357, 0.0, 0.0, 0.0, 1.0, 4.2647, 0.0, 0.5, 0.0, 4.2647, 0.5, 0.0, 0.0, 1.0]], ["frame18_mirror.png", [0.9703760743141174, -0.057601578533649445, -0.23463241755962372, 0.5908985615055828, -0.07311031222343445, -0.9956395030021667, -0.05793779715895653, 0.15544846728018766, -0.23027200996875763, 0.07337550073862076, -0.9703560471534729, 2.6299571601132357, 0.0, 0.0, 0.0, 1.0, 4.2647, 0.0, 0.5, 0.0, 4.2647, 0.5, 0.0, 0.0, 1.0]], ["frame19.png", [0.9690815806388855, 0.06796465069055557, 0.23719534277915955, -0.5956971320026003, 0.08155131340026855, -0.9955157041549683, -0.04793516546487808, 0.12711129204008195, 0.232873797416687, 0.06579668074846268, -0.9702785611152649, 2.6303968610002135, 0.0, 0.0, 0.0, 1.0, 4.2647, 0.0, 0.5, 0.0, 4.2647, 0.5, 0.0, 0.0, 1.0]], ["frame19_mirror.png", [0.9690815806388855, -0.06796465069055557, -0.23719534277915955, 0.5956971320026003, -0.08155131340026855, -0.9955157041549683, -0.04793516546487808, 0.12711129204008195, -0.232873797416687, 0.06579668074846268, -0.9702785611152649, 2.6303968610002135, 0.0, 0.0, 0.0, 1.0, 4.2647, 0.0, 0.5, 0.0, 4.2647, 0.5, 0.0, 0.0, 1.0]], ["frame2.png", [0.9882159233093262, 0.027249107137322426, 0.15062148869037628, -0.3763925498477577, 0.01959228515625, -0.9984503388404846, 0.05208732187747955, -0.12425943341124879, 0.15180741250514984, -0.04852250590920448, -0.9872183203697205, 2.6707467572998045, 0.0, 0.0, 0.0, 1.0, 4.2647, 0.0, 0.5, 0.0, 4.2647, 0.5, 0.0, 0.0, 1.0]], ["frame2_mirror.png", [0.9882159233093262, -0.027249107137322426, -0.15062148869037628, 0.3763925498477577, -0.01959228515625, -0.9984503388404846, 0.05208732187747955, -0.12425943341124879, -0.15180741250514984, -0.04852250590920448, -0.9872183203697205, 2.6707467572998045, 0.0, 0.0, 0.0, 1.0, 4.2647, 0.0, 0.5, 0.0, 4.2647, 0.5, 0.0, 0.0, 1.0]], ["frame20.png", [0.9665996432304382, 0.06651243567466736, 0.2475098967552185, -0.625970673009616, 0.07832113653421402, -0.9961974620819092, -0.03816278278827667, 0.10300458602442404, 0.2440304160118103, 0.05627338960766792, -0.9681334495544434, 2.6244143673951004, 0.0, 0.0, 0.0, 1.0, 4.2647, 0.0, 0.5, 0.0, 4.2647, 0.5, 0.0, 0.0, 1.0]], ["frame20_mirror.png", [0.9665996432304382, -0.06651243567466736, -0.2475098967552185, 0.625970673009616, -0.07832113653421402, -0.9961974620819092, -0.03816278278827667, 0.10300458602442404, -0.2440304160118103, 0.05627338960766792, -0.9681334495544434, 2.6244143673951004, 0.0, 0.0, 0.0, 1.0, 4.2647, 0.0, 0.5, 0.0, 4.2647, 0.5, 0.0, 0.0, 1.0]], ["frame21.png", [0.9609659314155579, 0.07744845002889633, 0.26560553908348083, -0.670395412947859, 0.08826339244842529, -0.995674729347229, -0.029007859528064728, 0.07944515821232348, 0.26221010088920593, 0.051318809390068054, -0.963645339012146, 2.614241468788813, 0.0, 0.0, 0.0, 1.0, 4.2647, 0.0, 0.5, 0.0, 4.2647, 0.5, 0.0, 0.0, 1.0]], ["frame21_mirror.png", [0.9609659314155579, -0.07744845002889633, -0.26560553908348083, 0.670395412947859, -0.08826339244842529, -0.995674729347229, -0.029007859528064728, 0.07944515821232348, -0.26221010088920593, 0.051318809390068054, -0.963645339012146, 2.614241468788813, 0.0, 0.0, 0.0, 1.0, 4.2647, 0.0, 0.5, 0.0, 4.2647, 0.5, 0.0, 0.0, 1.0]], ["frame22.png", [0.9570061564445496, 0.07093489170074463, 0.28126055002212524, -0.7102980137227365, 0.07807894796133041, -0.9968451857566833, -0.014260531403124332, 0.04956688525217976, 0.27936166524887085, 0.03560794144868851, -0.959525465965271, 2.604423132977423, 0.0, 0.0, 0.0, 1.0, 4.2647, 0.0, 0.5, 0.0, 4.2647, 0.5, 0.0, 0.0, 1.0]], ["frame22_mirror.png", [0.9570061564445496, -0.07093489170074463, -0.28126055002212524, 0.7102980137227365, -0.07807894796133041, -0.9968451857566833, -0.014260531403124332, 0.04956688525217976, -0.27936166524887085, 0.03560794144868851, -0.959525465965271, 2.604423132977423, 0.0, 0.0, 0.0, 1.0, 4.2647, 0.0, 0.5, 0.0, 4.2647, 0.5, 0.0, 0.0, 1.0]], ["frame23.png", [0.9561649560928345, 0.0639994740486145, 0.2857493460178375, -0.7274154305078087, 0.0675128847360611, -0.9977153539657593, -0.002450360916554928, 0.013674177391512167, 0.284939706325531, 0.02163470908999443, -0.9583012461662292, 2.600130729084945, 0.0, 0.0, 0.0, 1.0, 4.2647, 0.0, 0.5, 0.0, 4.2647, 0.5, 0.0, 0.0, 1.0]], ["frame23_mirror.png", [0.9561649560928345, -0.0639994740486145, -0.2857493460178375, 0.7274154305078087, -0.0675128847360611, -0.9977153539657593, -0.002450360916554928, 0.013674177391512167, -0.284939706325531, 0.02163470908999443, -0.9583012461662292, 2.600130729084945, 0.0, 0.0, 0.0, 1.0, 4.2647, 0.0, 0.5, 0.0, 4.2647, 0.5, 0.0, 0.0, 1.0]], ["frame24.png", [0.9546078443527222, 0.06050010398030281, 0.2916567027568817, -0.7372648863019537, 0.06352396309375763, -0.9979799389839172, -0.0009003383456729352, 0.008623025395688383, 0.29101306200027466, 0.019386662170290947, -0.9565226435661316, 2.597376778763373, 0.0, 0.0, 0.0, 1.0, 4.2647, 0.0, 0.5, 0.0, 4.2647, 0.5, 0.0, 0.0, 1.0]], ["frame24_mirror.png", [0.9546078443527222, -0.06050010398030281, -0.2916567027568817, 0.7372648863019537, -0.06352396309375763, -0.9979799389839172, -0.0009003383456729352, 0.008623025395688383, -0.29101306200027466, 0.019386662170290947, -0.9565226435661316, 2.597376778763373, 0.0, 0.0, 0.0, 1.0, 4.2647, 0.0, 0.5, 0.0, 4.2647, 0.5, 0.0, 0.0, 1.0]], ["frame25.png", [0.9540165662765503, 0.06633317470550537, 0.2923223078250885, -0.7411465192875019, 0.07116714864969254, -0.9974468350410461, -0.005920950323343277, 0.01797979722327191, 0.291183203458786, 0.026452431455254555, -0.9563015103340149, 2.5962239047970868, 0.0, 0.0, 0.0, 1.0, 4.2647, 0.0, 0.5, 0.0, 4.2647, 0.5, 0.0, 0.0, 1.0]], ["frame25_mirror.png", [0.9540165662765503, -0.06633317470550537, -0.2923223078250885, 0.7411465192875019, -0.07116714864969254, -0.9974468350410461, -0.005920950323343277, 0.01797979722327191, -0.291183203458786, 0.026452431455254555, -0.9563015103340149, 2.5962239047970868, 0.0, 0.0, 0.0, 1.0, 4.2647, 0.0, 0.5, 0.0, 4.2647, 0.5, 0.0, 0.0, 1.0]], ["frame26.png", [0.9528940916061401, 0.07389038056135178, 0.29416513442993164, -0.7421060517754976, 0.0730382651090622, -0.9972322583198547, 0.01389742735773325, -0.024386111222975747, 0.294377863407135, 0.008242536336183548, -0.9556535482406616, 2.5958975182964377, 0.0, 0.0, 0.0, 1.0, 4.2647, 0.0, 0.5, 0.0, 4.2647, 0.5, 0.0, 0.0, 1.0]], ["frame26_mirror.png", [0.9528940916061401, -0.07389038056135178, -0.29416513442993164, 0.7421060517754976, -0.0730382651090622, -0.9972322583198547, 0.01389742735773325, -0.024386111222975747, -0.294377863407135, 0.008242536336183548, -0.9556535482406616, 2.5958975182964377, 0.0, 0.0, 0.0, 1.0, 4.2647, 0.0, 0.5, 0.0, 4.2647, 0.5, 0.0, 0.0, 1.0]], ["frame27.png", [0.9553987979888916, 0.07396311312913895, 0.28590652346611023, -0.7219833585340337, 0.07082163542509079, -0.9972609281539917, 0.021327316761016846, -0.050952307883959505, 0.28670087456703186, -0.00012772716581821442, -0.9580200910568237, 2.6011812494175057, 0.0, 0.0, 0.0, 1.0, 4.2647, 0.0, 0.5, 0.0, 4.2647, 0.5, 0.0, 0.0, 1.0]], ["frame27_mirror.png", [0.9553987979888916, -0.07396311312913895, -0.28590652346611023, 0.7219833585340337, -0.07082163542509079, -0.9972609281539917, 0.021327316761016846, -0.050952307883959505, -0.28670087456703186, -0.00012772716581821442, -0.9580200910568237, 2.6011812494175057, 0.0, 0.0, 0.0, 1.0, 4.2647, 0.0, 0.5, 0.0, 4.2647, 0.5, 0.0, 0.0, 1.0]], ["frame28.png", [0.9555893540382385, 0.06838327646255493, 0.28665778040885925, -0.7221348193520821, 0.06420303881168365, -0.9976489543914795, 0.02396853081882, -0.059186480812862985, 0.2876228988170624, -0.004499772563576698, -0.957733154296875, 2.6009648715752247, 0.0, 0.0, 0.0, 1.0, 4.2647, 0.0, 0.5, 0.0, 4.2647, 0.5, 0.0, 0.0, 1.0]], ["frame28_mirror.png", [0.9555893540382385, -0.06838327646255493, -0.28665778040885925, 0.7221348193520821, -0.06420303881168365, -0.9976489543914795, 0.02396853081882, -0.059186480812862985, -0.2876228988170624, -0.004499772563576698, -0.957733154296875, 2.6009648715752247, 0.0, 0.0, 0.0, 1.0, 4.2647, 0.0, 0.5, 0.0, 4.2647, 0.5, 0.0, 0.0, 1.0]], ["frame29.png", [0.9573208689689636, 0.06413155049085617, 0.28182253241539, -0.7079555461160997, 0.060249797999858856, -0.9979313015937805, 0.022427238523960114, -0.04861407211466253, 0.2826778292655945, -0.004490310326218605, -0.9592044353485107, 2.6050788119970356, 0.0, 0.0, 0.0, 1.0, 4.2647, 0.0, 0.5, 0.0, 4.2647, 0.5, 0.0, 0.0, 1.0]], ["frame29_mirror.png", [0.9573208689689636, -0.06413155049085617, -0.28182253241539, 0.7079555461160997, -0.060249797999858856, -0.9979313015937805, 0.022427238523960114, -0.04861407211466253, -0.2826778292655945, -0.004490310326218605, -0.9592044353485107, 2.6050788119970356, 0.0, 0.0, 0.0, 1.0, 4.2647, 0.0, 0.5, 0.0, 4.2647, 0.5, 0.0, 0.0, 1.0]], ["frame3.png", [0.9852467775344849, 0.0038235571701079607, 0.17109718918800354, -0.42901096377100195, -0.006002172827720642, -0.9983633160591125, 0.05687364190816879, -0.14245457330185976, 0.17103463411331177, -0.05706152319908142, -0.9836112856864929, 2.6618896084378973, 0.0, 0.0, 0.0, 1.0, 4.2647, 0.0, 0.5, 0.0, 4.2647, 0.5, 0.0, 0.0, 1.0]], ["frame3_mirror.png", [0.9852467775344849, -0.0038235571701079607, -0.17109718918800354, 0.42901096377100195, 0.006002172827720642, -0.9983633160591125, 0.05687364190816879, -0.14245457330185976, -0.17103463411331177, -0.05706152319908142, -0.9836112856864929, 2.6618896084378973, 0.0, 0.0, 0.0, 1.0, 4.2647, 0.0, 0.5, 0.0, 4.2647, 0.5, 0.0, 0.0, 1.0]], ["frame30.png", [0.9565746188163757, 0.0640735998749733, 0.28435826301574707, -0.716893016946736, 0.059228576719760895, -0.9979156851768494, 0.025613825768232346, -0.057139912117179885, 0.28540676832199097, -0.0076593998819589615, -0.958375871181488, 2.6024602653443623, 0.0, 0.0, 0.0, 1.0, 4.2647, 0.0, 0.5, 0.0, 4.2647, 0.5, 0.0, 0.0, 1.0]], ["frame30_mirror.png", [0.9565746188163757, -0.0640735998749733, -0.28435826301574707, 0.716893016946736, -0.059228576719760895, -0.9979156851768494, 0.025613825768232346, -0.057139912117179885, -0.28540676832199097, -0.0076593998819589615, -0.958375871181488, 2.6024602653443623, 0.0, 0.0, 0.0, 1.0, 4.2647, 0.0, 0.5, 0.0, 4.2647, 0.5, 0.0, 0.0, 1.0]], ["frame31.png", [0.9569980502128601, 0.06528041511774063, 0.2826536297798157, -0.7168592626628978, 0.06137671321630478, -0.9978575706481934, 0.022653741762042046, -0.052816316456540634, 0.2835269272327423, -0.004331236705183983, -0.9589545130729675, 2.6025608992395104, 0.0, 0.0, 0.0, 1.0, 4.2647, 0.0, 0.5, 0.0, 4.2647, 0.5, 0.0, 0.0, 1.0]], ["frame31_mirror.png", [0.9569980502128601, -0.06528041511774063, -0.2826536297798157, 0.7168592626628978, -0.06137671321630478, -0.9978575706481934, 0.022653741762042046, -0.052816316456540634, -0.2835269272327423, -0.004331236705183983, -0.9589545130729675, 2.6025608992395104, 0.0, 0.0, 0.0, 1.0, 4.2647, 0.0, 0.5, 0.0, 4.2647, 0.5, 0.0, 0.0, 1.0]], ["frame32.png", [0.9594396352767944, 0.06644344329833984, 0.2739723026752472, -0.6959558158122114, 0.06207915395498276, -0.9977685213088989, 0.024579018354415894, -0.049577829028873005, 0.27499404549598694, -0.0065741147845983505, -0.9614234566688538, 2.60829207361943, 0.0, 0.0, 0.0, 1.0, 4.2647, 0.0, 0.5, 0.0, 4.2647, 0.5, 0.0, 0.0, 1.0]], ["frame32_mirror.png", [0.9594396352767944, -0.06644344329833984, -0.2739723026752472, 0.6959558158122114, -0.06207915395498276, -0.9977685213088989, 0.024579018354415894, -0.049577829028873005, -0.27499404549598694, -0.0065741147845983505, -0.9614234566688538, 2.60829207361943, 0.0, 0.0, 0.0, 1.0, 4.2647, 0.0, 0.5, 0.0, 4.2647, 0.5, 0.0, 0.0, 1.0]], ["frame33.png", [0.9578098058700562, 0.06540713459253311, 0.2798612713813782, -0.7110084326543465, 0.0596608966588974, -0.9977970719337463, 0.029011720791459084, -0.06398322358649056, 0.28114232420921326, -0.011090938001871109, -0.9596019983291626, 2.603914967082046, 0.0, 0.0, 0.0, 1.0, 4.2647, 0.0, 0.5, 0.0, 4.2647, 0.5, 0.0, 0.0, 1.0]], ["frame33_mirror.png", [0.9578098058700562, -0.06540713459253311, -0.2798612713813782, 0.7110084326543465, -0.0596608966588974, -0.9977970719337463, 0.029011720791459084, -0.06398322358649056, -0.28114232420921326, -0.011090938001871109, -0.9596019983291626, 2.603914967082046, 0.0, 0.0, 0.0, 1.0, 4.2647, 0.0, 0.5, 0.0, 4.2647, 0.5, 0.0, 0.0, 1.0]], ["frame34.png", [0.9594162106513977, 0.07350531220436096, 0.27224528789520264, -0.686294904055162, 0.0688331350684166, -0.9972712397575378, 0.02668587677180767, -0.057366639757364335, 0.2734639644622803, -0.006863366812467575, -0.961857795715332, 2.6106911677390845, 0.0, 0.0, 0.0, 1.0, 4.2647, 0.0, 0.5, 0.0, 4.2647, 0.5, 0.0, 0.0, 1.0]], ["frame34_mirror.png", [0.9594162106513977, -0.07350531220436096, -0.27224528789520264, 0.686294904055162, -0.0688331350684166, -0.9972712397575378, 0.02668587677180767, -0.057366639757364335, -0.2734639644622803, -0.006863366812467575, -0.961857795715332, 2.6106911677390845, 0.0, 0.0, 0.0, 1.0, 4.2647, 0.0, 0.5, 0.0, 4.2647, 0.5, 0.0, 0.0, 1.0]], ["frame35.png", [0.9588470458984375, 0.07498584687709808, 0.2738419473171234, -0.6948676169685555, 0.07289781421422958, -0.9971804022789001, 0.01780795119702816, -0.039002445352540174, 0.27440518140792847, 0.002887377515435219, -0.9616098403930664, 2.6087617377110086, 0.0, 0.0, 0.0, 1.0, 4.2647, 0.0, 0.5, 0.0, 4.2647, 0.5, 0.0, 0.0, 1.0]], ["frame35_mirror.png", [0.9588470458984375, -0.07498584687709808, -0.2738419473171234, 0.6948676169685555, -0.07289781421422958, -0.9971804022789001, 0.01780795119702816, -0.039002445352540174, -0.27440518140792847, 0.002887377515435219, -0.9616098403930664, 2.6087617377110086, 0.0, 0.0, 0.0, 1.0, 4.2647, 0.0, 0.5, 0.0, 4.2647, 0.5, 0.0, 0.0, 1.0]], ["frame36.png", [0.9573478698730469, 0.08195874840021133, 0.27707016468048096, -0.6989936839664278, 0.07949568331241608, -0.9966318607330322, 0.020130928605794907, -0.04700527079653347, 0.27778688073158264, 0.00275358185172081, -0.9606387615203857, 2.6075272451678018, 0.0, 0.0, 0.0, 1.0, 4.2647, 0.0, 0.5, 0.0, 4.2647, 0.5, 0.0, 0.0, 1.0]], ["frame36_mirror.png", [0.9573478698730469, -0.08195874840021133, -0.27707016468048096, 0.6989936839664278, -0.07949568331241608, -0.9966318607330322, 0.020130928605794907, -0.04700527079653347, -0.27778688073158264, 0.00275358185172081, -0.9606387615203857, 2.6075272451678018, 0.0, 0.0, 0.0, 1.0, 4.2647, 0.0, 0.5, 0.0, 4.2647, 0.5, 0.0, 0.0, 1.0]], ["frame37.png", [0.9573424458503723, 0.08312109857797623, 0.2767423987388611, -0.7005938083718783, 0.0815822184085846, -0.9965200424194336, 0.017090661451220512, -0.03960515053143786, 0.27719995379447937, 0.006215646862983704, -0.9607921838760376, 2.607220694095989, 0.0, 0.0, 0.0, 1.0, 4.2647, 0.0, 0.5, 0.0, 4.2647, 0.5, 0.0, 0.0, 1.0]], ["frame37_mirror.png", [0.9573424458503723, -0.08312109857797623, -0.2767423987388611, 0.7005938083718783, -0.0815822184085846, -0.9965200424194336, 0.017090661451220512, -0.03960515053143786, -0.27719995379447937, 0.006215646862983704, -0.9607921838760376, 2.607220694095989, 0.0, 0.0, 0.0, 1.0, 4.2647, 0.0, 0.5, 0.0, 4.2647, 0.5, 0.0, 0.0, 1.0]], ["frame38.png", [0.9566847681999207, 0.09173815697431564, 0.2762940526008606, -0.695711329218471, 0.08897161483764648, -0.9957786202430725, 0.02255968190729618, -0.05541573323392498, 0.27719730138778687, 0.0029998235404491425, -0.9608083367347717, 2.608239797815227, 0.0, 0.0, 0.0, 1.0, 4.2647, 0.0, 0.5, 0.0, 4.2647, 0.5, 0.0, 0.0, 1.0]], ["frame38_mirror.png", [0.9566847681999207, -0.09173815697431564, -0.2762940526008606, 0.695711329218471, -0.08897161483764648, -0.9957786202430725, 0.02255968190729618, -0.05541573323392498, -0.27719730138778687, 0.0029998235404491425, -0.9608083367347717, 2.608239797815227, 0.0, 0.0, 0.0, 1.0, 4.2647, 0.0, 0.5, 0.0, 4.2647, 0.5, 0.0, 0.0, 1.0]], ["frame39.png", [0.9584338068962097, 0.09444267302751541, 0.2692308723926544, -0.6794683078706268, 0.0909450426697731, -0.9955302476882935, 0.025464141741394997, -0.06151627698307671, 0.27043238282203674, 7.952190935611725e-05, -0.9627389907836914, 2.6123817803425227, 0.0, 0.0, 0.0, 1.0, 4.2647, 0.0, 0.5, 0.0, 4.2647, 0.5, 0.0, 0.0, 1.0]], ["frame39_mirror.png", [0.9584338068962097, -0.09444267302751541, -0.2692308723926544, 0.6794683078706268, -0.0909450426697731, -0.9955302476882935, 0.025464141741394997, -0.06151627698307671, -0.27043238282203674, 7.952190935611725e-05, -0.9627389907836914, 2.6123817803425227, 0.0, 0.0, 0.0, 1.0, 4.2647, 0.0, 0.5, 0.0, 4.2647, 0.5, 0.0, 0.0, 1.0]], ["frame4.png", [0.9783287644386292, -0.008642150089144707, 0.20687730610370636, -0.5190658094494772, -0.022889219224452972, -0.9975190162658691, 0.0665731355547905, -0.16630973280226835, 0.205788716673851, -0.06986567378044128, -0.9760992527008057, 2.6444114200017736, 0.0, 0.0, 0.0, 1.0, 4.2647, 0.0, 0.5, 0.0, 4.2647, 0.5, 0.0, 0.0, 1.0]], ["frame4_mirror.png", [0.9783287644386292, 0.008642150089144707, -0.20687730610370636, 0.5190658094494772, 0.022889219224452972, -0.9975190162658691, 0.0665731355547905, -0.16630973280226835, -0.205788716673851, -0.06986567378044128, -0.9760992527008057, 2.6444114200017736, 0.0, 0.0, 0.0, 1.0, 4.2647, 0.0, 0.5, 0.0, 4.2647, 0.5, 0.0, 0.0, 1.0]], ["frame40.png", [0.9563853740692139, 0.10164456814527512, 0.2738528549671173, -0.6915861715129968, 0.09615820646286011, -0.994804859161377, 0.03342018648982048, -0.08303328126156367, 0.2758271396160126, -0.005629383027553558, -0.9611907601356506, 2.6086038491068235, 0.0, 0.0, 0.0, 1.0, 4.2647, 0.0, 0.5, 0.0, 4.2647, 0.5, 0.0, 0.0, 1.0]], ["frame40_mirror.png", [0.9563853740692139, -0.10164456814527512, -0.2738528549671173, 0.6915861715129968, -0.09615820646286011, -0.994804859161377, 0.03342018648982048, -0.08303328126156367, -0.2758271396160126, -0.005629383027553558, -0.9611907601356506, 2.6086038491068235, 0.0, 0.0, 0.0, 1.0, 4.2647, 0.0, 0.5, 0.0, 4.2647, 0.5, 0.0, 0.0, 1.0]], ["frame41.png", [0.9542573094367981, 0.11386895924806595, 0.27645406126976013, -0.6986439936726617, 0.10794364660978317, -0.9934827089309692, 0.03660944849252701, -0.09338021889794083, 0.27882102131843567, -0.005093377083539963, -0.9603295922279358, 2.606372326591826, 0.0, 0.0, 0.0, 1.0, 4.2647, 0.0, 0.5, 0.0, 4.2647, 0.5, 0.0, 0.0, 1.0]], ["frame41_mirror.png", [0.9542573094367981, -0.11386895924806595, -0.27645406126976013, 0.6986439936726617, -0.10794364660978317, -0.9934827089309692, 0.03660944849252701, -0.09338021889794083, -0.27882102131843567, -0.005093377083539963, -0.9603295922279358, 2.606372326591826, 0.0, 0.0, 0.0, 1.0, 4.2647, 0.0, 0.5, 0.0, 4.2647, 0.5, 0.0, 0.0, 1.0]], ["frame42.png", [0.9503235220909119, 0.12713481485843658, 0.2841161787509918, -0.7196108678749452, 0.1358136236667633, -0.9906736612319946, -0.010973561555147171, 0.03672043084340504, 0.28007128834724426, 0.04901528358459473, -0.9587270617485046, 2.602078363307866, 0.0, 0.0, 0.0, 1.0, 4.2647, 0.0, 0.5, 0.0, 4.2647, 0.5, 0.0, 0.0, 1.0]], ["frame42_mirror.png", [0.9503235220909119, -0.12713481485843658, -0.2841161787509918, 0.7196108678749452, -0.1358136236667633, -0.9906736612319946, -0.010973561555147171, 0.03672043084340504, -0.28007128834724426, 0.04901528358459473, -0.9587270617485046, 2.602078363307866, 0.0, 0.0, 0.0, 1.0, 4.2647, 0.0, 0.5, 0.0, 4.2647, 0.5, 0.0, 0.0, 1.0]], ["frame43.png", [0.9477608799934387, 0.11605813354253769, 0.29711905121803284, -0.750851861965637, 0.13604982197284698, -0.9895654916763306, -0.047440867871046066, 0.12303717995395211, 0.28851285576820374, 0.08538559079170227, -0.9536611437797546, 2.5905758691325205, 0.0, 0.0, 0.0, 1.0, 4.2647, 0.0, 0.5, 0.0, 4.2647, 0.5, 0.0, 0.0, 1.0]], ["frame43_mirror.png", [0.9477608799934387, -0.11605813354253769, -0.29711905121803284, 0.750851861965637, -0.13604982197284698, -0.9895654916763306, -0.047440867871046066, 0.12303717995395211, -0.28851285576820374, 0.08538559079170227, -0.9536611437797546, 2.5905758691325205, 0.0, 0.0, 0.0, 1.0, 4.2647, 0.0, 0.5, 0.0, 4.2647, 0.5, 0.0, 0.0, 1.0]], ["frame44.png", [0.9506195187568665, 0.09151265025138855, 0.2965601682662964, -0.749180417106028, 0.09805699437856674, -0.9951545000076294, -0.007235201541334391, 0.02445494854672784, 0.29446107149124146, 0.03595772385597229, -0.9549868106842041, 2.593864040021453, 0.0, 0.0, 0.0, 1.0, 4.2647, 0.0, 0.5, 0.0, 4.2647, 0.5, 0.0, 0.0, 1.0]], ["frame44_mirror.png", [0.9506195187568665, -0.09151265025138855, -0.2965601682662964, 0.749180417106028, -0.09805699437856674, -0.9951545000076294, -0.007235201541334391, 0.02445494854672784, -0.29446107149124146, 0.03595772385597229, -0.9549868106842041, 2.593864040021453, 0.0, 0.0, 0.0, 1.0, 4.2647, 0.0, 0.5, 0.0, 4.2647, 0.5, 0.0, 0.0, 1.0]], ["frame45.png", [0.9534042477607727, 0.092013880610466, 0.28732171654701233, -0.7271896526676487, 0.09005368500947952, -0.9957348704338074, 0.02006065472960472, -0.04893136721027452, 0.287942111492157, 0.006748465821146965, -0.9576240181922913, 2.5997693994575823, 0.0, 0.0, 0.0, 1.0, 4.2647, 0.0, 0.5, 0.0, 4.2647, 0.5, 0.0, 0.0, 1.0]], ["frame45_mirror.png", [0.9534042477607727, -0.092013880610466, -0.28732171654701233, 0.7271896526676487, -0.09005368500947952, -0.9957348704338074, 0.02006065472960472, -0.04893136721027452, -0.287942111492157, 0.006748465821146965, -0.9576240181922913, 2.5997693994575823, 0.0, 0.0, 0.0, 1.0, 4.2647, 0.0, 0.5, 0.0, 4.2647, 0.5, 0.0, 0.0, 1.0]], ["frame46.png", [0.9540570378303528, 0.08417398482561111, 0.2875584363937378, -0.7293540161832001, 0.07924530655145645, -0.9964401721954346, 0.028758671134710312, -0.06966768504516826, 0.2889555096626282, -0.004649756476283073, -0.9573312401771545, 2.598689887758423, 0.0, 0.0, 0.0, 1.0, 4.2647, 0.0, 0.5, 0.0, 4.2647, 0.5, 0.0, 0.0, 1.0]], ["frame46_mirror.png", [0.9540570378303528, -0.08417398482561111, -0.2875584363937378, 0.7293540161832001, -0.07924530655145645, -0.9964401721954346, 0.028758671134710312, -0.06966768504516826, -0.2889555096626282, -0.004649756476283073, -0.9573312401771545, 2.598689887758423, 0.0, 0.0, 0.0, 1.0, 4.2647, 0.0, 0.5, 0.0, 4.2647, 0.5, 0.0, 0.0, 1.0]], ["frame47.png", [0.9560668468475342, 0.08626614511013031, 0.28016844391822815, -0.7054016635627988, 0.07512013614177704, -0.9959049224853516, 0.0503019355237484, -0.12000592268337841, 0.28336048126220703, -0.02704571932554245, -0.9586320519447327, 2.603460595354527, 0.0, 0.0, 0.0, 1.0, 4.2647, 0.0, 0.5, 0.0, 4.2647, 0.5, 0.0, 0.0, 1.0]], ["frame47_mirror.png", [0.9560668468475342, -0.08626614511013031, -0.28016844391822815, 0.7054016635627988, -0.07512013614177704, -0.9959049224853516, 0.0503019355237484, -0.12000592268337841, -0.28336048126220703, -0.02704571932554245, -0.9586320519447327, 2.603460595354527, 0.0, 0.0, 0.0, 1.0, 4.2647, 0.0, 0.5, 0.0, 4.2647, 0.5, 0.0, 0.0, 1.0]], ["frame48.png", [0.960343599319458, 0.09464466571807861, 0.26226428151130676, -0.6593376931858501, 0.08094864338636398, -0.9947524666786194, 0.06256856769323349, -0.1537789297776536, 0.2668098211288452, -0.03885737806558609, -0.9629655480384827, 2.6137379071170854, 0.0, 0.0, 0.0, 1.0, 4.2647, 0.0, 0.5, 0.0, 4.2647, 0.5, 0.0, 0.0, 1.0]], ["frame48_mirror.png", [0.960343599319458, -0.09464466571807861, -0.26226428151130676, 0.6593376931858501, -0.08094864338636398, -0.9947524666786194, 0.06256856769323349, -0.1537789297776536, -0.2668098211288452, -0.03885737806558609, -0.9629655480384827, 2.6137379071170854, 0.0, 0.0, 0.0, 1.0, 4.2647, 0.0, 0.5, 0.0, 4.2647, 0.5, 0.0, 0.0, 1.0]], ["frame49.png", [0.9645929336547852, 0.09171341359615326, 0.24728359282016754, -0.6227736667392069, 0.08376473933458328, -0.9955788850784302, 0.042498018592596054, -0.09653500873726346, 0.2500879764556885, -0.020279638469219208, -0.9680107235908508, 2.6254207190666223, 0.0, 0.0, 0.0, 1.0, 4.2647, 0.0, 0.5, 0.0, 4.2647, 0.5, 0.0, 0.0, 1.0]], ["frame49_mirror.png", [0.9645929336547852, -0.09171341359615326, -0.24728359282016754, 0.6227736667392069, -0.08376473933458328, -0.9955788850784302, 0.042498018592596054, -0.09653500873726346, -0.2500879764556885, -0.020279638469219208, -0.9680107235908508, 2.6254207190666223, 0.0, 0.0, 0.0, 1.0, 4.2647, 0.0, 0.5, 0.0, 4.2647, 0.5, 0.0, 0.0, 1.0]], ["frame5.png", [0.9784083962440491, 0.03172069042921066, 0.20423246920108795, -0.5045548400672518, 0.014958811923861504, -0.9964290261268616, 0.0830993577837944, -0.1976123112045934, 0.20613913238048553, -0.07825003564357758, -0.9753889441490173, 2.645065932604533, 0.0, 0.0, 0.0, 1.0, 4.2647, 0.0, 0.5, 0.0, 4.2647, 0.5, 0.0, 0.0, 1.0]], ["frame5_mirror.png", [0.9784083962440491, -0.03172069042921066, -0.20423246920108795, 0.5045548400672518, -0.014958811923861504, -0.9964290261268616, 0.0830993577837944, -0.1976123112045934, -0.20613913238048553, -0.07825003564357758, -0.9753889441490173, 2.645065932604533, 0.0, 0.0, 0.0, 1.0, 4.2647, 0.0, 0.5, 0.0, 4.2647, 0.5, 0.0, 0.0, 1.0]], ["frame6.png", [0.9759840369224548, 0.03326978161931038, 0.21528638899326324, -0.5399343010632203, 0.015257464721798897, -0.9962816834449768, 0.08479416370391846, -0.21054128789714488, 0.2173069566488266, -0.07947303354740143, -0.9728626012802124, 2.6370709729975004, 0.0, 0.0, 0.0, 1.0, 4.2647, 0.0, 0.5, 0.0, 4.2647, 0.5, 0.0, 0.0, 1.0]], ["frame6_mirror.png", [0.9759840369224548, -0.03326978161931038, -0.21528638899326324, 0.5399343010632203, -0.015257464721798897, -0.9962816834449768, 0.08479416370391846, -0.21054128789714488, -0.2173069566488266, -0.07947303354740143, -0.9728626012802124, 2.6370709729975004, 0.0, 0.0, 0.0, 1.0, 4.2647, 0.0, 0.5, 0.0, 4.2647, 0.5, 0.0, 0.0, 1.0]], ["frame7.png", [0.968402087688446, 0.04054130241274834, 0.24607671797275543, -0.6205565988829023, 0.026128139346837997, -0.9977614283561707, 0.06155804544687271, -0.14588107704989153, 0.24802149832248688, -0.053183414041996, -0.9672936201095581, 2.6236669413135596, 0.0, 0.0, 0.0, 1.0, 4.2647, 0.0, 0.5, 0.0, 4.2647, 0.5, 0.0, 0.0, 1.0]], ["frame7_mirror.png", [0.968402087688446, -0.04054130241274834, -0.24607671797275543, 0.6205565988829023, -0.026128139346837997, -0.9977614283561707, 0.06155804544687271, -0.14588107704989153, -0.24802149832248688, -0.053183414041996, -0.9672936201095581, 2.6236669413135596, 0.0, 0.0, 0.0, 1.0, 4.2647, 0.0, 0.5, 0.0, 4.2647, 0.5, 0.0, 0.0, 1.0]], ["frame8.png", [0.9649362564086914, 0.02908499352633953, 0.26086798310279846, -0.6605417675283036, 0.023100104182958603, -0.9993956089019775, 0.02597975544631481, -0.059453037834528814, 0.2614659070968628, -0.0190427303314209, -0.9650248289108276, 2.617279104268941, 0.0, 0.0, 0.0, 1.0, 4.2647, 0.0, 0.5, 0.0, 4.2647, 0.5, 0.0, 0.0, 1.0]], ["frame8_mirror.png", [0.9649362564086914, -0.02908499352633953, -0.26086798310279846, 0.6605417675283036, -0.023100104182958603, -0.9993956089019775, 0.02597975544631481, -0.059453037834528814, -0.2614659070968628, -0.0190427303314209, -0.9650248289108276, 2.617279104268941, 0.0, 0.0, 0.0, 1.0, 4.2647, 0.0, 0.5, 0.0, 4.2647, 0.5, 0.0, 0.0, 1.0]], ["frame9.png", [0.9641336798667908, 0.043302517384290695, 0.26186102628707886, -0.6615754427122051, 0.044251784682273865, -0.9990178346633911, 0.0022735362872481346, -0.002235928281310365, 0.261702299118042, 0.009395824745297432, -0.9651029706001282, 2.617692291738063, 0.0, 0.0, 0.0, 1.0, 4.2647, 0.0, 0.5, 0.0, 4.2647, 0.5, 0.0, 0.0, 1.0]], ["frame9_mirror.png", [0.9641336798667908, -0.043302517384290695, -0.26186102628707886, 0.6615754427122051, -0.044251784682273865, -0.9990178346633911, 0.0022735362872481346, -0.002235928281310365, -0.261702299118042, 0.009395824745297432, -0.9651029706001282, 2.617692291738063, 0.0, 0.0, 0.0, 1.0, 4.2647, 0.0, 0.5, 0.0, 4.2647, 0.5, 0.0, 0.0, 1.0]]]}