{"labels": [["frame0.png", [0.8480345606803894, -0.38730964064598083, -0.36170247197151184, 0.9211382273435037, -0.4376251697540283, -0.8967460989952087, -0.0658077672123909, 0.17357863498837872, -0.29886728525161743, 0.21409735083580017, -0.9299680590629578, 2.5320692770147586, 0.0, 0.0, 0.0, 1.0, 4.2647, 0.0, 0.5, 0.0, 4.2647, 0.5, 0.0, 0.0, 1.0]], ["frame0_mirror.png", [0.8480345606803894, 0.38730964064598083, 0.36170247197151184, -0.9211382273435037, 0.4376251697540283, -0.8967460989952087, -0.0658077672123909, 0.17357863498837872, 0.29886728525161743, 0.21409735083580017, -0.9299680590629578, 2.5320692770147586, 0.0, 0.0, 0.0, 1.0, 4.2647, 0.0, 0.5, 0.0, 4.2647, 0.5, 0.0, 0.0, 1.0]], ["frame1.png", [0.861714780330658, -0.32375624775886536, -0.3906784653663635, 0.9954957438438012, -0.3673488199710846, -0.9292134046554565, -0.040215250104665756, 0.11624035353414608, -0.35000374913215637, 0.1781693398952484, -0.9196483492851257, 2.5070852407126356, 0.0, 0.0, 0.0, 1.0, 4.2647, 0.0, 0.5, 0.0, 4.2647, 0.5, 0.0, 0.0, 1.0]], ["frame1_mirror.png", [0.861714780330658, 0.32375624775886536, 0.3906784653663635, -0.9954957438438012, 0.3673488199710846, -0.9292134046554565, -0.040215250104665756, 0.11624035353414608, 0.35000374913215637, 0.1781693398952484, -0.9196483492851257, 2.5070852407126356, 0.0, 0.0, 0.0, 1.0, 4.2647, 0.0, 0.5, 0.0, 4.2647, 0.5, 0.0, 0.0, 1.0]], ["frame2.png", [0.8519185185432434, -0.30679982900619507, -0.4243921935558319, 1.0798254421811455, -0.35601627826690674, -0.9336351752281189, -0.03972207382321358, 0.11615660488060299, -0.3840407729148865, 0.1849304884672165, -0.904606819152832, 2.4719394526486496, 0.0, 0.0, 0.0, 1.0, 4.2647, 0.0, 0.5, 0.0, 4.2647, 0.5, 0.0, 0.0, 1.0]], ["frame2_mirror.png", [0.8519185185432434, 0.30679982900619507, 0.4243921935558319, -1.0798254421811455, 0.35601627826690674, -0.9336351752281189, -0.03972207382321358, 0.11615660488060299, 0.3840407729148865, 0.1849304884672165, -0.904606819152832, 2.4719394526486496, 0.0, 0.0, 0.0, 1.0, 4.2647, 0.0, 0.5, 0.0, 4.2647, 0.5, 0.0, 0.0, 1.0]], ["frame3.png", [0.9701034426689148, 0.23923303186893463, -0.04082784801721573, 0.10415632243234786, 0.20607151091098785, -0.900844395160675, -0.38211774826049805, 0.9815885187011084, -0.12819473445415497, 0.36228030920028687, -0.9232112765312195, 2.5130928037880995, 0.0, 0.0, 0.0, 1.0, 4.2647, 0.0, 0.5, 0.0, 4.2647, 0.5, 0.0, 0.0, 1.0]], ["frame3_mirror.png", [0.9701034426689148, -0.23923303186893463, 0.04082784801721573, -0.10415632243234786, -0.20607151091098785, -0.900844395160675, -0.38211774826049805, 0.9815885187011084, 0.12819473445415497, 0.36228030920028687, -0.9232112765312195, 2.5130928037880995, 0.0, 0.0, 0.0, 1.0, 4.2647, 0.0, 0.5, 0.0, 4.2647, 0.5, 0.0, 0.0, 1.0]], ["frame4.png", [0.8755019903182983, 0.48010215163230896, -0.0547545962035656, 0.1372582470046065, 0.4386720061302185, -0.8371986150741577, -0.32659658789634705, 0.829474298445104, -0.20264022052288055, 0.2619166970252991, -0.943576455116272, 2.5657615948969665, 0.0, 0.0, 0.0, 1.0, 4.2647, 0.0, 0.5, 0.0, 4.2647, 0.5, 0.0, 0.0, 1.0]], ["frame4_mirror.png", [0.8755019903182983, -0.48010215163230896, 0.0547545962035656, -0.1372582470046065, -0.4386720061302185, -0.8371986150741577, -0.32659658789634705, 0.829474298445104, 0.20264022052288055, 0.2619166970252991, -0.943576455116272, 2.5657615948969665, 0.0, 0.0, 0.0, 1.0, 4.2647, 0.0, 0.5, 0.0, 4.2647, 0.5, 0.0, 0.0, 1.0]], ["frame5.png", [0.9230554103851318, 0.04855146259069443, -0.38159066438674927, 0.9702304461675426, -0.0002098865807056427, -0.9919390082359314, -0.1267164647579193, 0.32525258783898886, -0.38466691970825195, 0.11704641580581665, -0.9156044721603394, 2.498572319432354, 0.0, 0.0, 0.0, 1.0, 4.2647, 0.0, 0.5, 0.0, 4.2647, 0.5, 0.0, 0.0, 1.0]], ["frame5_mirror.png", [0.9230554103851318, -0.04855146259069443, 0.38159066438674927, -0.9702304461675426, 0.0002098865807056427, -0.9919390082359314, -0.1267164647579193, 0.32525258783898886, 0.38466691970825195, 0.11704641580581665, -0.9156044721603394, 2.498572319432354, 0.0, 0.0, 0.0, 1.0, 4.2647, 0.0, 0.5, 0.0, 4.2647, 0.5, 0.0, 0.0, 1.0]]]}