{"labels": [["frame0.png", [0.9734786748886108, -0.22566039860248566, -0.03763860464096069, 0.09520308354853922, -0.22818298637866974, -0.9695730209350586, -0.08865997940301895, 0.23217720816569887, -0.016486329957842827, 0.0948970839381218, -0.9953505396842957, 2.6883136195189787, 0.0, 0.0, 0.0, 1.0, 4.2647, 0.0, 0.5, 0.0, 4.2647, 0.5, 0.0, 0.0, 1.0]], ["frame0_mirror.png", [0.9734786748886108, 0.22566039860248566, 0.03763860464096069, -0.09520308354853922, 0.22818298637866974, -0.9695730209350586, -0.08865997940301895, 0.23217720816569887, 0.016486329957842827, 0.0948970839381218, -0.9953505396842957, 2.6883136195189787, 0.0, 0.0, 0.0, 1.0, 4.2647, 0.0, 0.5, 0.0, 4.2647, 0.5, 0.0, 0.0, 1.0]], ["frame1.png", [0.973304808139801, -0.22598837316036224, -0.04008810222148895, 0.1032469339493721, -0.2287653535604477, -0.9693260788917542, -0.08985169976949692, 0.23452649353061236, -0.018553001806139946, 0.09662386029958725, -0.9951480627059937, 2.6878127528647324, 0.0, 0.0, 0.0, 1.0, 4.2647, 0.0, 0.5, 0.0, 4.2647, 0.5, 0.0, 0.0, 1.0]], ["frame1_mirror.png", [0.973304808139801, 0.22598837316036224, 0.04008810222148895, -0.1032469339493721, 0.2287653535604477, -0.9693260788917542, -0.08985169976949692, 0.23452649353061236, 0.018553001806139946, 0.09662386029958725, -0.9951480627059937, 2.6878127528647324, 0.0, 0.0, 0.0, 1.0, 4.2647, 0.0, 0.5, 0.0, 4.2647, 0.5, 0.0, 0.0, 1.0]], ["frame10.png", [0.9581852555274963, -0.08224386721849442, -0.27407464385032654, 0.6981328619530794, -0.12119975686073303, -0.9842941164970398, -0.12835796177387238, 0.3327678226037612, -0.259213387966156, 0.15620848536491394, -0.9531040787696838, 2.5868660737078666, 0.0, 0.0, 0.0, 1.0, 4.2647, 0.0, 0.5, 0.0, 4.2647, 0.5, 0.0, 0.0, 1.0]], ["frame10_mirror.png", [0.9581852555274963, 0.08224386721849442, 0.27407464385032654, -0.6981328619530794, 0.12119975686073303, -0.9842941164970398, -0.12835796177387238, 0.3327678226037612, 0.259213387966156, 0.15620848536491394, -0.9531040787696838, 2.5868660737078666, 0.0, 0.0, 0.0, 1.0, 4.2647, 0.0, 0.5, 0.0, 4.2647, 0.5, 0.0, 0.0, 1.0]], ["frame11.png", [0.9733771681785583, -0.05531517043709755, -0.22243453562259674, 0.5644531998072319, -0.07192803174257278, -0.9951375722885132, -0.06728673726320267, 0.17588741357502932, -0.217630997300148, 0.08149465918540955, -0.9726229310035706, 2.6344745591812546, 0.0, 0.0, 0.0, 1.0, 4.2647, 0.0, 0.5, 0.0, 4.2647, 0.5, 0.0, 0.0, 1.0]], ["frame11_mirror.png", [0.9733771681785583, 0.05531517043709755, 0.22243453562259674, -0.5644531998072319, 0.07192803174257278, -0.9951375722885132, -0.06728673726320267, 0.17588741357502932, 0.217630997300148, 0.08149465918540955, -0.9726229310035706, 2.6344745591812546, 0.0, 0.0, 0.0, 1.0, 4.2647, 0.0, 0.5, 0.0, 4.2647, 0.5, 0.0, 0.0, 1.0]], ["frame12.png", [0.9833496809005737, -0.00479521881788969, -0.1816602647304535, 0.4616060114600173, -0.009248623624444008, -0.9996769428253174, -0.02367584779858589, 0.06963776606973905, -0.181488037109375, 0.024961745366454124, -0.9830763339996338, 2.6593364720773476, 0.0, 0.0, 0.0, 1.0, 4.2647, 0.0, 0.5, 0.0, 4.2647, 0.5, 0.0, 0.0, 1.0]], ["frame12_mirror.png", [0.9833496809005737, 0.00479521881788969, 0.1816602647304535, -0.4616060114600173, 0.009248623624444008, -0.9996769428253174, -0.02367584779858589, 0.06963776606973905, 0.181488037109375, 0.024961745366454124, -0.9830763339996338, 2.6593364720773476, 0.0, 0.0, 0.0, 1.0, 4.2647, 0.0, 0.5, 0.0, 4.2647, 0.5, 0.0, 0.0, 1.0]], ["frame13.png", [0.9886573553085327, 0.03951987996697426, -0.14489562809467316, 0.36597967644872353, 0.039411578327417374, -0.9992164969444275, -0.00361894560046494, 0.017651794998468966, -0.14492513239383698, -0.0021326683927327394, -0.9894403219223022, 2.6750228579509034, 0.0, 0.0, 0.0, 1.0, 4.2647, 0.0, 0.5, 0.0, 4.2647, 0.5, 0.0, 0.0, 1.0]], ["frame13_mirror.png", [0.9886573553085327, -0.03951987996697426, 0.14489562809467316, -0.36597967644872353, -0.039411578327417374, -0.9992164969444275, -0.00361894560046494, 0.017651794998468966, 0.14492513239383698, -0.0021326683927327394, -0.9894403219223022, 2.6750228579509034, 0.0, 0.0, 0.0, 1.0, 4.2647, 0.0, 0.5, 0.0, 4.2647, 0.5, 0.0, 0.0, 1.0]], ["frame14.png", [0.9898078441619873, 0.05219458043575287, -0.13249987363815308, 0.33535810662482496, 0.05385234206914902, -0.9985087513923645, 0.00895642675459385, -0.016910544628226727, -0.13183480501174927, -0.016000568866729736, -0.9911425709724426, 2.679038815284577, 0.0, 0.0, 0.0, 1.0, 4.2647, 0.0, 0.5, 0.0, 4.2647, 0.5, 0.0, 0.0, 1.0]], ["frame14_mirror.png", [0.9898078441619873, -0.05219458043575287, 0.13249987363815308, -0.33535810662482496, -0.05385234206914902, -0.9985087513923645, 0.00895642675459385, -0.016910544628226727, 0.13183480501174927, -0.016000568866729736, -0.9911425709724426, 2.679038815284577, 0.0, 0.0, 0.0, 1.0, 4.2647, 0.0, 0.5, 0.0, 4.2647, 0.5, 0.0, 0.0, 1.0]], ["frame15.png", [0.9898719191551208, 0.06504139304161072, -0.12618756294250488, 0.3195557650249011, 0.06476704776287079, -0.9978806972503662, -0.006280090194195509, 0.022456710988887307, -0.12632860243320465, -0.001956311520189047, -0.9919865727424622, 2.680928907891985, 0.0, 0.0, 0.0, 1.0, 4.2647, 0.0, 0.5, 0.0, 4.2647, 0.5, 0.0, 0.0, 1.0]], ["frame15_mirror.png", [0.9898719191551208, -0.06504139304161072, 0.12618756294250488, -0.3195557650249011, -0.06476704776287079, -0.9978806972503662, -0.006280090194195509, 0.022456710988887307, 0.12632860243320465, -0.001956311520189047, -0.9919865727424622, 2.680928907891985, 0.0, 0.0, 0.0, 1.0, 4.2647, 0.0, 0.5, 0.0, 4.2647, 0.5, 0.0, 0.0, 1.0]], ["frame16.png", [0.9915347099304199, 0.07442735880613327, -0.10639328509569168, 0.26892675450038334, 0.07413650304079056, -0.9972256422042847, -0.0066916448995471, 0.022916611350584704, -0.10659614950418472, -0.0012526283971965313, -0.9943016171455383, 2.686475987169455, 0.0, 0.0, 0.0, 1.0, 4.2647, 0.0, 0.5, 0.0, 4.2647, 0.5, 0.0, 0.0, 1.0]], ["frame16_mirror.png", [0.9915347099304199, -0.07442735880613327, 0.10639328509569168, -0.26892675450038334, -0.07413650304079056, -0.9972256422042847, -0.0066916448995471, 0.022916611350584704, 0.10659614950418472, -0.0012526283971965313, -0.9943016171455383, 2.686475987169455, 0.0, 0.0, 0.0, 1.0, 4.2647, 0.0, 0.5, 0.0, 4.2647, 0.5, 0.0, 0.0, 1.0]], ["frame17.png", [0.9926068782806396, 0.0879262387752533, -0.08366909623146057, 0.2104879239016129, 0.08785311877727509, -0.9961230158805847, -0.004562472924590111, 0.015472315007363228, -0.08374588191509247, -0.002821848727762699, -0.9964831471443176, 2.691738367925067, 0.0, 0.0, 0.0, 1.0, 4.2647, 0.0, 0.5, 0.0, 4.2647, 0.5, 0.0, 0.0, 1.0]], ["frame17_mirror.png", [0.9926068782806396, -0.0879262387752533, 0.08366909623146057, -0.2104879239016129, -0.08785311877727509, -0.9961230158805847, -0.004562472924590111, 0.015472315007363228, 0.08374588191509247, -0.002821848727762699, -0.9964831471443176, 2.691738367925067, 0.0, 0.0, 0.0, 1.0, 4.2647, 0.0, 0.5, 0.0, 4.2647, 0.5, 0.0, 0.0, 1.0]], ["frame18.png", [0.9928485155105591, 0.08701542764902115, -0.08173231035470963, 0.20579469697301161, 0.08725353330373764, -0.9961858987808228, -0.0006606538081541657, 0.008452996165985553, -0.0814780667424202, -0.00647550355643034, -0.9966540932655334, 2.692132442795786, 0.0, 0.0, 0.0, 1.0, 4.2647, 0.0, 0.5, 0.0, 4.2647, 0.5, 0.0, 0.0, 1.0]], ["frame18_mirror.png", [0.9928485155105591, -0.08701542764902115, 0.08173231035470963, -0.20579469697301161, -0.08725353330373764, -0.9961858987808228, -0.0006606538081541657, 0.008452996165985553, 0.0814780667424202, -0.00647550355643034, -0.9966540932655334, 2.692132442795786, 0.0, 0.0, 0.0, 1.0, 4.2647, 0.0, 0.5, 0.0, 4.2647, 0.5, 0.0, 0.0, 1.0]], ["frame19.png", [0.9927432537078857, 0.08635106682777405, -0.08369129151105881, 0.2100098639562053, 0.08617071807384491, -0.9962636828422546, -0.0057715135626494884, 0.022514583128254006, -0.08387697488069534, -0.0014821076765656471, -0.9964750409126282, 2.691726016998695, 0.0, 0.0, 0.0, 1.0, 4.2647, 0.0, 0.5, 0.0, 4.2647, 0.5, 0.0, 0.0, 1.0]], ["frame19_mirror.png", [0.9927432537078857, -0.08635106682777405, 0.08369129151105881, -0.2100098639562053, -0.08617071807384491, -0.9962636828422546, -0.0057715135626494884, 0.022514583128254006, 0.08387697488069534, -0.0014821076765656471, -0.9964750409126282, 2.691726016998695, 0.0, 0.0, 0.0, 1.0, 4.2647, 0.0, 0.5, 0.0, 4.2647, 0.5, 0.0, 0.0, 1.0]], ["frame2.png", [0.9747399687767029, -0.21646778285503387, -0.054988794028759, 0.14198856425017325, -0.2207656055688858, -0.9711282849311829, -0.09040139615535736, 0.23485437013255828, -0.033832184970378876, 0.10025748610496521, -0.9943861365318298, 2.6860161340639435, 0.0, 0.0, 0.0, 1.0, 4.2647, 0.0, 0.5, 0.0, 4.2647, 0.5, 0.0, 0.0, 1.0]], ["frame2_mirror.png", [0.9747399687767029, 0.21646778285503387, 0.054988794028759, -0.14198856425017325, 0.2207656055688858, -0.9711282849311829, -0.09040139615535736, 0.23485437013255828, 0.033832184970378876, 0.10025748610496521, -0.9943861365318298, 2.6860161340639435, 0.0, 0.0, 0.0, 1.0, 4.2647, 0.0, 0.5, 0.0, 4.2647, 0.5, 0.0, 0.0, 1.0]], ["frame20.png", [0.9932901263237, 0.0818091407418251, -0.08174308389425278, 0.2054138142104319, 0.08130161464214325, -0.9966440796852112, -0.009523708373308182, 0.030630924118841666, -0.08224788308143616, 0.0028139613568782806, -0.9966079592704773, 2.6920005407538743, 0.0, 0.0, 0.0, 1.0, 4.2647, 0.0, 0.5, 0.0, 4.2647, 0.5, 0.0, 0.0, 1.0]], ["frame20_mirror.png", [0.9932901263237, -0.0818091407418251, 0.08174308389425278, -0.2054138142104319, -0.08130161464214325, -0.9966440796852112, -0.009523708373308182, 0.030630924118841666, 0.08224788308143616, 0.0028139613568782806, -0.9966079592704773, 2.6920005407538743, 0.0, 0.0, 0.0, 1.0, 4.2647, 0.0, 0.5, 0.0, 4.2647, 0.5, 0.0, 0.0, 1.0]], ["frame21.png", [0.9933115243911743, 0.08161547780036926, -0.08167705684900284, 0.20512401599778943, 0.08107172697782516, -0.9966585636138916, -0.009957308880984783, 0.032368235834056035, -0.08221680670976639, 0.003269009757786989, -0.9966091513633728, 2.6920023096888177, 0.0, 0.0, 0.0, 1.0, 4.2647, 0.0, 0.5, 0.0, 4.2647, 0.5, 0.0, 0.0, 1.0]], ["frame21_mirror.png", [0.9933115243911743, -0.08161547780036926, 0.08167705684900284, -0.20512401599778943, -0.08107172697782516, -0.9966585636138916, -0.009957308880984783, 0.032368235834056035, 0.08221680670976639, 0.003269009757786989, -0.9966091513633728, 2.6920023096888177, 0.0, 0.0, 0.0, 1.0, 4.2647, 0.0, 0.5, 0.0, 4.2647, 0.5, 0.0, 0.0, 1.0]], ["frame22.png", [0.9936181902885437, 0.0846310704946518, -0.07456858456134796, 0.18719057354710225, 0.08508166670799255, -0.9963697791099548, 0.0028812589589506388, -0.002095193094245847, -0.0740540400147438, -0.009207291528582573, -0.9972116947174072, 2.693502422375188, 0.0, 0.0, 0.0, 1.0, 4.2647, 0.0, 0.5, 0.0, 4.2647, 0.5, 0.0, 0.0, 1.0]], ["frame22_mirror.png", [0.9936181902885437, -0.0846310704946518, 0.07456858456134796, -0.18719057354710225, -0.08508166670799255, -0.9963697791099548, 0.0028812589589506388, -0.002095193094245847, 0.0740540400147438, -0.009207291528582573, -0.9972116947174072, 2.693502422375188, 0.0, 0.0, 0.0, 1.0, 4.2647, 0.0, 0.5, 0.0, 4.2647, 0.5, 0.0, 0.0, 1.0]], ["frame23.png", [0.9936851859092712, 0.0841006487607956, -0.07427462935447693, 0.1857031289627389, 0.08418156206607819, -0.9964483380317688, -0.002046199981123209, 0.008595220389516604, -0.0741829127073288, -0.004219275899231434, -0.9972357153892517, 2.6935924840405807, 0.0, 0.0, 0.0, 1.0, 4.2647, 0.0, 0.5, 0.0, 4.2647, 0.5, 0.0, 0.0, 1.0]], ["frame23_mirror.png", [0.9936851859092712, -0.0841006487607956, 0.07427462935447693, -0.1857031289627389, -0.08418156206607819, -0.9964483380317688, -0.002046199981123209, 0.008595220389516604, 0.0741829127073288, -0.004219275899231434, -0.9972357153892517, 2.6935924840405807, 0.0, 0.0, 0.0, 1.0, 4.2647, 0.0, 0.5, 0.0, 4.2647, 0.5, 0.0, 0.0, 1.0]], ["frame24.png", [0.9940959215164185, 0.0830678716301918, -0.0698075070977211, 0.17452952574537933, 0.08329564332962036, -0.9965248107910156, 0.0003532807750161737, 0.005302792563278919, -0.06953556835651398, -0.006165856029838324, -0.997560441493988, 2.6943480333902907, 0.0, 0.0, 0.0, 1.0, 4.2647, 0.0, 0.5, 0.0, 4.2647, 0.5, 0.0, 0.0, 1.0]], ["frame24_mirror.png", [0.9940959215164185, -0.0830678716301918, 0.0698075070977211, -0.17452952574537933, -0.08329564332962036, -0.9965248107910156, 0.0003532807750161737, 0.005302792563278919, 0.06953556835651398, -0.006165856029838324, -0.997560441493988, 2.6943480333902907, 0.0, 0.0, 0.0, 1.0, 4.2647, 0.0, 0.5, 0.0, 4.2647, 0.5, 0.0, 0.0, 1.0]], ["frame25.png", [0.9949429631233215, 0.0866706594824791, -0.05076080188155174, 0.128397629755924, 0.0845688059926033, -0.9955240488052368, -0.0421898253262043, 0.11441341500623377, -0.054190218448638916, 0.03768369182944298, -0.9978192448616028, 2.694517325819167, 0.0, 0.0, 0.0, 1.0, 4.2647, 0.0, 0.5, 0.0, 4.2647, 0.5, 0.0, 0.0, 1.0]], ["frame25_mirror.png", [0.9949429631233215, -0.0866706594824791, 0.05076080188155174, -0.128397629755924, -0.0845688059926033, -0.9955240488052368, -0.0421898253262043, 0.11441341500623377, 0.054190218448638916, 0.03768369182944298, -0.9978192448616028, 2.694517325819167, 0.0, 0.0, 0.0, 1.0, 4.2647, 0.0, 0.5, 0.0, 4.2647, 0.5, 0.0, 0.0, 1.0]], ["frame26.png", [0.994209885597229, 0.10438229143619537, 0.025515278801321983, -0.06858511827873655, 0.10501378774642944, -0.9941613674163818, -0.024804474785923958, 0.05892062293704796, 0.02277715690433979, 0.02734030969440937, -0.9993667006492615, 2.6984855830156667, 0.0, 0.0, 0.0, 1.0, 4.2647, 0.0, 0.5, 0.0, 4.2647, 0.5, 0.0, 0.0, 1.0]], ["frame26_mirror.png", [0.994209885597229, -0.10438229143619537, -0.025515278801321983, 0.06858511827873655, -0.10501378774642944, -0.9941613674163818, -0.024804474785923958, 0.05892062293704796, -0.02277715690433979, 0.02734030969440937, -0.9993667006492615, 2.6984855830156667, 0.0, 0.0, 0.0, 1.0, 4.2647, 0.0, 0.5, 0.0, 4.2647, 0.5, 0.0, 0.0, 1.0]], ["frame27.png", [0.9931187629699707, 0.10234349966049194, 0.056929219514131546, -0.148232696144608, 0.1028142049908638, -0.99468594789505, -0.0053939479403197765, 0.011092174691618143, 0.056074660271406174, 0.011209962889552116, -0.9983636140823364, 2.695905048671839, 0.0, 0.0, 0.0, 1.0, 4.2647, 0.0, 0.5, 0.0, 4.2647, 0.5, 0.0, 0.0, 1.0]], ["frame27_mirror.png", [0.9931187629699707, -0.10234349966049194, -0.056929219514131546, 0.148232696144608, -0.1028142049908638, -0.99468594789505, -0.0053939479403197765, 0.011092174691618143, -0.056074660271406174, 0.011209962889552116, -0.9983636140823364, 2.695905048671839, 0.0, 0.0, 0.0, 1.0, 4.2647, 0.0, 0.5, 0.0, 4.2647, 0.5, 0.0, 0.0, 1.0]], ["frame28.png", [0.9948349595069885, 0.09548667818307877, 0.034434974193573, -0.09250928686610897, 0.09614722430706024, -0.9952032566070557, -0.018062034621834755, 0.04825191398931036, 0.03254511207342148, 0.02127956971526146, -0.9992437362670898, 2.6979832810156354, 0.0, 0.0, 0.0, 1.0, 4.2647, 0.0, 0.5, 0.0, 4.2647, 0.5, 0.0, 0.0, 1.0]], ["frame28_mirror.png", [0.9948349595069885, -0.09548667818307877, -0.034434974193573, 0.09250928686610897, -0.09614722430706024, -0.9952032566070557, -0.018062034621834755, 0.04825191398931036, -0.03254511207342148, 0.02127956971526146, -0.9992437362670898, 2.6979832810156354, 0.0, 0.0, 0.0, 1.0, 4.2647, 0.0, 0.5, 0.0, 4.2647, 0.5, 0.0, 0.0, 1.0]], ["frame29.png", [0.9953615069389343, 0.0958067774772644, -0.008745204657316208, 0.018031659049622655, 0.0959252268075943, -0.9952856302261353, 0.01431343425065279, -0.04335090355013588, -0.0073326523415744305, -0.01508592814207077, -0.9998592734336853, 2.699591739214155, 0.0, 0.0, 0.0, 1.0, 4.2647, 0.0, 0.5, 0.0, 4.2647, 0.5, 0.0, 0.0, 1.0]], ["frame29_mirror.png", [0.9953615069389343, -0.0958067774772644, 0.008745204657316208, -0.018031659049622655, -0.0959252268075943, -0.9952856302261353, 0.01431343425065279, -0.04335090355013588, 0.0073326523415744305, -0.01508592814207077, -0.9998592734336853, 2.699591739214155, 0.0, 0.0, 0.0, 1.0, 4.2647, 0.0, 0.5, 0.0, 4.2647, 0.5, 0.0, 0.0, 1.0]], ["frame3.png", [0.9739674925804138, -0.21141086518764496, -0.08181007206439972, 0.20795545895816803, -0.2182457149028778, -0.9720737338066101, -0.08626414090394974, 0.22478857885013662, -0.0612882524728775, 0.10187315940856934, -0.9929076433181763, 2.6825779805828636, 0.0, 0.0, 0.0, 1.0, 4.2647, 0.0, 0.5, 0.0, 4.2647, 0.5, 0.0, 0.0, 1.0]], ["frame3_mirror.png", [0.9739674925804138, 0.21141086518764496, 0.08181007206439972, -0.20795545895816803, 0.2182457149028778, -0.9720737338066101, -0.08626414090394974, 0.22478857885013662, 0.0612882524728775, 0.10187315940856934, -0.9929076433181763, 2.6825779805828636, 0.0, 0.0, 0.0, 1.0, 4.2647, 0.0, 0.5, 0.0, 4.2647, 0.5, 0.0, 0.0, 1.0]], ["frame30.png", [0.9947779774665833, 0.08743112534284592, -0.052654653787612915, 0.12831578706130103, 0.08837383985519409, -0.9959613680839539, 0.01584520749747753, -0.043762137427034616, -0.0510566383600235, -0.020415758714079857, -0.9984870553016663, 2.6965941359645984, 0.0, 0.0, 0.0, 1.0, 4.2647, 0.0, 0.5, 0.0, 4.2647, 0.5, 0.0, 0.0, 1.0]], ["frame30_mirror.png", [0.9947779774665833, -0.08743112534284592, 0.052654653787612915, -0.12831578706130103, -0.08837383985519409, -0.9959613680839539, 0.01584520749747753, -0.043762137427034616, 0.0510566383600235, -0.020415758714079857, -0.9984870553016663, 2.6965941359645984, 0.0, 0.0, 0.0, 1.0, 4.2647, 0.0, 0.5, 0.0, 4.2647, 0.5, 0.0, 0.0, 1.0]], ["frame31.png", [0.9951121211051941, 0.08360178023576736, -0.05256003141403198, 0.13128249233376418, 0.08513716608285904, -0.995984673500061, 0.027681615203619003, -0.0738987848516753, -0.05003475025296211, -0.03202112391591072, -0.9982340335845947, 2.695793737807862, 0.0, 0.0, 0.0, 1.0, 4.2647, 0.0, 0.5, 0.0, 4.2647, 0.5, 0.0, 0.0, 1.0]], ["frame31_mirror.png", [0.9951121211051941, -0.08360178023576736, 0.05256003141403198, -0.13128249233376418, -0.08513716608285904, -0.995984673500061, 0.027681615203619003, -0.0738987848516753, 0.05003475025296211, -0.03202112391591072, -0.9982340335845947, 2.695793737807862, 0.0, 0.0, 0.0, 1.0, 4.2647, 0.0, 0.5, 0.0, 4.2647, 0.5, 0.0, 0.0, 1.0]], ["frame32.png", [0.9943923354148865, 0.09041839092969894, -0.05484817922115326, 0.13606624194429523, 0.09085369855165482, -0.995849072933197, 0.005490638315677643, -0.01626352393220279, -0.054124053567647934, -0.010443009436130524, -0.9984795451164246, 2.6965202531396764, 0.0, 0.0, 0.0, 1.0, 4.2647, 0.0, 0.5, 0.0, 4.2647, 0.5, 0.0, 0.0, 1.0]], ["frame32_mirror.png", [0.9943923354148865, -0.09041839092969894, 0.05484817922115326, -0.13606624194429523, -0.09085369855165482, -0.995849072933197, 0.005490638315677643, -0.01626352393220279, 0.054124053567647934, -0.010443009436130524, -0.9984795451164246, 2.6965202531396764, 0.0, 0.0, 0.0, 1.0, 4.2647, 0.0, 0.5, 0.0, 4.2647, 0.5, 0.0, 0.0, 1.0]], ["frame33.png", [0.9928588271141052, 0.09867140650749207, -0.06704678386449814, 0.16698719928790373, 0.09692230075597763, -0.9948732256889343, -0.028866242617368698, 0.0694025383371886, -0.06955133378505707, 0.022161776199936867, -0.9973321557044983, 2.693937371756504, 0.0, 0.0, 0.0, 1.0, 4.2647, 0.0, 0.5, 0.0, 4.2647, 0.5, 0.0, 0.0, 1.0]], ["frame33_mirror.png", [0.9928588271141052, -0.09867140650749207, 0.06704678386449814, -0.16698719928790373, -0.09692230075597763, -0.9948732256889343, -0.028866242617368698, 0.0694025383371886, 0.06955133378505707, 0.022161776199936867, -0.9973321557044983, 2.693937371756504, 0.0, 0.0, 0.0, 1.0, 4.2647, 0.0, 0.5, 0.0, 4.2647, 0.5, 0.0, 0.0, 1.0]], ["frame34.png", [0.9890269041061401, 0.10392969101667404, -0.10499744862318039, 0.26426104778410175, 0.1001000925898552, -0.9941272735595703, -0.041121505200862885, 0.10044086182163499, -0.10865457355976105, 0.030160019174218178, -0.9936219453811646, 2.68515879081677, 0.0, 0.0, 0.0, 1.0, 4.2647, 0.0, 0.5, 0.0, 4.2647, 0.5, 0.0, 0.0, 1.0]], ["frame34_mirror.png", [0.9890269041061401, -0.10392969101667404, 0.10499744862318039, -0.26426104778410175, -0.1001000925898552, -0.9941272735595703, -0.041121505200862885, 0.10044086182163499, 0.10865457355976105, 0.030160019174218178, -0.9936219453811646, 2.68515879081677, 0.0, 0.0, 0.0, 1.0, 4.2647, 0.0, 0.5, 0.0, 4.2647, 0.5, 0.0, 0.0, 1.0]], ["frame35.png", [0.9815409779548645, 0.09986517578363419, -0.16310817003250122, 0.41465687686788255, 0.09380195289850235, -0.9945967793464661, -0.04448042809963226, 0.10909301369952573, -0.16666889190673828, 0.02835949696600437, -0.985605001449585, 2.6657378694890705, 0.0, 0.0, 0.0, 1.0, 4.2647, 0.0, 0.5, 0.0, 4.2647, 0.5, 0.0, 0.0, 1.0]], ["frame35_mirror.png", [0.9815409779548645, -0.09986517578363419, 0.16310817003250122, -0.41465687686788255, -0.09380195289850235, -0.9945967793464661, -0.04448042809963226, 0.10909301369952573, 0.16666889190673828, 0.02835949696600437, -0.985605001449585, 2.6657378694890705, 0.0, 0.0, 0.0, 1.0, 4.2647, 0.0, 0.5, 0.0, 4.2647, 0.5, 0.0, 0.0, 1.0]], ["frame36.png", [0.9749262928962708, 0.09849871695041656, -0.19954155385494232, 0.5076964237895015, 0.09217903763055801, -0.9949086308479309, -0.04074069857597351, 0.09945062194836934, -0.20253853499889374, 0.021325623616576195, -0.979042112827301, 2.6499724366614523, 0.0, 0.0, 0.0, 1.0, 4.2647, 0.0, 0.5, 0.0, 4.2647, 0.5, 0.0, 0.0, 1.0]], ["frame36_mirror.png", [0.9749262928962708, -0.09849871695041656, 0.19954155385494232, -0.5076964237895015, -0.09217903763055801, -0.9949086308479309, -0.04074069857597351, 0.09945062194836934, 0.20253853499889374, 0.021325623616576195, -0.979042112827301, 2.6499724366614523, 0.0, 0.0, 0.0, 1.0, 4.2647, 0.0, 0.5, 0.0, 4.2647, 0.5, 0.0, 0.0, 1.0]], ["frame37.png", [0.9681965708732605, 0.10414879769086838, -0.22748276591300964, 0.5803727845574997, 0.09298022091388702, -0.9939003586769104, -0.059302933514118195, 0.14947984181674384, -0.23227152228355408, 0.036265499889850616, -0.9719746708869934, 2.632645666973704, 0.0, 0.0, 0.0, 1.0, 4.2647, 0.0, 0.5, 0.0, 4.2647, 0.5, 0.0, 0.0, 1.0]], ["frame37_mirror.png", [0.9681965708732605, -0.10414879769086838, 0.22748276591300964, -0.5803727845574997, -0.09298022091388702, -0.9939003586769104, -0.059302933514118195, 0.14947984181674384, 0.23227152228355408, 0.036265499889850616, -0.9719746708869934, 2.632645666973704, 0.0, 0.0, 0.0, 1.0, 4.2647, 0.0, 0.5, 0.0, 4.2647, 0.5, 0.0, 0.0, 1.0]], ["frame38.png", [0.9610487222671509, 0.10067716240882874, -0.25738975405693054, 0.6568623598017702, 0.08892812579870224, -0.9944104552268982, -0.0569181889295578, 0.1413819964861086, -0.2616814076900482, 0.03181196004152298, -0.9646298885345459, 2.6150607968736126, 0.0, 0.0, 0.0, 1.0, 4.2647, 0.0, 0.5, 0.0, 4.2647, 0.5, 0.0, 0.0, 1.0]], ["frame38_mirror.png", [0.9610487222671509, -0.10067716240882874, 0.25738975405693054, -0.6568623598017702, -0.08892812579870224, -0.9944104552268982, -0.0569181889295578, 0.1413819964861086, 0.2616814076900482, 0.03181196004152298, -0.9646298885345459, 2.6150607968736126, 0.0, 0.0, 0.0, 1.0, 4.2647, 0.0, 0.5, 0.0, 4.2647, 0.5, 0.0, 0.0, 1.0]], ["frame39.png", [0.9568856358528137, 0.09513108432292938, -0.2744447588920593, 0.6996085192693355, 0.0864320695400238, -0.9953011870384216, -0.043646227568387985, 0.1077917779362101, -0.27730730175971985, 0.018043620511889458, -0.9606118202209473, 2.6055573016871305, 0.0, 0.0, 0.0, 1.0, 4.2647, 0.0, 0.5, 0.0, 4.2647, 0.5, 0.0, 0.0, 1.0]], ["frame39_mirror.png", [0.9568856358528137, -0.09513108432292938, 0.2744447588920593, -0.6996085192693355, -0.0864320695400238, -0.9953011870384216, -0.043646227568387985, 0.1077917779362101, 0.27730730175971985, 0.018043620511889458, -0.9606118202209473, 2.6055573016871305, 0.0, 0.0, 0.0, 1.0, 4.2647, 0.0, 0.5, 0.0, 4.2647, 0.5, 0.0, 0.0, 1.0]], ["frame4.png", [0.9698728322982788, -0.17945335805416107, -0.16475191712379456, 0.41938692110453213, -0.19272397458553314, -0.978871762752533, -0.06832048296928406, 0.18109583809733612, -0.14901065826416016, 0.09801382571458817, -0.983966052532196, 2.661074765546862, 0.0, 0.0, 0.0, 1.0, 4.2647, 0.0, 0.5, 0.0, 4.2647, 0.5, 0.0, 0.0, 1.0]], ["frame4_mirror.png", [0.9698728322982788, 0.17945335805416107, 0.16475191712379456, -0.41938692110453213, 0.19272397458553314, -0.978871762752533, -0.06832048296928406, 0.18109583809733612, 0.14901065826416016, 0.09801382571458817, -0.983966052532196, 2.661074765546862, 0.0, 0.0, 0.0, 1.0, 4.2647, 0.0, 0.5, 0.0, 4.2647, 0.5, 0.0, 0.0, 1.0]], ["frame40.png", [0.9585028886795044, 0.08819770067930222, -0.27109670639038086, 0.6900937939762256, 0.08235026150941849, -0.9960604906082153, -0.03289336338639259, 0.07725946327196208, -0.2729298174381256, 0.00920349732041359, -0.9619899392127991, 2.609176408534009, 0.0, 0.0, 0.0, 1.0, 4.2647, 0.0, 0.5, 0.0, 4.2647, 0.5, 0.0, 0.0, 1.0]], ["frame40_mirror.png", [0.9585028886795044, -0.08819770067930222, 0.27109670639038086, -0.6900937939762256, -0.08235026150941849, -0.9960604906082153, -0.03289336338639259, 0.07725946327196208, 0.2729298174381256, 0.00920349732041359, -0.9619899392127991, 2.609176408534009, 0.0, 0.0, 0.0, 1.0, 4.2647, 0.0, 0.5, 0.0, 4.2647, 0.5, 0.0, 0.0, 1.0]], ["frame41.png", [0.9618736505508423, 0.08723122626543045, -0.25921010971069336, 0.658220218625295, 0.07500235736370087, -0.9955689907073975, -0.05671815574169159, 0.1382902567212924, -0.26300913095474243, 0.03511432558298111, -0.9641541242599487, 2.6148846912796806, 0.0, 0.0, 0.0, 1.0, 4.2647, 0.0, 0.5, 0.0, 4.2647, 0.5, 0.0, 0.0, 1.0]], ["frame41_mirror.png", [0.9618736505508423, -0.08723122626543045, 0.25921010971069336, -0.658220218625295, -0.07500235736370087, -0.9955689907073975, -0.05671815574169159, 0.1382902567212924, 0.26300913095474243, 0.03511432558298111, -0.9641541242599487, 2.6148846912796806, 0.0, 0.0, 0.0, 1.0, 4.2647, 0.0, 0.5, 0.0, 4.2647, 0.5, 0.0, 0.0, 1.0]], ["frame42.png", [0.9634444713592529, 0.0917561799287796, -0.25170525908470154, 0.6388641049768589, 0.07266715168952942, -0.9938013553619385, -0.08413275331258774, 0.2071277199444149, -0.25786474347114563, 0.06276653707027435, -0.9641401171684265, 2.615138765534775, 0.0, 0.0, 0.0, 1.0, 4.2647, 0.0, 0.5, 0.0, 4.2647, 0.5, 0.0, 0.0, 1.0]], ["frame42_mirror.png", [0.9634444713592529, -0.0917561799287796, 0.25170525908470154, -0.6388641049768589, -0.07266715168952942, -0.9938013553619385, -0.08413275331258774, 0.2071277199444149, 0.25786474347114563, 0.06276653707027435, -0.9641401171684265, 2.615138765534775, 0.0, 0.0, 0.0, 1.0, 4.2647, 0.0, 0.5, 0.0, 4.2647, 0.5, 0.0, 0.0, 1.0]], ["frame43.png", [0.9686493277549744, 0.09494409710168839, -0.22957377135753632, 0.5790814620157879, 0.07363635301589966, -0.9922909140586853, -0.09968194365501404, 0.24664693004123373, -0.23726817965507507, 0.07965186983346939, -0.9681732058525085, 2.6256103961271355, 0.0, 0.0, 0.0, 1.0, 4.2647, 0.0, 0.5, 0.0, 4.2647, 0.5, 0.0, 0.0, 1.0]], ["frame43_mirror.png", [0.9686493277549744, -0.09494409710168839, 0.22957377135753632, -0.5790814620157879, -0.07363635301589966, -0.9922909140586853, -0.09968194365501404, 0.24664693004123373, 0.23726817965507507, 0.07965186983346939, -0.9681732058525085, 2.6256103961271355, 0.0, 0.0, 0.0, 1.0, 4.2647, 0.0, 0.5, 0.0, 4.2647, 0.5, 0.0, 0.0, 1.0]], ["frame44.png", [0.9727886915206909, 0.09417474269866943, -0.21169142425060272, 0.5384716592185093, 0.07513570785522461, -0.9925157427787781, -0.09626626968383789, 0.2442092809346466, -0.2191729098558426, 0.07774114608764648, -0.9725840091705322, 2.6344658091013153, 0.0, 0.0, 0.0, 1.0, 4.2647, 0.0, 0.5, 0.0, 4.2647, 0.5, 0.0, 0.0, 1.0]], ["frame44_mirror.png", [0.9727886915206909, -0.09417474269866943, 0.21169142425060272, -0.5384716592185093, -0.07513570785522461, -0.9925157427787781, -0.09626626968383789, 0.2442092809346466, 0.2191729098558426, 0.07774114608764648, -0.9725840091705322, 2.6344658091013153, 0.0, 0.0, 0.0, 1.0, 4.2647, 0.0, 0.5, 0.0, 4.2647, 0.5, 0.0, 0.0, 1.0]], ["frame45.png", [0.9817009568214417, 0.07765604555606842, -0.17387564480304718, 0.44246920755133445, 0.06037501245737076, -0.9928921461105347, -0.10256681591272354, 0.2636122332716345, -0.1806046962738037, 0.09019219875335693, -0.9794117212295532, 2.6504206441315, 0.0, 0.0, 0.0, 1.0, 4.2647, 0.0, 0.5, 0.0, 4.2647, 0.5, 0.0, 0.0, 1.0]], ["frame45_mirror.png", [0.9817009568214417, -0.07765604555606842, 0.17387564480304718, -0.44246920755133445, -0.06037501245737076, -0.9928921461105347, -0.10256681591272354, 0.2636122332716345, 0.1806046962738037, 0.09019219875335693, -0.9794117212295532, 2.6504206441315, 0.0, 0.0, 0.0, 1.0, 4.2647, 0.0, 0.5, 0.0, 4.2647, 0.5, 0.0, 0.0, 1.0]], ["frame46.png", [0.9883102774620056, 0.026469554752111435, -0.15014046430587769, 0.37870893579565057, 0.014082754030823708, -0.9964523315429688, -0.08297242224216461, 0.2192810404987987, -0.15180404484272003, 0.07988810539245605, -0.9851768612861633, 2.66430016462603, 0.0, 0.0, 0.0, 1.0, 4.2647, 0.0, 0.5, 0.0, 4.2647, 0.5, 0.0, 0.0, 1.0]], ["frame46_mirror.png", [0.9883102774620056, -0.026469554752111435, 0.15014046430587769, -0.37870893579565057, -0.014082754030823708, -0.9964523315429688, -0.08297242224216461, 0.2192810404987987, 0.15180404484272003, 0.07988810539245605, -0.9851768612861633, 2.66430016462603, 0.0, 0.0, 0.0, 1.0, 4.2647, 0.0, 0.5, 0.0, 4.2647, 0.5, 0.0, 0.0, 1.0]], ["frame47.png", [0.992725133895874, -0.03958062827587128, -0.11371110379695892, 0.28611647093526743, -0.050889018923044205, -0.9938516020774841, -0.09833284467458725, 0.26529051612750393, -0.10911988466978073, 0.10340413451194763, -0.9886356592178345, 2.671658344008895, 0.0, 0.0, 0.0, 1.0, 4.2647, 0.0, 0.5, 0.0, 4.2647, 0.5, 0.0, 0.0, 1.0]], ["frame47_mirror.png", [0.992725133895874, 0.03958062827587128, 0.11371110379695892, -0.28611647093526743, 0.050889018923044205, -0.9938516020774841, -0.09833284467458725, 0.26529051612750393, 0.10911988466978073, 0.10340413451194763, -0.9886356592178345, 2.671658344008895, 0.0, 0.0, 0.0, 1.0, 4.2647, 0.0, 0.5, 0.0, 4.2647, 0.5, 0.0, 0.0, 1.0]], ["frame48.png", [0.9927043914794922, -0.07935597747564316, -0.09077730029821396, 0.23008911267479248, -0.08612383902072906, -0.9935888648033142, -0.07323744893074036, 0.19862043077048055, -0.08438348770141602, 0.08052124083042145, -0.9931745529174805, 2.6828359854283073, 0.0, 0.0, 0.0, 1.0, 4.2647, 0.0, 0.5, 0.0, 4.2647, 0.5, 0.0, 0.0, 1.0]], ["frame48_mirror.png", [0.9927043914794922, 0.07935597747564316, 0.09077730029821396, -0.23008911267479248, 0.08612383902072906, -0.9935888648033142, -0.07323744893074036, 0.19862043077048055, 0.08438348770141602, 0.08052124083042145, -0.9931745529174805, 2.6828359854283073, 0.0, 0.0, 0.0, 1.0, 4.2647, 0.0, 0.5, 0.0, 4.2647, 0.5, 0.0, 0.0, 1.0]], ["frame49.png", [0.9937346577644348, -0.0843023955821991, -0.07337979972362518, 0.18363528452228192, -0.09049508720636368, -0.9922100305557251, -0.0856151357293129, 0.22308617441915943, -0.06559061259031296, 0.09171923249959946, -0.9936224222183228, 2.684494485198553, 0.0, 0.0, 0.0, 1.0, 4.2647, 0.0, 0.5, 0.0, 4.2647, 0.5, 0.0, 0.0, 1.0]], ["frame49_mirror.png", [0.9937346577644348, 0.0843023955821991, 0.07337979972362518, -0.18363528452228192, 0.09049508720636368, -0.9922100305557251, -0.0856151357293129, 0.22308617441915943, 0.06559061259031296, 0.09171923249959946, -0.9936224222183228, 2.684494485198553, 0.0, 0.0, 0.0, 1.0, 4.2647, 0.0, 0.5, 0.0, 4.2647, 0.5, 0.0, 0.0, 1.0]], ["frame5.png", [0.9517644047737122, -0.11338598281145096, -0.2851106822490692, 0.7248262845833349, -0.14452019333839417, -0.9853474497795105, -0.09057741612195969, 0.23525599218219354, -0.2706628739833832, 0.1274126172065735, -0.9542052149772644, 2.5902280739964754, 0.0, 0.0, 0.0, 1.0, 4.2647, 0.0, 0.5, 0.0, 4.2647, 0.5, 0.0, 0.0, 1.0]], ["frame5_mirror.png", [0.9517644047737122, 0.11338598281145096, 0.2851106822490692, -0.7248262845833349, 0.14452019333839417, -0.9853474497795105, -0.09057741612195969, 0.23525599218219354, 0.2706628739833832, 0.1274126172065735, -0.9542052149772644, 2.5902280739964754, 0.0, 0.0, 0.0, 1.0, 4.2647, 0.0, 0.5, 0.0, 4.2647, 0.5, 0.0, 0.0, 1.0]], ["frame6.png", [0.9422272443771362, -0.09136080741882324, -0.32227468490600586, 0.8220923501292442, -0.13293954730033875, -0.985065758228302, -0.10941870510578156, 0.283694840136595, -0.30746516585350037, 0.14594033360481262, -0.9403013586997986, 2.5561066889977124, 0.0, 0.0, 0.0, 1.0, 4.2647, 0.0, 0.5, 0.0, 4.2647, 0.5, 0.0, 0.0, 1.0]], ["frame6_mirror.png", [0.9422272443771362, 0.09136080741882324, 0.32227468490600586, -0.8220923501292442, 0.13293954730033875, -0.985065758228302, -0.10941870510578156, 0.283694840136595, 0.30746516585350037, 0.14594033360481262, -0.9403013586997986, 2.5561066889977124, 0.0, 0.0, 0.0, 1.0, 4.2647, 0.0, 0.5, 0.0, 4.2647, 0.5, 0.0, 0.0, 1.0]], ["frame7.png", [0.9409024119377136, -0.08556494861841202, -0.3276909589767456, 0.8330963522819531, -0.12840884923934937, -0.9854460954666138, -0.11138711869716644, 0.2916403399332484, -0.31339094042778015, 0.1468828171491623, -0.9381959438323975, 2.5516458178865897, 0.0, 0.0, 0.0, 1.0, 4.2647, 0.0, 0.5, 0.0, 4.2647, 0.5, 0.0, 0.0, 1.0]], ["frame7_mirror.png", [0.9409024119377136, 0.08556494861841202, 0.3276909589767456, -0.8330963522819531, 0.12840884923934937, -0.9854460954666138, -0.11138711869716644, 0.2916403399332484, 0.31339094042778015, 0.1468828171491623, -0.9381959438323975, 2.5516458178865897, 0.0, 0.0, 0.0, 1.0, 4.2647, 0.0, 0.5, 0.0, 4.2647, 0.5, 0.0, 0.0, 1.0]], ["frame8.png", [0.9454746842384338, -0.08057992905378342, -0.3155701458454132, 0.8047259567128637, -0.1309608370065689, -0.9811905026435852, -0.14182548224925995, 0.36683837098126926, -0.2982061505317688, 0.17541971802711487, -0.938243567943573, 2.551047969789744, 0.0, 0.0, 0.0, 1.0, 4.2647, 0.0, 0.5, 0.0, 4.2647, 0.5, 0.0, 0.0, 1.0]], ["frame8_mirror.png", [0.9454746842384338, 0.08057992905378342, 0.3155701458454132, -0.8047259567128637, 0.1309608370065689, -0.9811905026435852, -0.14182548224925995, 0.36683837098126926, 0.2982061505317688, 0.17541971802711487, -0.938243567943573, 2.551047969789744, 0.0, 0.0, 0.0, 1.0, 4.2647, 0.0, 0.5, 0.0, 4.2647, 0.5, 0.0, 0.0, 1.0]], ["frame9.png", [0.9497748613357544, -0.07721475511789322, -0.30325832962989807, 0.7722413541650861, -0.12915915250778198, -0.9794130921363831, -0.1551382690668106, 0.40240737597728576, -0.28503623604774475, 0.18651500344276428, -0.9401949644088745, 2.5557213452714973, 0.0, 0.0, 0.0, 1.0, 4.2647, 0.0, 0.5, 0.0, 4.2647, 0.5, 0.0, 0.0, 1.0]], ["frame9_mirror.png", [0.9497748613357544, 0.07721475511789322, 0.30325832962989807, -0.7722413541650861, 0.12915915250778198, -0.9794130921363831, -0.1551382690668106, 0.40240737597728576, 0.28503623604774475, 0.18651500344276428, -0.9401949644088745, 2.5557213452714973, 0.0, 0.0, 0.0, 1.0, 4.2647, 0.0, 0.5, 0.0, 4.2647, 0.5, 0.0, 0.0, 1.0]]]}