{"labels": [["frame0.png", [0.9616342782974243, 0.12993693351745605, 0.24161095917224884, -0.6102794461595114, 0.1450360268354416, -0.9883695244789124, -0.045717738568782806, 0.11900182752620714, 0.2328604757785797, 0.07900603860616684, -0.9692956209182739, 2.6274317427177176, 0.0, 0.0, 0.0, 1.0, 4.2647, 0.0, 0.5, 0.0, 4.2647, 0.5, 0.0, 0.0, 1.0]], ["frame0_mirror.png", [0.9616342782974243, -0.12993693351745605, -0.24161095917224884, 0.6102794461595114, -0.1450360268354416, -0.9883695244789124, -0.045717738568782806, 0.11900182752620714, -0.2328604757785797, 0.07900603860616684, -0.9692956209182739, 2.6274317427177176, 0.0, 0.0, 0.0, 1.0, 4.2647, 0.0, 0.5, 0.0, 4.2647, 0.5, 0.0, 0.0, 1.0]], ["frame1.png", [0.9491034150123596, 0.14810976386070251, 0.2779681980609894, -0.7035021334315058, 0.17305605113506317, -0.9826082587242126, -0.06732502579689026, 0.1651540030303946, 0.2631623446941376, 0.11200247704982758, -0.9582281112670898, 2.6015012787889145, 0.0, 0.0, 0.0, 1.0, 4.2647, 0.0, 0.5, 0.0, 4.2647, 0.5, 0.0, 0.0, 1.0]], ["frame1_mirror.png", [0.9491034150123596, -0.14810976386070251, -0.2779681980609894, 0.7035021334315058, -0.17305605113506317, -0.9826082587242126, -0.06732502579689026, 0.1651540030303946, -0.2631623446941376, 0.11200247704982758, -0.9582281112670898, 2.6015012787889145, 0.0, 0.0, 0.0, 1.0, 4.2647, 0.0, 0.5, 0.0, 4.2647, 0.5, 0.0, 0.0, 1.0]], ["frame2.png", [0.9410060048103333, 0.15522333979606628, 0.30068838596343994, -0.7569808006472026, 0.1757485717535019, -0.9835265874862671, -0.042283572256565094, 0.11164446618607933, 0.28917163610458374, 0.0926346480846405, -0.9527846574783325, 2.589307934684777, 0.0, 0.0, 0.0, 1.0, 4.2647, 0.0, 0.5, 0.0, 4.2647, 0.5, 0.0, 0.0, 1.0]], ["frame2_mirror.png", [0.9410060048103333, -0.15522333979606628, -0.30068838596343994, 0.7569808006472026, -0.1757485717535019, -0.9835265874862671, -0.042283572256565094, 0.11164446618607933, -0.28917163610458374, 0.0926346480846405, -0.9527846574783325, 2.589307934684777, 0.0, 0.0, 0.0, 1.0, 4.2647, 0.0, 0.5, 0.0, 4.2647, 0.5, 0.0, 0.0, 1.0]]]}