{"labels": [["frame0.png", [0.9122441411018372, -0.1024903953075409, 0.39661869406700134, -1.0132473366982935, -0.04903047904372215, -0.9885537624359131, -0.1426798701286316, 0.3667720969078073, 0.4067022204399109, 0.1107124537229538, -0.9068275094032288, 2.4756429596376908, 0.0, 0.0, 0.0, 1.0, 4.2647, 0.0, 0.5, 0.0, 4.2647, 0.5, 0.0, 0.0, 1.0]], ["frame0_mirror.png", [0.9122441411018372, 0.1024903953075409, -0.39661869406700134, 1.0132473366982935, 0.04903047904372215, -0.9885537624359131, -0.1426798701286316, 0.3667720969078073, -0.4067022204399109, 0.1107124537229538, -0.9068275094032288, 2.4756429596376908, 0.0, 0.0, 0.0, 1.0, 4.2647, 0.0, 0.5, 0.0, 4.2647, 0.5, 0.0, 0.0, 1.0]], ["frame1.png", [0.9057050347328186, -0.14740067720413208, 0.39745625853538513, -1.0185539403722248, -0.08822542428970337, -0.9826124906539917, -0.16336774826049805, 0.4076317383687792, 0.41462600231170654, 0.11289723217487335, -0.9029615521430969, 2.467059836409864, 0.0, 0.0, 0.0, 1.0, 4.2647, 0.0, 0.5, 0.0, 4.2647, 0.5, 0.0, 0.0, 1.0]], ["frame1_mirror.png", [0.9057050347328186, 0.14740067720413208, -0.39745625853538513, 1.0185539403722248, 0.08822542428970337, -0.9826124906539917, -0.16336774826049805, 0.4076317383687792, -0.41462600231170654, 0.11289723217487335, -0.9029615521430969, 2.467059836409864, 0.0, 0.0, 0.0, 1.0, 4.2647, 0.0, 0.5, 0.0, 4.2647, 0.5, 0.0, 0.0, 1.0]], ["frame10.png", [0.999830961227417, -0.005994425155222416, -0.017382849007844925, 0.038906282835020234, -0.009265832602977753, -0.9808144569396973, -0.19472333788871765, 0.5088349018835093, -0.01588209718465805, 0.19485150277614594, -0.9807041883468628, 2.651334257271452, 0.0, 0.0, 0.0, 1.0, 4.2647, 0.0, 0.5, 0.0, 4.2647, 0.5, 0.0, 0.0, 1.0]], ["frame10_mirror.png", [0.999830961227417, 0.005994425155222416, 0.017382849007844925, -0.038906282835020234, 0.009265832602977753, -0.9808144569396973, -0.19472333788871765, 0.5088349018835093, 0.01588209718465805, 0.19485150277614594, -0.9807041883468628, 2.651334257271452, 0.0, 0.0, 0.0, 1.0, 4.2647, 0.0, 0.5, 0.0, 4.2647, 0.5, 0.0, 0.0, 1.0]], ["frame11.png", [0.9993664622306824, -0.015790078788995743, -0.03189556673169136, 0.07527862482098296, -0.02023068070411682, -0.9893577694892883, -0.14408986270427704, 0.37593884675321615, -0.02928093634545803, 0.14464382827281952, -0.9890504479408264, 2.6726397273382965, 0.0, 0.0, 0.0, 1.0, 4.2647, 0.0, 0.5, 0.0, 4.2647, 0.5, 0.0, 0.0, 1.0]], ["frame11_mirror.png", [0.9993664622306824, 0.015790078788995743, 0.03189556673169136, -0.07527862482098296, 0.02023068070411682, -0.9893577694892883, -0.14408986270427704, 0.37593884675321615, 0.02928093634545803, 0.14464382827281952, -0.9890504479408264, 2.6726397273382965, 0.0, 0.0, 0.0, 1.0, 4.2647, 0.0, 0.5, 0.0, 4.2647, 0.5, 0.0, 0.0, 1.0]], ["frame12.png", [0.9998840689659119, -0.007361339870840311, -0.01332771871238947, 0.030146360758527568, -0.009858152829110622, -0.9801031947135925, -0.19824376702308655, 0.5087809856349537, -0.011603198945522308, 0.1983521729707718, -0.9800621867179871, 2.6514586750672433, 0.0, 0.0, 0.0, 1.0, 4.2647, 0.0, 0.5, 0.0, 4.2647, 0.5, 0.0, 0.0, 1.0]], ["frame12_mirror.png", [0.9998840689659119, 0.007361339870840311, 0.01332771871238947, -0.030146360758527568, 0.009858152829110622, -0.9801031947135925, -0.19824376702308655, 0.5087809856349537, 0.011603198945522308, 0.1983521729707718, -0.9800621867179871, 2.6514586750672433, 0.0, 0.0, 0.0, 1.0, 4.2647, 0.0, 0.5, 0.0, 4.2647, 0.5, 0.0, 0.0, 1.0]], ["frame13.png", [0.8803018927574158, -0.09139996767044067, 0.46552613377571106, -1.1923036353751082, -0.01316225528717041, -0.9855933785438538, -0.1686187982559204, 0.4342969576640224, 0.4742312431335449, 0.1423080563545227, -0.8688228130340576, 2.383232719151673, 0.0, 0.0, 0.0, 1.0, 4.2647, 0.0, 0.5, 0.0, 4.2647, 0.5, 0.0, 0.0, 1.0]], ["frame13_mirror.png", [0.8803018927574158, 0.09139996767044067, -0.46552613377571106, 1.1923036353751082, 0.01316225528717041, -0.9855933785438538, -0.1686187982559204, 0.4342969576640224, -0.4742312431335449, 0.1423080563545227, -0.8688228130340576, 2.383232719151673, 0.0, 0.0, 0.0, 1.0, 4.2647, 0.0, 0.5, 0.0, 4.2647, 0.5, 0.0, 0.0, 1.0]], ["frame2.png", [0.9168980121612549, -0.1420101672410965, 0.3730028569698334, -0.9500054056654258, -0.07648596912622452, -0.9797574877738953, -0.1850004494190216, 0.47774664416662355, 0.39172428846359253, 0.1410970538854599, -0.9091995358467102, 2.481783204309756, 0.0, 0.0, 0.0, 1.0, 4.2647, 0.0, 0.5, 0.0, 4.2647, 0.5, 0.0, 0.0, 1.0]], ["frame2_mirror.png", [0.9168980121612549, 0.1420101672410965, -0.3730028569698334, 0.9500054056654258, 0.07648596912622452, -0.9797574877738953, -0.1850004494190216, 0.47774664416662355, -0.39172428846359253, 0.1410970538854599, -0.9091995358467102, 2.481783204309756, 0.0, 0.0, 0.0, 1.0, 4.2647, 0.0, 0.5, 0.0, 4.2647, 0.5, 0.0, 0.0, 1.0]], ["frame3.png", [0.9621768593788147, -0.1451694220304489, 0.23052465915679932, -0.5932892861249273, -0.09951351583003998, -0.975007176399231, -0.19864091277122498, 0.5081817281277, 0.25359976291656494, 0.16818735003471375, -0.9525755643844604, 2.5845230032186826, 0.0, 0.0, 0.0, 1.0, 4.2647, 0.0, 0.5, 0.0, 4.2647, 0.5, 0.0, 0.0, 1.0]], ["frame3_mirror.png", [0.9621768593788147, 0.1451694220304489, -0.23052465915679932, 0.5932892861249273, 0.09951351583003998, -0.975007176399231, -0.19864091277122498, 0.5081817281277, -0.25359976291656494, 0.16818735003471375, -0.9525755643844604, 2.5845230032186826, 0.0, 0.0, 0.0, 1.0, 4.2647, 0.0, 0.5, 0.0, 4.2647, 0.5, 0.0, 0.0, 1.0]], ["frame4.png", [0.9115555882453918, -0.12623538076877594, 0.3913196623325348, -1.0033496782040567, -0.06596244871616364, -0.9842756390571594, -0.16386084258556366, 0.41396846502498347, 0.40585145354270935, 0.12355585396289825, -0.9055487513542175, 2.4722296683788656, 0.0, 0.0, 0.0, 1.0, 4.2647, 0.0, 0.5, 0.0, 4.2647, 0.5, 0.0, 0.0, 1.0]], ["frame4_mirror.png", [0.9115555882453918, 0.12623538076877594, -0.3913196623325348, 1.0033496782040567, 0.06596244871616364, -0.9842756390571594, -0.16386084258556366, 0.41396846502498347, -0.40585145354270935, 0.12355585396289825, -0.9055487513542175, 2.4722296683788656, 0.0, 0.0, 0.0, 1.0, 4.2647, 0.0, 0.5, 0.0, 4.2647, 0.5, 0.0, 0.0, 1.0]], ["frame5.png", [0.9757934212684631, -0.12612497806549072, 0.17866066098213196, -0.46149141843837405, -0.06610652804374695, -0.9488357305526733, -0.30877289175987244, 0.7906671962054748, 0.20846359431743622, 0.28948792815208435, -0.9342054128646851, 2.540053356831764, 0.0, 0.0, 0.0, 1.0, 4.2647, 0.0, 0.5, 0.0, 4.2647, 0.5, 0.0, 0.0, 1.0]], ["frame5_mirror.png", [0.9757934212684631, 0.12612497806549072, -0.17866066098213196, 0.46149141843837405, 0.06610652804374695, -0.9488357305526733, -0.30877289175987244, 0.7906671962054748, -0.20846359431743622, 0.28948792815208435, -0.9342054128646851, 2.540053356831764, 0.0, 0.0, 0.0, 1.0, 4.2647, 0.0, 0.5, 0.0, 4.2647, 0.5, 0.0, 0.0, 1.0]], ["frame6.png", [0.9135794639587402, -0.09902413934469223, 0.3944195806980133, -1.0085169271090917, -0.07163851708173752, -0.9939207434654236, -0.08360300958156586, 0.22558321771024428, 0.4003005027770996, 0.048122357577085495, -0.9151195287704468, 2.494394880451355, 0.0, 0.0, 0.0, 1.0, 4.2647, 0.0, 0.5, 0.0, 4.2647, 0.5, 0.0, 0.0, 1.0]], ["frame6_mirror.png", [0.9135794639587402, 0.09902413934469223, -0.3944195806980133, 1.0085169271090917, 0.07163851708173752, -0.9939207434654236, -0.08360300958156586, 0.22558321771024428, -0.4003005027770996, 0.048122357577085495, -0.9151195287704468, 2.494394880451355, 0.0, 0.0, 0.0, 1.0, 4.2647, 0.0, 0.5, 0.0, 4.2647, 0.5, 0.0, 0.0, 1.0]], ["frame7.png", [0.8904966115951538, -0.136614128947258, 0.4339958131313324, -1.1089775704684948, -0.06024604290723801, -0.9808632731437683, -0.18514209985733032, 0.47762418283925756, 0.45098355412483215, 0.13872188329696655, -0.8816859126091003, 2.414962502434547, 0.0, 0.0, 0.0, 1.0, 4.2647, 0.0, 0.5, 0.0, 4.2647, 0.5, 0.0, 0.0, 1.0]], ["frame7_mirror.png", [0.8904966115951538, 0.136614128947258, -0.4339958131313324, 1.1089775704684948, 0.06024604290723801, -0.9808632731437683, -0.18514209985733032, 0.47762418283925756, -0.45098355412483215, 0.13872188329696655, -0.8816859126091003, 2.414962502434547, 0.0, 0.0, 0.0, 1.0, 4.2647, 0.0, 0.5, 0.0, 4.2647, 0.5, 0.0, 0.0, 1.0]], ["frame8.png", [0.9979669451713562, 0.013876323588192463, -0.062204066663980484, 0.15199173379917996, -0.0030021779239177704, -0.9646912813186646, -0.26336610317230225, 0.6750844770390088, -0.06366227567195892, 0.2630174160003662, -0.9626884460449219, 2.609819814032702, 0.0, 0.0, 0.0, 1.0, 4.2647, 0.0, 0.5, 0.0, 4.2647, 0.5, 0.0, 0.0, 1.0]], ["frame8_mirror.png", [0.9979669451713562, -0.013876323588192463, 0.062204066663980484, -0.15199173379917996, 0.0030021779239177704, -0.9646912813186646, -0.26336610317230225, 0.6750844770390088, 0.06366227567195892, 0.2630174160003662, -0.9626884460449219, 2.609819814032702, 0.0, 0.0, 0.0, 1.0, 4.2647, 0.0, 0.5, 0.0, 4.2647, 0.5, 0.0, 0.0, 1.0]], ["frame9.png", [0.9954466819763184, 0.045191530138254166, -0.08392630517482758, 0.2151261014993563, 0.008479543030261993, -0.9189620018005371, -0.39425498247146606, 1.0213500421148238, -0.09494207054376602, 0.39174818992614746, -0.9151608347892761, 2.4900933420106437, 0.0, 0.0, 0.0, 1.0, 4.2647, 0.0, 0.5, 0.0, 4.2647, 0.5, 0.0, 0.0, 1.0]], ["frame9_mirror.png", [0.9954466819763184, -0.045191530138254166, 0.08392630517482758, -0.2151261014993563, -0.008479543030261993, -0.9189620018005371, -0.39425498247146606, 1.0213500421148238, 0.09494207054376602, 0.39174818992614746, -0.9151608347892761, 2.4900933420106437, 0.0, 0.0, 0.0, 1.0, 4.2647, 0.0, 0.5, 0.0, 4.2647, 0.5, 0.0, 0.0, 1.0]]]}