{"frame0.png": {"intrinsics": [[2985.29, 0.0, 512.0], [0.0, 2985.29, 512.0], [0.0, 0.0, 1.0]], "pose": [[0.9844663143157959, 0.1723068505525589, -0.03371144086122513, 0.08562546968460083], [0.16289322078227997, -0.9680153727531433, -0.19081923365592957, 0.5330411791801453], [-0.06551265716552734, 0.18236373364925385, -0.9810461401939392, 2.8991546630859375], [0.0, 0.0, 0.0, 1.0]]}, "frame1.png": {"intrinsics": [[2985.29, 0.0, 512.0], [0.0, 2985.29, 512.0], [0.0, 0.0, 1.0]], "pose": [[0.9864688515663147, 0.16190345585346222, -0.025817271322011948, 0.0734274834394455], [0.1543566733598709, -0.9702385067939758, -0.1865779012441635, 0.5206347107887268], [-0.055256519466638565, 0.1800682097673416, -0.9821009039878845, 2.905129909515381], [0.0, 0.0, 0.0, 1.0]]}, "frame10.png": {"intrinsics": [[2985.29, 0.0, 512.0], [0.0, 2985.29, 512.0], [0.0, 0.0, 1.0]], "pose": [[0.9792847633361816, 0.19659771025180817, -0.048484042286872864, 0.13363242149353027], [0.180278018116951, -0.9555383324623108, -0.23333734273910522, 0.6314710974693298], [-0.09220194816589355, 0.2197631150484085, -0.9711863398551941, 2.787179946899414], [0.0, 0.0, 0.0, 1.0]]}, "frame11.png": {"intrinsics": [[2985.29, 0.0, 512.0], [0.0, 2985.29, 512.0], [0.0, 0.0, 1.0]], "pose": [[0.9768717288970947, 0.21166621148586273, -0.030316080898046494, 0.08425778150558472], [0.19921323657035828, -0.9524311423301697, -0.23062746226787567, 0.6170170903205872], [-0.0776900202035904, 0.21925407648086548, -0.9725697636604309, 2.7338485717773438], [0.0, 0.0, 0.0, 1.0]]}, "frame12.png": {"intrinsics": [[2985.29, 0.0, 512.0], [0.0, 2985.29, 512.0], [0.0, 0.0, 1.0]], "pose": [[0.9739866852760315, 0.222551628947258, -0.04266984760761261, 0.09889114648103714], [0.21084317564964294, -0.9590277075767517, -0.18923775851726532, 0.47354745864868164], [-0.08303673565387726, 0.1753184050321579, -0.9810037612915039, 2.580989360809326], [0.0, 0.0, 0.0, 1.0]]}, "frame13.png": {"intrinsics": [[2985.29, 0.0, 512.0], [0.0, 2985.29, 512.0], [0.0, 0.0, 1.0]], "pose": [[0.9844350814819336, 0.1679043024778366, -0.051919348537921906, 0.1206476017832756], [0.1496495008468628, -0.9557373523712158, -0.25332003831863403, 0.6802003383636475], [-0.09215478599071503, 0.2416074573993683, -0.965988278388977, 2.7282915115356445], [0.0, 0.0, 0.0, 1.0]]}, "frame14.png": {"intrinsics": [[2985.29, 0.0, 512.0], [0.0, 2985.29, 512.0], [0.0, 0.0, 1.0]], "pose": [[0.987797200679779, 0.15482836961746216, -0.016880301758646965, 0.0322052538394928], [0.1447625309228897, -0.9527083039283752, -0.2671903669834137, 0.7369377017021179], [-0.05745064839720726, 0.2614862322807312, -0.9634959697723389, 2.825523614883423], [0.0, 0.0, 0.0, 1.0]]}, "frame15.png": {"intrinsics": [[2985.29, 0.0, 512.0], [0.0, 2985.29, 512.0], [0.0, 0.0, 1.0]], "pose": [[0.9831368327140808, 0.17743951082229614, -0.044239673763513565, 0.1190655529499054], [0.1648879051208496, -0.9647409915924072, -0.20515073835849762, 0.5369427800178528], [-0.07908166944980621, 0.19439665973186493, -0.9777300357818604, 2.749998092651367], [0.0, 0.0, 0.0, 1.0]]}, "frame16.png": {"intrinsics": [[2985.29, 0.0, 512.0], [0.0, 2985.29, 512.0], [0.0, 0.0, 1.0]], "pose": [[0.9837125539779663, 0.17585787177085876, -0.03719739243388176, 0.09323977679014206], [0.16259223222732544, -0.9587899446487427, -0.2329929620027542, 0.6088249683380127], [-0.0766381323337555, 0.2231501042842865, -0.9717667698860168, 2.686746120452881], [0.0, 0.0, 0.0, 1.0]]}, "frame17.png": {"intrinsics": [[2985.29, 0.0, 512.0], [0.0, 2985.29, 512.0], [0.0, 0.0, 1.0]], "pose": [[0.9836911559104919, 0.17899885773658752, -0.01763792149722576, 0.04617534577846527], [0.16885429620742798, -0.9528024792671204, -0.2523009479045868, 0.6824197769165039], [-0.06196703761816025, 0.2452079802751541, -0.9674880504608154, 2.7921481132507324], [0.0, 0.0, 0.0, 1.0]]}, "frame18.png": {"intrinsics": [[2985.29, 0.0, 512.0], [0.0, 2985.29, 512.0], [0.0, 0.0, 1.0]], "pose": [[0.9834946393966675, 0.17813779413700104, -0.03170517086982727, 0.08752422779798508], [0.16548623144626617, -0.9564452171325684, -0.24047231674194336, 0.6504225134849548], [-0.07316146790981293, 0.23125648498535156, -0.9701380729675293, 2.801614284515381], [0.0, 0.0, 0.0, 1.0]]}, "frame19.png": {"intrinsics": [[2985.29, 0.0, 512.0], [0.0, 2985.29, 512.0], [0.0, 0.0, 1.0]], "pose": [[0.9837385416030884, 0.17700986564159393, -0.030430134385824203, 0.08040813356637955], [0.16537784039974213, -0.9588010311126709, -0.23097793757915497, 0.6250734329223633], [-0.0700618177652359, 0.22218942642211914, -0.9724829792976379, 2.7912042140960693], [0.0, 0.0, 0.0, 1.0]]}, "frame2.png": {"intrinsics": [[2985.29, 0.0, 512.0], [0.0, 2985.29, 512.0], [0.0, 0.0, 1.0]], "pose": [[0.9862033128738403, 0.16530144214630127, -0.008855510503053665, 0.02908826619386673], [0.1597449630498886, -0.9643541574478149, -0.21095633506774902, 0.5798124074935913], [-0.04341123625636101, 0.20663121342658997, -0.9774553775787354, 2.8344414234161377], [0.0, 0.0, 0.0, 1.0]]}, "frame20.png": {"intrinsics": [[2985.29, 0.0, 512.0], [0.0, 2985.29, 512.0], [0.0, 0.0, 1.0]], "pose": [[0.982530951499939, 0.182302325963974, -0.037400759756565094, 0.09683705121278763], [0.1701914221048355, -0.9615122079849243, -0.21570608019828796, 0.5857219696044922], [-0.07528500258922577, 0.20557262003421783, -0.9757418632507324, 2.788149118423462], [0.0, 0.0, 0.0, 1.0]]}, "frame21.png": {"intrinsics": [[2985.29, 0.0, 512.0], [0.0, 2985.29, 512.0], [0.0, 0.0, 1.0]], "pose": [[0.9816997051239014, 0.18602579832077026, -0.04074449464678764, 0.10513334721326828], [0.17303143441677094, -0.9606835246086121, -0.21713407337665558, 0.5888379216194153], [-0.0795351043343544, 0.2061103880405426, -0.9752910733222961, 2.771372079849243], [0.0, 0.0, 0.0, 1.0]]}, "frame22.png": {"intrinsics": [[2985.29, 0.0, 512.0], [0.0, 2985.29, 512.0], [0.0, 0.0, 1.0]], "pose": [[0.9828925728797913, 0.18103450536727905, -0.033891528844833374, 0.0858098492026329], [0.16983094811439514, -0.9620499014854431, -0.2135823369026184, 0.580336332321167], [-0.07127111405134201, 0.20417267084121704, -0.9763370156288147, 2.7927350997924805], [0.0, 0.0, 0.0, 1.0]]}, "frame23.png": {"intrinsics": [[2985.29, 0.0, 512.0], [0.0, 2985.29, 512.0], [0.0, 0.0, 1.0]], "pose": [[0.9821363687515259, 0.1858741194009781, -0.029307512566447258, 0.0728277638554573], [0.17635835707187653, -0.9635644555091858, -0.20110002160072327, 0.549923837184906], [-0.06561896950006485, 0.19233901798725128, -0.9791321754455566, 2.8102407455444336], [0.0, 0.0, 0.0, 1.0]]}, "frame24.png": {"intrinsics": [[2985.29, 0.0, 512.0], [0.0, 2985.29, 512.0], [0.0, 0.0, 1.0]], "pose": [[0.9818414449691772, 0.18743588030338287, -0.02924327366054058, 0.07548701763153076], [0.17765381932258606, -0.9625501036643982, -0.20478370785713196, 0.5563355684280396], [-0.06653193384408951, 0.19586996734142303, -0.9783703088760376, 2.7923383712768555], [0.0, 0.0, 0.0, 1.0]]}, "frame25.png": {"intrinsics": [[2985.29, 0.0, 512.0], [0.0, 2985.29, 512.0], [0.0, 0.0, 1.0]], "pose": [[0.9815883636474609, 0.18984149396419525, -0.021082183346152306, 0.056693535298109055], [0.1807478666305542, -0.9588723182678223, -0.21884700655937195, 0.5953854918479919], [-0.061761364340782166, 0.21100711822509766, -0.9755313992500305, 2.784653663635254], [0.0, 0.0, 0.0, 1.0]]}, "frame26.png": {"intrinsics": [[2985.29, 0.0, 512.0], [0.0, 2985.29, 512.0], [0.0, 0.0, 1.0]], "pose": [[0.9805899858474731, 0.1931384652853012, -0.0337749645113945, 0.0898192822933197], [0.18156418204307556, -0.9594957828521729, -0.2154119461774826, 0.5770105719566345], [-0.07401126623153687, 0.2050984799861908, -0.9759390354156494, 2.7894763946533203], [0.0, 0.0, 0.0, 1.0]]}, "frame27.png": {"intrinsics": [[2985.29, 0.0, 512.0], [0.0, 2985.29, 512.0], [0.0, 0.0, 1.0]], "pose": [[0.9814491271972656, 0.18962585926055908, -0.02827737107872963, 0.07103347778320312], [0.17745745182037354, -0.9543166756629944, -0.24039238691329956, 0.6486660242080688], [-0.07257018238306046, 0.2309148609638214, -0.9702638387680054, 2.7771034240722656], [0.0, 0.0, 0.0, 1.0]]}, "frame28.png": {"intrinsics": [[2985.29, 0.0, 512.0], [0.0, 2985.29, 512.0], [0.0, 0.0, 1.0]], "pose": [[0.9833665490150452, 0.17839141190052032, -0.03415684401988983, 0.08601884543895721], [0.16373953223228455, -0.9520692825317383, -0.2583669424057007, 0.6960152387619019], [-0.0786101296544075, 0.24847659468650818, -0.9654428362846375, 2.762528896331787], [0.0, 0.0, 0.0, 1.0]]}, "frame29.png": {"intrinsics": [[2985.29, 0.0, 512.0], [0.0, 2985.29, 512.0], [0.0, 0.0, 1.0]], "pose": [[0.9831181764602661, 0.17885112762451172, -0.03861105442047119, 0.09709465503692627], [0.1631881445646286, -0.9525167346000671, -0.2570630609989166, 0.6764856576919556], [-0.08275369554758072, 0.24642249941825867, -0.9656229615211487, 2.7119860649108887], [0.0, 0.0, 0.0, 1.0]]}, "frame3.png": {"intrinsics": [[2985.29, 0.0, 512.0], [0.0, 2985.29, 512.0], [0.0, 0.0, 1.0]], "pose": [[0.9865546822547913, 0.16332995891571045, 0.005771294701844454, -0.011711872182786465], [0.1604776680469513, -0.9614334106445312, -0.22336697578430176, 0.6286531090736389], [-0.03093380108475685, 0.22128987312316895, -0.974717378616333, 2.8986666202545166], [0.0, 0.0, 0.0, 1.0]]}, "frame30.png": {"intrinsics": [[2985.29, 0.0, 512.0], [0.0, 2985.29, 512.0], [0.0, 0.0, 1.0]], "pose": [[0.9823732972145081, 0.18226684629917145, -0.041490159928798676, 0.1110256165266037], [0.16611911356449127, -0.953008770942688, -0.25333526730537415, 0.6957139372825623], [-0.08571510761976242, 0.2419774979352951, -0.9664883613586426, 2.8190431594848633], [0.0, 0.0, 0.0, 1.0]]}, "frame31.png": {"intrinsics": [[2985.29, 0.0, 512.0], [0.0, 2985.29, 512.0], [0.0, 0.0, 1.0]], "pose": [[0.9825635552406311, 0.18158675730228424, -0.039937857538461685, 0.10673769563436508], [0.16668377816677094, -0.9554749131202698, -0.24348339438438416, 0.6508703231811523], [-0.0823729857802391, 0.23258092999458313, -0.9690824747085571, 2.7592172622680664], [0.0, 0.0, 0.0, 1.0]]}, "frame32.png": {"intrinsics": [[2985.29, 0.0, 512.0], [0.0, 2985.29, 512.0], [0.0, 0.0, 1.0]], "pose": [[0.9814935326576233, 0.18625561892986298, -0.04448798671364784, 0.11599314957857132], [0.172339528799057, -0.9604263305664062, -0.2188156545162201, 0.5972668528556824], [-0.08348308503627777, 0.20709910988807678, -0.9747514724731445, 2.8158440589904785], [0.0, 0.0, 0.0, 1.0]]}, "frame33.png": {"intrinsics": [[2985.29, 0.0, 512.0], [0.0, 2985.29, 512.0], [0.0, 0.0, 1.0]], "pose": [[0.9793475866317749, 0.19439531862735748, -0.05557623133063316, 0.14520800113677979], [0.17911458015441895, -0.9616929888725281, -0.2075200378894806, 0.5533683896064758], [-0.09378819167613983, 0.19327972829341888, -0.9766507744789124, 2.7599000930786133], [0.0, 0.0, 0.0, 1.0]]}, "frame34.png": {"intrinsics": [[2985.29, 0.0, 512.0], [0.0, 2985.29, 512.0], [0.0, 0.0, 1.0]], "pose": [[0.980193018913269, 0.19129498302936554, -0.05126137286424637, 0.13745202124118805], [0.17645293474197388, -0.9610922932624817, -0.2125227302312851, 0.5715599060058594], [-0.08992144465446472, 0.19926808774471283, -0.9758105874061584, 2.768944025039673], [0.0, 0.0, 0.0, 1.0]]}, "frame35.png": {"intrinsics": [[2985.29, 0.0, 512.0], [0.0, 2985.29, 512.0], [0.0, 0.0, 1.0]], "pose": [[0.9897994995117188, -0.09670758247375488, 0.10461591184139252, -0.28511664271354675], [-0.07931683957576752, -0.984050989151001, -0.15922458469867706, 0.4368894100189209], [0.11834561824798584, 0.1493026316165924, -0.9816837906837463, 2.8645269870758057], [0.0, 0.0, 0.0, 1.0]]}, "frame36.png": {"intrinsics": [[2985.29, 0.0, 512.0], [0.0, 2985.29, 512.0], [0.0, 0.0, 1.0]], "pose": [[0.9761964082717896, -0.08449707925319672, 0.19975213706493378, -0.5442153811454773], [-0.05051105469465256, -0.9842362999916077, -0.1694919764995575, 0.4581613838672638], [0.2109248787164688, 0.15536774694919586, -0.9650759696960449, 2.7976014614105225], [0.0, 0.0, 0.0, 1.0]]}, "frame37.png": {"intrinsics": [[2985.29, 0.0, 512.0], [0.0, 2985.29, 512.0], [0.0, 0.0, 1.0]], "pose": [[0.9628227353096008, -0.06675613671541214, 0.26175549626350403, -0.6892089247703552], [-0.030087850987911224, -0.9894564747810364, -0.14167048037052155, 0.3746251165866852], [0.26845306158065796, 0.1285279095172882, -0.9546797871589661, 2.691873073577881], [0.0, 0.0, 0.0, 1.0]]}, "frame38.png": {"intrinsics": [[2985.29, 0.0, 512.0], [0.0, 2985.29, 512.0], [0.0, 0.0, 1.0]], "pose": [[0.9515001177787781, -0.05013158544898033, 0.3035362660884857, -0.8194590210914612], [-0.01675083115696907, -0.9936126470565796, -0.11159443855285645, 0.3000284731388092], [0.3071918487548828, 0.10109764337539673, -0.9462623596191406, 2.7278335094451904], [0.0, 0.0, 0.0, 1.0]]}, "frame39.png": {"intrinsics": [[2985.29, 0.0, 512.0], [0.0, 2985.29, 512.0], [0.0, 0.0, 1.0]], "pose": [[0.9415537714958191, -0.05092266574501991, 0.3329916000366211, -0.8941694498062134], [-0.01332186907529831, -0.9933636784553528, -0.11424151808023453, 0.3071591258049011], [0.3365992307662964, 0.10312846302986145, -0.9359836578369141, 2.688178062438965], [0.0, 0.0, 0.0, 1.0]]}, "frame4.png": {"intrinsics": [[2985.29, 0.0, 512.0], [0.0, 2985.29, 512.0], [0.0, 0.0, 1.0]], "pose": [[0.9856054782867432, 0.16883327066898346, -0.008785086683928967, 0.016945084556937218], [0.16346918046474457, -0.9649693965911865, -0.20521193742752075, 0.5610543489456177], [-0.043123938143253326, 0.2008219063282013, -0.9786781668663025, 2.819037675857544], [0.0, 0.0, 0.0, 1.0]]}, "frame40.png": {"intrinsics": [[2985.29, 0.0, 512.0], [0.0, 2985.29, 512.0], [0.0, 0.0, 1.0]], "pose": [[0.9398475289344788, -0.06424590945243835, 0.3354983627796173, -0.8888127207756042], [-0.023036036640405655, -0.9918389320373535, -0.12539920210838318, 0.33312711119651794], [0.3408167064189911, 0.11012758314609528, -0.9336572885513306, 2.6503734588623047], [0.0, 0.0, 0.0, 1.0]]}, "frame41.png": {"intrinsics": [[2985.29, 0.0, 512.0], [0.0, 2985.29, 512.0], [0.0, 0.0, 1.0]], "pose": [[0.937528669834137, -0.0767299234867096, 0.33934125304222107, -0.8987788558006287], [-0.031709861010313034, -0.9901624321937561, -0.13628222048282623, 0.3633130192756653], [0.34645989537239075, 0.1170080229640007, -0.9307387471199036, 2.6363484859466553], [0.0, 0.0, 0.0, 1.0]]}, "frame42.png": {"intrinsics": [[2985.29, 0.0, 512.0], [0.0, 2985.29, 512.0], [0.0, 0.0, 1.0]], "pose": [[0.9389944076538086, -0.06380600482225418, 0.337961882352829, -0.90525221824646], [-0.021082736551761627, -0.9914711117744446, -0.12860988080501556, 0.3456546664237976], [0.34328553080558777, 0.11363880336284637, -0.9323310256004333, 2.665860891342163], [0.0, 0.0, 0.0, 1.0]]}, "frame43.png": {"intrinsics": [[2985.29, 0.0, 512.0], [0.0, 2985.29, 512.0], [0.0, 0.0, 1.0]], "pose": [[0.9483299851417542, -0.05725281313061714, 0.31207746267318726, -0.8525801301002502], [-0.023565731942653656, -0.9935779571533203, -0.11066818237304688, 0.30289730429649353], [0.31640931963920593, 0.09759561717510223, -0.9435889720916748, 2.7441537380218506], [0.0, 0.0, 0.0, 1.0]]}, "frame44.png": {"intrinsics": [[2985.29, 0.0, 512.0], [0.0, 2985.29, 512.0], [0.0, 0.0, 1.0]], "pose": [[0.9558883309364319, -0.06733684986829758, 0.28590771555900574, -0.7735056281089783], [-0.03334790840744972, -0.9919536113739014, -0.1221308782696724, 0.33101075887680054], [0.2918311059474945, 0.10720906406641006, -0.950442373752594, 2.747797966003418], [0.0, 0.0, 0.0, 1.0]]}, "frame45.png": {"intrinsics": [[2985.29, 0.0, 512.0], [0.0, 2985.29, 512.0], [0.0, 0.0, 1.0]], "pose": [[0.9766696095466614, -0.09512320160865784, 0.1925305724143982, -0.5344224572181702], [-0.06610198318958282, -0.9861802458763123, -0.15191780030727386, 0.4214538335800171], [0.2043207585811615, 0.13564683496952057, -0.969460129737854, 2.84065318107605], [0.0, 0.0, 0.0, 1.0]]}, "frame46.png": {"intrinsics": [[2985.29, 0.0, 512.0], [0.0, 2985.29, 512.0], [0.0, 0.0, 1.0]], "pose": [[0.9940420389175415, -0.10445555299520493, 0.031136419624090195, -0.08736643195152283], [-0.09692031145095825, -0.9777653217315674, -0.18596090376377106, 0.5152312517166138], [0.049868762493133545, 0.18183520436286926, -0.9820636510848999, 2.871914863586426], [0.0, 0.0, 0.0, 1.0]]}, "frame47.png": {"intrinsics": [[2985.29, 0.0, 512.0], [0.0, 2985.29, 512.0], [0.0, 0.0, 1.0]], "pose": [[0.9855774641036987, -0.0652824193239212, -0.15612581372261047, 0.41345345973968506], [-0.09676499664783478, -0.9742897152900696, -0.20346029102802277, 0.5520771741867065], [-0.13882939517498016, 0.21563337743282318, -0.9665550589561462, 2.766317129135132], [0.0, 0.0, 0.0, 1.0]]}, "frame48.png": {"intrinsics": [[2985.29, 0.0, 512.0], [0.0, 2985.29, 512.0], [0.0, 0.0, 1.0]], "pose": [[0.9789505004882812, -0.10914362221956253, -0.17246346175670624, 0.46180179715156555], [-0.14254269003868103, -0.9703900218009949, -0.19499988853931427, 0.5302708745002747], [-0.1460738182067871, 0.21547864377498627, -0.9655213356018066, 2.7749874591827393], [0.0, 0.0, 0.0, 1.0]]}, "frame49.png": {"intrinsics": [[2985.29, 0.0, 512.0], [0.0, 2985.29, 512.0], [0.0, 0.0, 1.0]], "pose": [[0.9736449718475342, -0.10744750499725342, -0.20117293298244476, 0.5290876626968384], [-0.14897851645946503, -0.9675096869468689, -0.20428036153316498, 0.542982816696167], [-0.1726873368024826, 0.22886699438095093, -0.9580182433128357, 2.7065396308898926], [0.0, 0.0, 0.0, 1.0]]}, "frame5.png": {"intrinsics": [[2985.29, 0.0, 512.0], [0.0, 2985.29, 512.0], [0.0, 0.0, 1.0]], "pose": [[0.9859606027603149, 0.16647233068943024, 0.012987527064979076, -0.03866298496723175], [0.1654801070690155, -0.9637593626976013, -0.2092469483613968, 0.5645995140075684], [-0.02231697365641594, 0.20845840871334076, -0.9777765870094299, 2.7720699310302734], [0.0, 0.0, 0.0, 1.0]]}, "frame6.png": {"intrinsics": [[2985.29, 0.0, 512.0], [0.0, 2985.29, 512.0], [0.0, 0.0, 1.0]], "pose": [[0.9827985167503357, 0.18436388671398163, 0.010819189250469208, -0.03220461681485176], [0.18286460638046265, -0.9632644057273865, -0.19667811691761017, 0.5284677147865295], [-0.02583860233426094, 0.19527341425418854, -0.9804084300994873, 2.7750203609466553], [0.0, 0.0, 0.0, 1.0]]}, "frame7.png": {"intrinsics": [[2985.29, 0.0, 512.0], [0.0, 2985.29, 512.0], [0.0, 0.0, 1.0]], "pose": [[0.9846540093421936, 0.1743585765361786, -0.0074570924043655396, 0.018040884286165237], [0.16922643780708313, -0.9643687605857849, -0.20336011052131653, 0.5315584540367126], [-0.04264896363019943, 0.19897741079330444, -0.9790756702423096, 2.732081651687622], [0.0, 0.0, 0.0, 1.0]]}, "frame8.png": {"intrinsics": [[2985.29, 0.0, 512.0], [0.0, 2985.29, 512.0], [0.0, 0.0, 1.0]], "pose": [[0.9856017231941223, 0.16000384092330933, -0.054662737995386124, 0.14144298434257507], [0.14636492729187012, -0.9692197442054749, -0.1979658007621765, 0.5241391062736511], [-0.08465549349784851, 0.18711473047733307, -0.978683590888977, 2.7549352645874023], [0.0, 0.0, 0.0, 1.0]]}, "frame9.png": {"intrinsics": [[2985.29, 0.0, 512.0], [0.0, 2985.29, 512.0], [0.0, 0.0, 1.0]], "pose": [[0.9841002821922302, 0.1680821180343628, -0.05740265175700188, 0.14738436043262482], [0.151401087641716, -0.962829053401947, -0.22369176149368286, 0.5894196033477783], [-0.09286752343177795, 0.21144431829452515, -0.9729681015014648, 2.7343292236328125], [0.0, 0.0, 0.0, 1.0]]}}