{"labels": [["frame0.png", [0.8722310662269592, 0.15983834862709045, -0.46223875880241394, 1.1941612033009348, 0.17908374965190887, -0.9838312268257141, -0.0022748757619410753, -0.01575875993966447, -0.45512855052948, -0.08079523593187332, -0.8867526054382324, 2.4215141300467415, 0.0, 0.0, 0.0, 1.0, 4.2647, 0.0, 0.5, 0.0, 4.2647, 0.5, 0.0, 0.0, 1.0]], ["frame0_mirror.png", [0.8722310662269592, -0.15983834862709045, 0.46223875880241394, -1.1941612033009348, -0.17908374965190887, -0.9838312268257141, -0.0022748757619410753, -0.01575875993966447, 0.45512855052948, -0.08079523593187332, -0.8867526054382324, 2.4215141300467415, 0.0, 0.0, 0.0, 1.0, 4.2647, 0.0, 0.5, 0.0, 4.2647, 0.5, 0.0, 0.0, 1.0]], ["frame1.png", [0.8460490703582764, 0.12086000293493271, -0.5192242860794067, 1.329619975439677, 0.0895984023809433, -0.9923449158668518, -0.08499247580766678, 0.23573360661112006, -0.5255217552185059, 0.025386124849319458, -0.8504013419151306, 2.3380633840052125, 0.0, 0.0, 0.0, 1.0, 4.2647, 0.0, 0.5, 0.0, 4.2647, 0.5, 0.0, 0.0, 1.0]], ["frame1_mirror.png", [0.8460490703582764, -0.12086000293493271, 0.5192242860794067, -1.329619975439677, -0.0895984023809433, -0.9923449158668518, -0.08499247580766678, 0.23573360661112006, 0.5255217552185059, 0.025386124849319458, -0.8504013419151306, 2.3380633840052125, 0.0, 0.0, 0.0, 1.0, 4.2647, 0.0, 0.5, 0.0, 4.2647, 0.5, 0.0, 0.0, 1.0]], ["frame2.png", [0.7691748738288879, -0.10574378073215485, -0.6302287578582764, 1.6189499158871714, -0.10679930448532104, -0.9936152696609497, 0.036369793117046356, -0.08602488290893953, -0.630050778388977, 0.03933325782418251, -0.7755572199821472, 2.1590740814917457, 0.0, 0.0, 0.0, 1.0, 4.2647, 0.0, 0.5, 0.0, 4.2647, 0.5, 0.0, 0.0, 1.0]], ["frame2_mirror.png", [0.7691748738288879, 0.10574378073215485, 0.6302287578582764, -1.6189499158871714, 0.10679930448532104, -0.9936152696609497, 0.036369793117046356, -0.08602488290893953, 0.630050778388977, 0.03933325782418251, -0.7755572199821472, 2.1590740814917457, 0.0, 0.0, 0.0, 1.0, 4.2647, 0.0, 0.5, 0.0, 4.2647, 0.5, 0.0, 0.0, 1.0]], ["frame3.png", [0.7705503106117249, -0.15640011429786682, -0.6178926229476929, 1.5899672088344978, -0.15337085723876953, -0.986440122127533, 0.058423399925231934, -0.1394874165922026, -0.6186515092849731, 0.049748554825782776, -0.7840889096260071, 2.1777390880092757, 0.0, 0.0, 0.0, 1.0, 4.2647, 0.0, 0.5, 0.0, 4.2647, 0.5, 0.0, 0.0, 1.0]], ["frame3_mirror.png", [0.7705503106117249, 0.15640011429786682, 0.6178926229476929, -1.5899672088344978, 0.15337085723876953, -0.986440122127533, 0.058423399925231934, -0.1394874165922026, 0.6186515092849731, 0.049748554825782776, -0.7840889096260071, 2.1777390880092757, 0.0, 0.0, 0.0, 1.0, 4.2647, 0.0, 0.5, 0.0, 4.2647, 0.5, 0.0, 0.0, 1.0]], ["frame4.png", [0.8155061602592468, -0.05491147190332413, -0.5761374831199646, 1.4809109006895378, -0.0685727447271347, -0.9976441860198975, -0.0019776232074946165, 0.01736290578835934, -0.5746716260910034, 0.04112009331583977, -0.8173503875732422, 2.257565377507701, 0.0, 0.0, 0.0, 1.0, 4.2647, 0.0, 0.5, 0.0, 4.2647, 0.5, 0.0, 0.0, 1.0]], ["frame4_mirror.png", [0.8155061602592468, 0.05491147190332413, 0.5761374831199646, -1.4809109006895378, 0.0685727447271347, -0.9976441860198975, -0.0019776232074946165, 0.01736290578835934, 0.5746716260910034, 0.04112009331583977, -0.8173503875732422, 2.257565377507701, 0.0, 0.0, 0.0, 1.0, 4.2647, 0.0, 0.5, 0.0, 4.2647, 0.5, 0.0, 0.0, 1.0]], ["frame5.png", [0.824420690536499, 0.07919375598430634, -0.5604095458984375, 1.434823000162852, 0.04706530645489693, -0.9963254928588867, -0.07155686616897583, 0.18763680509183786, -0.5640171766281128, 0.03261711820960045, -0.8251186013221741, 2.279490159570469, 0.0, 0.0, 0.0, 1.0, 4.2647, 0.0, 0.5, 0.0, 4.2647, 0.5, 0.0, 0.0, 1.0]], ["frame5_mirror.png", [0.824420690536499, -0.07919375598430634, 0.5604095458984375, -1.434823000162852, -0.04706530645489693, -0.9963254928588867, -0.07155686616897583, 0.18763680509183786, 0.5640171766281128, 0.03261711820960045, -0.8251186013221741, 2.279490159570469, 0.0, 0.0, 0.0, 1.0, 4.2647, 0.0, 0.5, 0.0, 4.2647, 0.5, 0.0, 0.0, 1.0]], ["frame6.png", [0.9273680448532104, 0.061806149780750275, -0.36901021003723145, 0.9421165721569353, 0.0322045274078846, -0.9957872629165649, -0.08585218340158463, 0.2246331312321943, -0.3727618455886841, 0.06773276627063751, -0.9254516959190369, 2.520308774896458, 0.0, 0.0, 0.0, 1.0, 4.2647, 0.0, 0.5, 0.0, 4.2647, 0.5, 0.0, 0.0, 1.0]], ["frame6_mirror.png", [0.9273680448532104, -0.061806149780750275, 0.36901021003723145, -0.9421165721569353, -0.0322045274078846, -0.9957872629165649, -0.08585218340158463, 0.2246331312321943, 0.3727618455886841, 0.06773276627063751, -0.9254516959190369, 2.520308774896458, 0.0, 0.0, 0.0, 1.0, 4.2647, 0.0, 0.5, 0.0, 4.2647, 0.5, 0.0, 0.0, 1.0]], ["frame7.png", [0.7379233241081238, 0.10576029866933823, -0.6665462255477905, 1.7238240988837106, 0.025314301252365112, -0.991287350654602, -0.12926161289215088, 0.3356621084301795, -0.6744095087051392, 0.07851202040910721, -0.7341713309288025, 2.0507953152550287, 0.0, 0.0, 0.0, 1.0, 4.2647, 0.0, 0.5, 0.0, 4.2647, 0.5, 0.0, 0.0, 1.0]], ["frame7_mirror.png", [0.7379233241081238, -0.10576029866933823, 0.6665462255477905, -1.7238240988837106, -0.025314301252365112, -0.991287350654602, -0.12926161289215088, 0.3356621084301795, 0.6744095087051392, 0.07851202040910721, -0.7341713309288025, 2.0507953152550287, 0.0, 0.0, 0.0, 1.0, 4.2647, 0.0, 0.5, 0.0, 4.2647, 0.5, 0.0, 0.0, 1.0]]]}