{"labels": [["frame0.png", [0.7883104681968689, -0.07126745581626892, -0.611136257648468, 1.5692158704070278, -0.049307893961668015, -0.9973918199539185, 0.05270780995488167, -0.1301536766915638, -0.6132986545562744, -0.011416278779506683, -0.7897685170173645, 2.193312921702324, 0.0, 0.0, 0.0, 1.0, 4.2647, 0.0, 0.5, 0.0, 4.2647, 0.5, 0.0, 0.0, 1.0]], ["frame0_mirror.png", [0.7883104681968689, 0.07126745581626892, 0.611136257648468, -1.5692158704070278, 0.049307893961668015, -0.9973918199539185, 0.05270780995488167, -0.1301536766915638, 0.6132986545562744, -0.011416278779506683, -0.7897685170173645, 2.193312921702324, 0.0, 0.0, 0.0, 1.0, 4.2647, 0.0, 0.5, 0.0, 4.2647, 0.5, 0.0, 0.0, 1.0]], ["frame1.png", [0.8483163714408875, -0.03972462937235832, -0.5279973745346069, 1.3508052966455824, -0.020765965804457664, -0.9989104866981506, 0.041790444403886795, -0.10093379129533162, -0.5290822386741638, -0.024487145245075226, -0.8482170701026917, 2.3356235613490868, 0.0, 0.0, 0.0, 1.0, 4.2647, 0.0, 0.5, 0.0, 4.2647, 0.5, 0.0, 0.0, 1.0]], ["frame1_mirror.png", [0.8483163714408875, 0.03972462937235832, 0.5279973745346069, -1.3508052966455824, 0.020765965804457664, -0.9989104866981506, 0.041790444403886795, -0.10093379129533162, 0.5290822386741638, -0.024487145245075226, -0.8482170701026917, 2.3356235613490868, 0.0, 0.0, 0.0, 1.0, 4.2647, 0.0, 0.5, 0.0, 4.2647, 0.5, 0.0, 0.0, 1.0]]]}