{"labels": [["frame0.png", [0.4255654215812683, 0.058828506618738174, -0.9030134677886963, 2.3616426112328788, 0.07832668721675873, -0.9965342283248901, -0.028007881715893745, 0.06984129392983297, -0.9015315175056458, -0.05881086736917496, -0.42869833111763, 1.3068153543907253, 0.0, 0.0, 0.0, 1.0, 4.2647, 0.0, 0.5, 0.0, 4.2647, 0.5, 0.0, 0.0, 1.0]], ["frame0_mirror.png", [0.4255654215812683, -0.058828506618738174, 0.9030134677886963, -2.3616426112328788, -0.07832668721675873, -0.9965342283248901, -0.028007881715893745, 0.06984129392983297, 0.9015315175056458, -0.05881086736917496, -0.42869833111763, 1.3068153543907253, 0.0, 0.0, 0.0, 1.0, 4.2647, 0.0, 0.5, 0.0, 4.2647, 0.5, 0.0, 0.0, 1.0]], ["frame1.png", [0.4297197163105011, 0.14721296727657318, -0.8908811807632446, 2.3309592457486614, 0.09726950526237488, -0.9884262681007385, -0.11641345173120499, 0.30261607923004513, -0.897707998752594, -0.03663039207458496, -0.4390656054019928, 1.3285527852705994, 0.0, 0.0, 0.0, 1.0, 4.2647, 0.0, 0.5, 0.0, 4.2647, 0.5, 0.0, 0.0, 1.0]], ["frame1_mirror.png", [0.4297197163105011, -0.14721296727657318, 0.8908811807632446, -2.3309592457486614, -0.09726950526237488, -0.9884262681007385, -0.11641345173120499, 0.30261607923004513, 0.897707998752594, -0.03663039207458496, -0.4390656054019928, 1.3285527852705994, 0.0, 0.0, 0.0, 1.0, 4.2647, 0.0, 0.5, 0.0, 4.2647, 0.5, 0.0, 0.0, 1.0]], ["frame2.png", [0.4580620229244232, 0.06406824290752411, -0.8866084218025208, 2.3200700327093773, 0.06301532685756683, -0.9972302913665771, -0.039505451917648315, 0.10597503489879997, -0.8866838216781616, -0.0377739816904068, -0.4608306288719177, 1.3769692572102354, 0.0, 0.0, 0.0, 1.0, 4.2647, 0.0, 0.5, 0.0, 4.2647, 0.5, 0.0, 0.0, 1.0]], ["frame2_mirror.png", [0.4580620229244232, -0.06406824290752411, 0.8866084218025208, -2.3200700327093773, -0.06301532685756683, -0.9972302913665771, -0.039505451917648315, 0.10597503489879997, 0.8866838216781616, -0.0377739816904068, -0.4608306288719177, 1.3769692572102354, 0.0, 0.0, 0.0, 1.0, 4.2647, 0.0, 0.5, 0.0, 4.2647, 0.5, 0.0, 0.0, 1.0]], ["frame3.png", [0.8767220377922058, -0.23989562690258026, -0.41690346598625183, 1.0699777781951445, -0.27623963356018066, -0.9606773853302002, -0.028119448572397232, 0.07899906452074013, -0.3937639892101288, 0.1398182064294815, -0.9085156917572021, 2.477681719263681, 0.0, 0.0, 0.0, 1.0, 4.2647, 0.0, 0.5, 0.0, 4.2647, 0.5, 0.0, 0.0, 1.0]], ["frame3_mirror.png", [0.8767220377922058, 0.23989562690258026, 0.41690346598625183, -1.0699777781951445, 0.27623963356018066, -0.9606773853302002, -0.028119448572397232, 0.07899906452074013, 0.3937639892101288, 0.1398182064294815, -0.9085156917572021, 2.477681719263681, 0.0, 0.0, 0.0, 1.0, 4.2647, 0.0, 0.5, 0.0, 4.2647, 0.5, 0.0, 0.0, 1.0]], ["frame4.png", [0.844042956829071, -0.13411374390125275, -0.5192350149154663, 1.3288370660841495, -0.09012281894683838, -0.9899269938468933, 0.10919001698493958, -0.2730449171301303, -0.5286486148834229, -0.045366138219833374, -0.847627580165863, 2.334446085269538, 0.0, 0.0, 0.0, 1.0, 4.2647, 0.0, 0.5, 0.0, 4.2647, 0.5, 0.0, 0.0, 1.0]], ["frame4_mirror.png", [0.844042956829071, 0.13411374390125275, 0.5192350149154663, -1.3288370660841495, 0.09012281894683838, -0.9899269938468933, 0.10919001698493958, -0.2730449171301303, 0.5286486148834229, -0.045366138219833374, -0.847627580165863, 2.334446085269538, 0.0, 0.0, 0.0, 1.0, 4.2647, 0.0, 0.5, 0.0, 4.2647, 0.5, 0.0, 0.0, 1.0]], ["frame5.png", [0.7604267597198486, -0.01607266440987587, -0.6492248177528381, 1.6740206533712938, -0.08009067922830582, -0.9943832755088806, -0.06919129937887192, 0.18631964228066167, -0.6444661617279053, 0.10461176931858063, -0.7574428915977478, 2.1101990055411255, 0.0, 0.0, 0.0, 1.0, 4.2647, 0.0, 0.5, 0.0, 4.2647, 0.5, 0.0, 0.0, 1.0]], ["frame5_mirror.png", [0.7604267597198486, 0.01607266440987587, 0.6492248177528381, -1.6740206533712938, 0.08009067922830582, -0.9943832755088806, -0.06919129937887192, 0.18631964228066167, 0.6444661617279053, 0.10461176931858063, -0.7574428915977478, 2.1101990055411255, 0.0, 0.0, 0.0, 1.0, 4.2647, 0.0, 0.5, 0.0, 4.2647, 0.5, 0.0, 0.0, 1.0]], ["frame6.png", [0.8694036602973938, -0.19472075998783112, -0.45411574840545654, 1.1707408208868184, -0.24143345654010773, -0.9692979454994202, -0.04659755155444145, 0.1290702869794035, -0.43109995126724243, 0.1501508206129074, -0.8897233009338379, 2.4295486805841766, 0.0, 0.0, 0.0, 1.0, 4.2647, 0.0, 0.5, 0.0, 4.2647, 0.5, 0.0, 0.0, 1.0]], ["frame6_mirror.png", [0.8694036602973938, 0.19472075998783112, 0.45411574840545654, -1.1707408208868184, 0.24143345654010773, -0.9692979454994202, -0.04659755155444145, 0.1290702869794035, 0.43109995126724243, 0.1501508206129074, -0.8897233009338379, 2.4295486805841766, 0.0, 0.0, 0.0, 1.0, 4.2647, 0.0, 0.5, 0.0, 4.2647, 0.5, 0.0, 0.0, 1.0]], ["frame7.png", [0.5898151993751526, 0.07031641900539398, -0.8044710159301758, 2.084563427406937, 0.06268875300884247, -0.9971824288368225, -0.04119914397597313, 0.10367452219591888, -0.8051013946533203, -0.02613140642642975, -0.5925613641738892, 1.7128476028429656, 0.0, 0.0, 0.0, 1.0, 4.2647, 0.0, 0.5, 0.0, 4.2647, 0.5, 0.0, 0.0, 1.0]], ["frame7_mirror.png", [0.5898151993751526, -0.07031641900539398, 0.8044710159301758, -2.084563427406937, -0.06268875300884247, -0.9971824288368225, -0.04119914397597313, 0.10367452219591888, 0.8051013946533203, -0.02613140642642975, -0.5925613641738892, 1.7128476028429656, 0.0, 0.0, 0.0, 1.0, 4.2647, 0.0, 0.5, 0.0, 4.2647, 0.5, 0.0, 0.0, 1.0]]]}