{"labels": [["frame0.png", [0.9569328427314758, 0.027581365779042244, -0.2889960706233978, 0.7281382783273213, 0.007688777521252632, -0.9975352883338928, -0.06974399834871292, 0.18434946428672136, -0.2902074158191681, 0.06451829522848129, -0.9547863602638245, 2.593420506329763, 0.0, 0.0, 0.0, 1.0, 4.2647, 0.0, 0.5, 0.0, 4.2647, 0.5, 0.0, 0.0, 1.0]], ["frame0_mirror.png", [0.9569328427314758, -0.027581365779042244, 0.2889960706233978, -0.7281382783273213, -0.007688777521252632, -0.9975352883338928, -0.06974399834871292, 0.18434946428672136, 0.2902074158191681, 0.06451829522848129, -0.9547863602638245, 2.593420506329763, 0.0, 0.0, 0.0, 1.0, 4.2647, 0.0, 0.5, 0.0, 4.2647, 0.5, 0.0, 0.0, 1.0]], ["frame1.png", [0.958079993724823, 0.061269041150808334, -0.2798730432987213, 0.7110366306393862, 0.06870303303003311, -0.9974953532218933, 0.01681983284652233, -0.042189294200213064, -0.2781415283679962, -0.03534287214279175, -0.9598897099494934, 2.604351545652752, 0.0, 0.0, 0.0, 1.0, 4.2647, 0.0, 0.5, 0.0, 4.2647, 0.5, 0.0, 0.0, 1.0]], ["frame1_mirror.png", [0.958079993724823, -0.061269041150808334, 0.2798730432987213, -0.7110366306393862, -0.06870303303003311, -0.9974953532218933, 0.01681983284652233, -0.042189294200213064, 0.2781415283679962, -0.03534287214279175, -0.9598897099494934, 2.604351545652752, 0.0, 0.0, 0.0, 1.0, 4.2647, 0.0, 0.5, 0.0, 4.2647, 0.5, 0.0, 0.0, 1.0]]]}