{"labels": [["frame0.png", [0.9995111227035522, -0.023960551247000694, -0.02008269913494587, 0.04880423654454737, -0.024307411164045334, -0.9995563626289368, -0.017209190875291824, 0.058661708884934285, -0.019661447033286095, 0.017688937485218048, -0.9996501803398132, 2.698921442059032, 0.0, 0.0, 0.0, 1.0, 4.2647, 0.0, 0.5, 0.0, 4.2647, 0.5, 0.0, 0.0, 1.0]], ["frame0_mirror.png", [0.9995111227035522, 0.023960551247000694, 0.02008269913494587, -0.04880423654454737, 0.024307411164045334, -0.9995563626289368, -0.017209190875291824, 0.058661708884934285, 0.019661447033286095, 0.017688937485218048, -0.9996501803398132, 2.698921442059032, 0.0, 0.0, 0.0, 1.0, 4.2647, 0.0, 0.5, 0.0, 4.2647, 0.5, 0.0, 0.0, 1.0]], ["frame1.png", [0.9999567270278931, 0.009139230474829674, -0.0017410330474376678, -0.00028724657032317563, 0.009144705720245838, -0.9999531507492065, 0.003163120010867715, 0.0021551446521254516, -0.001712042954750359, -0.003178904065862298, -0.9999935030937195, 2.6999991246000317, 0.0, 0.0, 0.0, 1.0, 4.2647, 0.0, 0.5, 0.0, 4.2647, 0.5, 0.0, 0.0, 1.0]], ["frame1_mirror.png", [0.9999567270278931, -0.009139230474829674, 0.0017410330474376678, 0.00028724657032317563, -0.009144705720245838, -0.9999531507492065, 0.003163120010867715, 0.0021551446521254516, 0.001712042954750359, -0.003178904065862298, -0.9999935030937195, 2.6999991246000317, 0.0, 0.0, 0.0, 1.0, 4.2647, 0.0, 0.5, 0.0, 4.2647, 0.5, 0.0, 0.0, 1.0]]]}