{"labels": [["frame0.png", [0.9708786010742188, -0.019631128758192062, -0.23876620829105377, 0.6043289919949418, 0.01058381237089634, -0.9921493530273438, 0.1246098056435585, -0.31963840779089386, -0.2393379658460617, -0.12350805103778839, -0.9630488753318787, 2.6120141189701256, 0.0, 0.0, 0.0, 1.0, 4.2647, 0.0, 0.5, 0.0, 4.2647, 0.5, 0.0, 0.0, 1.0]], ["frame0_mirror.png", [0.9708786010742188, 0.019631128758192062, 0.23876620829105377, -0.6043289919949418, -0.01058381237089634, -0.9921493530273438, 0.1246098056435585, -0.31963840779089386, 0.2393379658460617, -0.12350805103778839, -0.9630488753318787, 2.6120141189701256, 0.0, 0.0, 0.0, 1.0, 4.2647, 0.0, 0.5, 0.0, 4.2647, 0.5, 0.0, 0.0, 1.0]], ["frame1.png", [0.9608469009399414, 0.012386051937937737, -0.276802659034729, 0.6931331370927795, 0.05018295720219612, -0.9902582168579102, 0.12988586723804474, -0.3338181672547427, -0.2724973261356354, -0.13869120180606842, -0.9521081447601318, 2.588074938148934, 0.0, 0.0, 0.0, 1.0, 4.2647, 0.0, 0.5, 0.0, 4.2647, 0.5, 0.0, 0.0, 1.0]], ["frame1_mirror.png", [0.9608469009399414, -0.012386051937937737, 0.276802659034729, -0.6931331370927795, -0.05018295720219612, -0.9902582168579102, 0.12988586723804474, -0.3338181672547427, 0.2724973261356354, -0.13869120180606842, -0.9521081447601318, 2.588074938148934, 0.0, 0.0, 0.0, 1.0, 4.2647, 0.0, 0.5, 0.0, 4.2647, 0.5, 0.0, 0.0, 1.0]], ["frame2.png", [0.952276349067688, 0.012008239515125751, -0.3050008714199066, 0.7694591173968753, 0.042220816016197205, -0.9948026537895203, 0.09265565127134323, -0.24021998510633052, -0.3023030459880829, -0.10111117362976074, -0.9478340148925781, 2.5768637964413905, 0.0, 0.0, 0.0, 1.0, 4.2647, 0.0, 0.5, 0.0, 4.2647, 0.5, 0.0, 0.0, 1.0]], ["frame2_mirror.png", [0.952276349067688, -0.012008239515125751, 0.3050008714199066, -0.7694591173968753, -0.042220816016197205, -0.9948026537895203, 0.09265565127134323, -0.24021998510633052, 0.3023030459880829, -0.10111117362976074, -0.9478340148925781, 2.5768637964413905, 0.0, 0.0, 0.0, 1.0, 4.2647, 0.0, 0.5, 0.0, 4.2647, 0.5, 0.0, 0.0, 1.0]], ["frame3.png", [0.9641242027282715, 0.02673455700278282, -0.2641019821166992, 0.6691368320341068, 0.08368617296218872, -0.9747920632362366, 0.20682625472545624, -0.5364911091397655, -0.2519150972366333, -0.22150789201259613, -0.9420578479766846, 2.56016272721664, 0.0, 0.0, 0.0, 1.0, 4.2647, 0.0, 0.5, 0.0, 4.2647, 0.5, 0.0, 0.0, 1.0]], ["frame3_mirror.png", [0.9641242027282715, -0.02673455700278282, 0.2641019821166992, -0.6691368320341068, -0.08368617296218872, -0.9747920632362366, 0.20682625472545624, -0.5364911091397655, 0.2519150972366333, -0.22150789201259613, -0.9420578479766846, 2.56016272721664, 0.0, 0.0, 0.0, 1.0, 4.2647, 0.0, 0.5, 0.0, 4.2647, 0.5, 0.0, 0.0, 1.0]]]}