{"labels": [["frame0.png", [0.9955083131790161, -0.09437423199415207, 0.0075277597643435, -0.024928004152317523, -0.0944969654083252, -0.9953609704971313, 0.01807728409767151, -0.04478273899357529, 0.005786808207631111, -0.018707437440752983, -0.9998082518577576, 2.699513493371948, 0.0, 0.0, 0.0, 1.0, 4.2647, 0.0, 0.5, 0.0, 4.2647, 0.5, 0.0, 0.0, 1.0]], ["frame0_mirror.png", [0.9955083131790161, 0.09437423199415207, -0.0075277597643435, 0.024928004152317523, 0.0944969654083252, -0.9953609704971313, 0.01807728409767151, -0.04478273899357529, -0.005786808207631111, -0.018707437440752983, -0.9998082518577576, 2.699513493371948, 0.0, 0.0, 0.0, 1.0, 4.2647, 0.0, 0.5, 0.0, 4.2647, 0.5, 0.0, 0.0, 1.0]], ["frame1.png", [0.9958332777023315, -0.08021741360425949, 0.04337231442332268, -0.1155467594774157, -0.0809071809053421, -0.9966177940368652, 0.014386327937245369, -0.032844945054757504, 0.04207158088684082, -0.01783551648259163, -0.9989553689956665, 2.6973264830121364, 0.0, 0.0, 0.0, 1.0, 4.2647, 0.0, 0.5, 0.0, 4.2647, 0.5, 0.0, 0.0, 1.0]], ["frame1_mirror.png", [0.9958332777023315, 0.08021741360425949, -0.04337231442332268, 0.1155467594774157, 0.0809071809053421, -0.9966177940368652, 0.014386327937245369, -0.032844945054757504, -0.04207158088684082, -0.01783551648259163, -0.9989553689956665, 2.6973264830121364, 0.0, 0.0, 0.0, 1.0, 4.2647, 0.0, 0.5, 0.0, 4.2647, 0.5, 0.0, 0.0, 1.0]], ["frame10.png", [0.9882820844650269, -0.0010643478017300367, 0.15263484418392181, -0.38753231600873794, 0.003965661861002445, -0.9994590878486633, -0.032646313309669495, 0.08906523134937379, 0.15258702635765076, 0.032869063317775726, -0.9877433180809021, 2.6705591340791512, 0.0, 0.0, 0.0, 1.0, 4.2647, 0.0, 0.5, 0.0, 4.2647, 0.5, 0.0, 0.0, 1.0]], ["frame10_mirror.png", [0.9882820844650269, 0.0010643478017300367, -0.15263484418392181, 0.38753231600873794, -0.003965661861002445, -0.9994590878486633, -0.032646313309669495, 0.08906523134937379, -0.15258702635765076, 0.032869063317775726, -0.9877433180809021, 2.6705591340791512, 0.0, 0.0, 0.0, 1.0, 4.2647, 0.0, 0.5, 0.0, 4.2647, 0.5, 0.0, 0.0, 1.0]], ["frame11.png", [0.9999520778656006, 0.006470290943980217, 0.0073496438562870026, -0.021124423364723085, 0.006913372315466404, -0.9980551600456238, -0.06195322051644325, 0.1644311053284325, 0.006934494245797396, 0.0620010606944561, -0.9980520009994507, 2.694905595811842, 0.0, 0.0, 0.0, 1.0, 4.2647, 0.0, 0.5, 0.0, 4.2647, 0.5, 0.0, 0.0, 1.0]], ["frame11_mirror.png", [0.9999520778656006, -0.006470290943980217, -0.0073496438562870026, 0.021124423364723085, -0.006913372315466404, -0.9980551600456238, -0.06195322051644325, 0.1644311053284325, -0.006934494245797396, 0.0620010606944561, -0.9980520009994507, 2.694905595811842, 0.0, 0.0, 0.0, 1.0, 4.2647, 0.0, 0.5, 0.0, 4.2647, 0.5, 0.0, 0.0, 1.0]], ["frame12.png", [0.9913356900215149, 0.014309387654066086, 0.1305708885192871, -0.33252054774122886, 0.01834864541888237, -0.9993878602981567, -0.029784884303808212, 0.07307910587131983, 0.13006475567817688, 0.03192261606454849, -0.990991473197937, 2.6784490903533933, 0.0, 0.0, 0.0, 1.0, 4.2647, 0.0, 0.5, 0.0, 4.2647, 0.5, 0.0, 0.0, 1.0]], ["frame12_mirror.png", [0.9913356900215149, -0.014309387654066086, -0.1305708885192871, 0.33252054774122886, -0.01834864541888237, -0.9993878602981567, -0.029784884303808212, 0.07307910587131983, -0.13006475567817688, 0.03192261606454849, -0.990991473197937, 2.6784490903533933, 0.0, 0.0, 0.0, 1.0, 4.2647, 0.0, 0.5, 0.0, 4.2647, 0.5, 0.0, 0.0, 1.0]], ["frame13.png", [0.9566410779953003, -0.07156597822904587, 0.2823404371738434, -0.7145046384544564, -0.07107255607843399, -0.9973989129066467, -0.012002880685031414, 0.039767322699782726, 0.2824650704860687, -0.00858420878648758, -0.9592391848564148, 2.603440354928908, 0.0, 0.0, 0.0, 1.0, 4.2647, 0.0, 0.5, 0.0, 4.2647, 0.5, 0.0, 0.0, 1.0]], ["frame13_mirror.png", [0.9566410779953003, 0.07156597822904587, -0.2823404371738434, 0.7145046384544564, 0.07107255607843399, -0.9973989129066467, -0.012002880685031414, 0.039767322699782726, -0.2824650704860687, -0.00858420878648758, -0.9592391848564148, 2.603440354928908, 0.0, 0.0, 0.0, 1.0, 4.2647, 0.0, 0.5, 0.0, 4.2647, 0.5, 0.0, 0.0, 1.0]], ["frame14.png", [0.9976611137390137, -0.019564073532819748, 0.0654941275715828, -0.16232095059518564, -0.023670656606554985, -0.9977626204490662, 0.06252457201480865, -0.1623804161874269, 0.06412436068058014, -0.06392862647771835, -0.9958921074867249, 2.690220160030899, 0.0, 0.0, 0.0, 1.0, 4.2647, 0.0, 0.5, 0.0, 4.2647, 0.5, 0.0, 0.0, 1.0]], ["frame14_mirror.png", [0.9976611137390137, 0.019564073532819748, -0.0654941275715828, 0.16232095059518564, 0.023670656606554985, -0.9977626204490662, 0.06252457201480865, -0.1623804161874269, -0.06412436068058014, -0.06392862647771835, -0.9958921074867249, 2.690220160030899, 0.0, 0.0, 0.0, 1.0, 4.2647, 0.0, 0.5, 0.0, 4.2647, 0.5, 0.0, 0.0, 1.0]], ["frame2.png", [0.9871278405189514, -0.08076373487710953, 0.13804297149181366, -0.34807560074664784, -0.09017093479633331, -0.9939125776290894, 0.06330017000436783, -0.16554137900291208, 0.13209030032157898, -0.07493282109498978, -0.9884012937545776, 2.6723471757993336, 0.0, 0.0, 0.0, 1.0, 4.2647, 0.0, 0.5, 0.0, 4.2647, 0.5, 0.0, 0.0, 1.0]], ["frame2_mirror.png", [0.9871278405189514, 0.08076373487710953, -0.13804297149181366, 0.34807560074664784, 0.09017093479633331, -0.9939125776290894, 0.06330017000436783, -0.16554137900291208, -0.13209030032157898, -0.07493282109498978, -0.9884012937545776, 2.6723471757993336, 0.0, 0.0, 0.0, 1.0, 4.2647, 0.0, 0.5, 0.0, 4.2647, 0.5, 0.0, 0.0, 1.0]], ["frame3.png", [0.9911301732063293, -0.1327757090330124, 0.005616744514554739, -0.012878155059719466, -0.13247618079185486, -0.990478515625, -0.03744843602180481, 0.09870897718022845, 0.010535508394241333, 0.036372192203998566, -0.999282717704773, 2.698164318744559, 0.0, 0.0, 0.0, 1.0, 4.2647, 0.0, 0.5, 0.0, 4.2647, 0.5, 0.0, 0.0, 1.0]], ["frame3_mirror.png", [0.9911301732063293, 0.1327757090330124, -0.005616744514554739, 0.012878155059719466, 0.13247618079185486, -0.990478515625, -0.03744843602180481, 0.09870897718022845, -0.010535508394241333, 0.036372192203998566, -0.999282717704773, 2.698164318744559, 0.0, 0.0, 0.0, 1.0, 4.2647, 0.0, 0.5, 0.0, 4.2647, 0.5, 0.0, 0.0, 1.0]], ["frame4.png", [0.9960421919822693, -0.06486158818006516, 0.06076980009675026, -0.15550263403458855, -0.06610623747110367, -0.9976373910903931, 0.018697533756494522, -0.04671366862439814, 0.05941347777843475, -0.02264079637825489, -0.9979766011238098, 2.695113497419349, 0.0, 0.0, 0.0, 1.0, 4.2647, 0.0, 0.5, 0.0, 4.2647, 0.5, 0.0, 0.0, 1.0]], ["frame4_mirror.png", [0.9960421919822693, 0.06486158818006516, -0.06076980009675026, 0.15550263403458855, 0.06610623747110367, -0.9976373910903931, 0.018697533756494522, -0.04671366862439814, -0.05941347777843475, -0.02264079637825489, -0.9979766011238098, 2.695113497419349, 0.0, 0.0, 0.0, 1.0, 4.2647, 0.0, 0.5, 0.0, 4.2647, 0.5, 0.0, 0.0, 1.0]], ["frame5.png", [0.9836709499359131, -0.15176908671855927, 0.09673481434583664, -0.24368136919629202, -0.15142391622066498, -0.9884083867073059, -0.010942693799734116, 0.031194098932145482, 0.09727425873279572, -0.003883953206241131, -0.9952500462532043, 2.6888001633625422, 0.0, 0.0, 0.0, 1.0, 4.2647, 0.0, 0.5, 0.0, 4.2647, 0.5, 0.0, 0.0, 1.0]], ["frame5_mirror.png", [0.9836709499359131, 0.15176908671855927, -0.09673481434583664, 0.24368136919629202, 0.15142391622066498, -0.9884083867073059, -0.010942693799734116, 0.031194098932145482, -0.09727425873279572, -0.003883953206241131, -0.9952500462532043, 2.6888001633625422, 0.0, 0.0, 0.0, 1.0, 4.2647, 0.0, 0.5, 0.0, 4.2647, 0.5, 0.0, 0.0, 1.0]], ["frame6.png", [0.989287257194519, 0.02739757113158703, 0.14338789880275726, -0.3592047870313286, 0.01114804670214653, -0.9935410618782043, 0.11292438954114914, -0.282176900290252, 0.14555561542510986, -0.11011616885662079, -0.9832029342651367, 2.661080253941313, 0.0, 0.0, 0.0, 1.0, 4.2647, 0.0, 0.5, 0.0, 4.2647, 0.5, 0.0, 0.0, 1.0]], ["frame6_mirror.png", [0.989287257194519, -0.02739757113158703, -0.14338789880275726, 0.3592047870313286, -0.01114804670214653, -0.9935410618782043, 0.11292438954114914, -0.282176900290252, -0.14555561542510986, -0.11011616885662079, -0.9832029342651367, 2.661080253941313, 0.0, 0.0, 0.0, 1.0, 4.2647, 0.0, 0.5, 0.0, 4.2647, 0.5, 0.0, 0.0, 1.0]], ["frame7.png", [0.9865630865097046, 0.06261935830116272, 0.15090428292751312, -0.37992794100570754, 0.04742199555039406, -0.9936240911483765, 0.10228542983531952, -0.2625981214189036, 0.15634718537330627, -0.093754842877388, -0.983242392539978, 2.6602061924351705, 0.0, 0.0, 0.0, 1.0, 4.2647, 0.0, 0.5, 0.0, 4.2647, 0.5, 0.0, 0.0, 1.0]], ["frame7_mirror.png", [0.9865630865097046, -0.06261935830116272, -0.15090428292751312, 0.37992794100570754, -0.04742199555039406, -0.9936240911483765, 0.10228542983531952, -0.2625981214189036, -0.15634718537330627, -0.093754842877388, -0.983242392539978, 2.6602061924351705, 0.0, 0.0, 0.0, 1.0, 4.2647, 0.0, 0.5, 0.0, 4.2647, 0.5, 0.0, 0.0, 1.0]], ["frame8.png", [0.9993754625320435, 0.012675722129642963, -0.03298630937933922, 0.08649486199672504, 0.013798323459923267, -0.9993255734443665, 0.0340302549302578, -0.0860788560730608, -0.0325327031314373, -0.03446415811777115, -0.9988762736320496, 2.697241010622766, 0.0, 0.0, 0.0, 1.0, 4.2647, 0.0, 0.5, 0.0, 4.2647, 0.5, 0.0, 0.0, 1.0]], ["frame8_mirror.png", [0.9993754625320435, -0.012675722129642963, 0.03298630937933922, -0.08649486199672504, -0.013798323459923267, -0.9993255734443665, 0.0340302549302578, -0.0860788560730608, 0.0325327031314373, -0.03446415811777115, -0.9988762736320496, 2.697241010622766, 0.0, 0.0, 0.0, 1.0, 4.2647, 0.0, 0.5, 0.0, 4.2647, 0.5, 0.0, 0.0, 1.0]], ["frame9.png", [0.9969884753227234, -0.004022395238280296, 0.07744539529085159, -0.194062784701752, -0.0020775827579200268, -0.9996808767318726, -0.025176258757710457, 0.06545703700082664, 0.07752195000648499, 0.02493954263627529, -0.9966786503791809, 2.6922212041176845, 0.0, 0.0, 0.0, 1.0, 4.2647, 0.0, 0.5, 0.0, 4.2647, 0.5, 0.0, 0.0, 1.0]], ["frame9_mirror.png", [0.9969884753227234, 0.004022395238280296, -0.07744539529085159, 0.194062784701752, 0.0020775827579200268, -0.9996808767318726, -0.025176258757710457, 0.06545703700082664, -0.07752195000648499, 0.02493954263627529, -0.9966786503791809, 2.6922212041176845, 0.0, 0.0, 0.0, 1.0, 4.2647, 0.0, 0.5, 0.0, 4.2647, 0.5, 0.0, 0.0, 1.0]]]}