{"labels": [["frame0.png", [0.9855954051017761, 0.060717470943927765, 0.15784519910812378, -0.40857153314396283, 0.038520313799381256, -0.9893932342529297, 0.1400613635778427, -0.35276960945661706, 0.16467514634132385, -0.1319635808467865, -0.9774802923202515, 2.6454910517611316, 0.0, 0.0, 0.0, 1.0, 4.2647, 0.0, 0.5, 0.0, 4.2647, 0.5, 0.0, 0.0, 1.0]], ["frame0_mirror.png", [0.9855954051017761, -0.060717470943927765, -0.15784519910812378, 0.40857153314396283, -0.038520313799381256, -0.9893932342529297, 0.1400613635778427, -0.35276960945661706, -0.16467514634132385, -0.1319635808467865, -0.9774802923202515, 2.6454910517611316, 0.0, 0.0, 0.0, 1.0, 4.2647, 0.0, 0.5, 0.0, 4.2647, 0.5, 0.0, 0.0, 1.0]], ["frame1.png", [0.972792387008667, 0.07250520586967468, -0.22004066407680511, 0.5558749162845374, 0.058111075311899185, -0.9957674145698547, -0.07120644301176071, 0.17837647126725803, -0.22427216172218323, 0.05648229271173477, -0.9728883504867554, 2.6361306704986953, 0.0, 0.0, 0.0, 1.0, 4.2647, 0.0, 0.5, 0.0, 4.2647, 0.5, 0.0, 0.0, 1.0]], ["frame1_mirror.png", [0.972792387008667, -0.07250520586967468, 0.22004066407680511, -0.5558749162845374, -0.058111075311899185, -0.9957674145698547, -0.07120644301176071, 0.17837647126725803, 0.22427216172218323, 0.05648229271173477, -0.9728883504867554, 2.6361306704986953, 0.0, 0.0, 0.0, 1.0, 4.2647, 0.0, 0.5, 0.0, 4.2647, 0.5, 0.0, 0.0, 1.0]], ["frame2.png", [0.9626728892326355, 0.1803935021162033, 0.2017897218465805, -0.5202475827376033, 0.17638126015663147, -0.9835941195487976, 0.03784399852156639, -0.09752388263740025, 0.20530599355697632, -0.0008394643664360046, -0.9786974787712097, 2.647608646490453, 0.0, 0.0, 0.0, 1.0, 4.2647, 0.0, 0.5, 0.0, 4.2647, 0.5, 0.0, 0.0, 1.0]], ["frame2_mirror.png", [0.9626728892326355, -0.1803935021162033, -0.2017897218465805, 0.5202475827376033, -0.17638126015663147, -0.9835941195487976, 0.03784399852156639, -0.09752388263740025, -0.20530599355697632, -0.0008394643664360046, -0.9786974787712097, 2.647608646490453, 0.0, 0.0, 0.0, 1.0, 4.2647, 0.0, 0.5, 0.0, 4.2647, 0.5, 0.0, 0.0, 1.0]]]}