{"labels": [["frame0.png", [0.9952422976493835, 0.06752042472362518, -0.07024050503969193, 0.17600095184443865, 0.0660906434059143, -0.9975602030754089, -0.022486917674541473, 0.06093362142398552, -0.0715874582529068, 0.01773769035935402, -0.9972766637802124, 2.6935684061723792, 0.0, 0.0, 0.0, 1.0, 4.2647, 0.0, 0.5, 0.0, 4.2647, 0.5, 0.0, 0.0, 1.0]], ["frame0_mirror.png", [0.9952422976493835, -0.06752042472362518, 0.07024050503969193, -0.17600095184443865, -0.0660906434059143, -0.9975602030754089, -0.022486917674541473, 0.06093362142398552, 0.0715874582529068, 0.01773769035935402, -0.9972766637802124, 2.6935684061723792, 0.0, 0.0, 0.0, 1.0, 4.2647, 0.0, 0.5, 0.0, 4.2647, 0.5, 0.0, 0.0, 1.0]], ["frame1.png", [0.9975914359092712, -0.011895681731402874, -0.06833560764789581, 0.17307859606865492, -0.01646488532423973, -0.9976375102996826, -0.06669511646032333, 0.16983494787833325, -0.06738077849149704, 0.06765961647033691, -0.9954305291175842, 2.689089044651008, 0.0, 0.0, 0.0, 1.0, 4.2647, 0.0, 0.5, 0.0, 4.2647, 0.5, 0.0, 0.0, 1.0]], ["frame1_mirror.png", [0.9975914359092712, 0.011895681731402874, 0.06833560764789581, -0.17307859606865492, 0.01646488532423973, -0.9976375102996826, -0.06669511646032333, 0.16983494787833325, 0.06738077849149704, 0.06765961647033691, -0.9954305291175842, 2.689089044651008, 0.0, 0.0, 0.0, 1.0, 4.2647, 0.0, 0.5, 0.0, 4.2647, 0.5, 0.0, 0.0, 1.0]], ["frame10.png", [0.9946688413619995, 0.08322089910507202, -0.060894276946783066, 0.15513499337692177, 0.07787550985813141, -0.9932954907417297, -0.08543670922517776, 0.21872952552718605, -0.06759613007307053, 0.08023905754089355, -0.9944809675216675, 2.6866504291575777, 0.0, 0.0, 0.0, 1.0, 4.2647, 0.0, 0.5, 0.0, 4.2647, 0.5, 0.0, 0.0, 1.0]], ["frame10_mirror.png", [0.9946688413619995, -0.08322089910507202, 0.060894276946783066, -0.15513499337692177, -0.07787550985813141, -0.9932954907417297, -0.08543670922517776, 0.21872952552718605, 0.06759613007307053, 0.08023905754089355, -0.9944809675216675, 2.6866504291575777, 0.0, 0.0, 0.0, 1.0, 4.2647, 0.0, 0.5, 0.0, 4.2647, 0.5, 0.0, 0.0, 1.0]], ["frame11.png", [0.9954507946968079, 0.07837984710931778, -0.05416882038116455, 0.13729190821289314, 0.07473611831665039, -0.9949966669082642, -0.06630311161279678, 0.17173057547005408, -0.0590946227312088, 0.06195312365889549, -0.9963279962539673, 2.691033173594853, 0.0, 0.0, 0.0, 1.0, 4.2647, 0.0, 0.5, 0.0, 4.2647, 0.5, 0.0, 0.0, 1.0]], ["frame11_mirror.png", [0.9954507946968079, -0.07837984710931778, 0.05416882038116455, -0.13729190821289314, -0.07473611831665039, -0.9949966669082642, -0.06630311161279678, 0.17173057547005408, 0.0590946227312088, 0.06195312365889549, -0.9963279962539673, 2.691033173594853, 0.0, 0.0, 0.0, 1.0, 4.2647, 0.0, 0.5, 0.0, 4.2647, 0.5, 0.0, 0.0, 1.0]], ["frame12.png", [0.9954178333282471, 0.08343032002449036, -0.04671896621584892, 0.11848337415830232, 0.0822005569934845, -0.9962319731712341, -0.027655888348817825, 0.0704320777718357, -0.048850271850824356, 0.023688841611146927, -0.9985251426696777, 2.696479373640526, 0.0, 0.0, 0.0, 1.0, 4.2647, 0.0, 0.5, 0.0, 4.2647, 0.5, 0.0, 0.0, 1.0]], ["frame12_mirror.png", [0.9954178333282471, -0.08343032002449036, 0.04671896621584892, -0.11848337415830232, -0.0822005569934845, -0.9962319731712341, -0.027655888348817825, 0.0704320777718357, 0.048850271850824356, 0.023688841611146927, -0.9985251426696777, 2.696479373640526, 0.0, 0.0, 0.0, 1.0, 4.2647, 0.0, 0.5, 0.0, 4.2647, 0.5, 0.0, 0.0, 1.0]], ["frame13.png", [0.9954175353050232, 0.05640021339058876, -0.07721986621618271, 0.19440564972913674, 0.053761836141347885, -0.9979106783866882, -0.03583142161369324, 0.09336461687071623, -0.07907942682504654, 0.03151574730873108, -0.9963700175285339, 2.691373160984923, 0.0, 0.0, 0.0, 1.0, 4.2647, 0.0, 0.5, 0.0, 4.2647, 0.5, 0.0, 0.0, 1.0]], ["frame13_mirror.png", [0.9954175353050232, -0.05640021339058876, 0.07721986621618271, -0.19440564972913674, -0.053761836141347885, -0.9979106783866882, -0.03583142161369324, 0.09336461687071623, 0.07907942682504654, 0.03151574730873108, -0.9963700175285339, 2.691373160984923, 0.0, 0.0, 0.0, 1.0, 4.2647, 0.0, 0.5, 0.0, 4.2647, 0.5, 0.0, 0.0, 1.0]], ["frame14.png", [0.9959079623222351, 0.05533832684159279, -0.0714494064450264, 0.180232702663089, 0.05419839918613434, -0.9983716011047363, -0.01779712736606598, 0.04745941739251034, -0.07231792062520981, 0.013851858675479889, -0.9972854256629944, 2.69355968498779, 0.0, 0.0, 0.0, 1.0, 4.2647, 0.0, 0.5, 0.0, 4.2647, 0.5, 0.0, 0.0, 1.0]], ["frame14_mirror.png", [0.9959079623222351, -0.05533832684159279, 0.0714494064450264, -0.180232702663089, -0.05419839918613434, -0.9983716011047363, -0.01779712736606598, 0.04745941739251034, 0.07231792062520981, 0.013851858675479889, -0.9972854256629944, 2.69355968498779, 0.0, 0.0, 0.0, 1.0, 4.2647, 0.0, 0.5, 0.0, 4.2647, 0.5, 0.0, 0.0, 1.0]], ["frame15.png", [0.9952821135520935, 0.061005011200904846, -0.07544514536857605, 0.19244893271355562, 0.057773999869823456, -0.9973466396331787, -0.044293325394392014, 0.1180855705781618, -0.07794708013534546, 0.03972558677196503, -0.9961656928062439, 2.6905425486913686, 0.0, 0.0, 0.0, 1.0, 4.2647, 0.0, 0.5, 0.0, 4.2647, 0.5, 0.0, 0.0, 1.0]], ["frame15_mirror.png", [0.9952821135520935, -0.061005011200904846, 0.07544514536857605, -0.19244893271355562, -0.057773999869823456, -0.9973466396331787, -0.044293325394392014, 0.1180855705781618, 0.07794708013534546, 0.03972558677196503, -0.9961656928062439, 2.6905425486913686, 0.0, 0.0, 0.0, 1.0, 4.2647, 0.0, 0.5, 0.0, 4.2647, 0.5, 0.0, 0.0, 1.0]], ["frame16.png", [0.9951487183570862, 0.04323860630393028, -0.0883709043264389, 0.2262051498947601, 0.03925084322690964, -0.9981525540351868, -0.046376172453165054, 0.11955542857835415, -0.09021288901567459, 0.04268256202340126, -0.9950073957443237, 2.6878500199338755, 0.0, 0.0, 0.0, 1.0, 4.2647, 0.0, 0.5, 0.0, 4.2647, 0.5, 0.0, 0.0, 1.0]], ["frame16_mirror.png", [0.9951487183570862, -0.04323860630393028, 0.0883709043264389, -0.2262051498947601, -0.03925084322690964, -0.9981525540351868, -0.046376172453165054, 0.11955542857835415, 0.09021288901567459, 0.04268256202340126, -0.9950073957443237, 2.6878500199338755, 0.0, 0.0, 0.0, 1.0, 4.2647, 0.0, 0.5, 0.0, 4.2647, 0.5, 0.0, 0.0, 1.0]], ["frame17.png", [0.9944470524787903, 0.01692800782620907, -0.10386776924133301, 0.25782597072568786, 0.009891757741570473, -0.9976439476013184, -0.06788722425699234, 0.17724697747333634, -0.10477225482463837, 0.06648281216621399, -0.9922715425491333, 2.6818108206575504, 0.0, 0.0, 0.0, 1.0, 4.2647, 0.0, 0.5, 0.0, 4.2647, 0.5, 0.0, 0.0, 1.0]], ["frame17_mirror.png", [0.9944470524787903, -0.01692800782620907, 0.10386776924133301, -0.25782597072568786, -0.009891757741570473, -0.9976439476013184, -0.06788722425699234, 0.17724697747333634, 0.10477225482463837, 0.06648281216621399, -0.9922715425491333, 2.6818108206575504, 0.0, 0.0, 0.0, 1.0, 4.2647, 0.0, 0.5, 0.0, 4.2647, 0.5, 0.0, 0.0, 1.0]], ["frame18.png", [0.9940395355224609, 0.032399050891399384, -0.10409469902515411, 0.2618184693483316, 0.01729845441877842, -0.9895976781845093, -0.14281877875328064, 0.3676228441946605, -0.10763906687498093, 0.14016684889793396, -0.9842596650123596, 2.662011369910791, 0.0, 0.0, 0.0, 1.0, 4.2647, 0.0, 0.5, 0.0, 4.2647, 0.5, 0.0, 0.0, 1.0]], ["frame18_mirror.png", [0.9940395355224609, -0.032399050891399384, 0.10409469902515411, -0.2618184693483316, -0.01729845441877842, -0.9895976781845093, -0.14281877875328064, 0.3676228441946605, 0.10763906687498093, 0.14016684889793396, -0.9842596650123596, 2.662011369910791, 0.0, 0.0, 0.0, 1.0, 4.2647, 0.0, 0.5, 0.0, 4.2647, 0.5, 0.0, 0.0, 1.0]], ["frame19.png", [0.9957821369171143, 0.048016421496868134, -0.07818138599395752, 0.1987998751982583, 0.03254030644893646, -0.9815570116043091, -0.18837988376617432, 0.4845864212432048, -0.08578482270240784, 0.18504127860069275, -0.9789794087409973, 2.6487081020693584, 0.0, 0.0, 0.0, 1.0, 4.2647, 0.0, 0.5, 0.0, 4.2647, 0.5, 0.0, 0.0, 1.0]], ["frame19_mirror.png", [0.9957821369171143, -0.048016421496868134, 0.07818138599395752, -0.1987998751982583, -0.03254030644893646, -0.9815570116043091, -0.18837988376617432, 0.4845864212432048, 0.08578482270240784, 0.18504127860069275, -0.9789794087409973, 2.6487081020693584, 0.0, 0.0, 0.0, 1.0, 4.2647, 0.0, 0.5, 0.0, 4.2647, 0.5, 0.0, 0.0, 1.0]], ["frame2.png", [0.9925079345703125, -0.01935441792011261, -0.12063731253147125, 0.3066459223556121, -0.027226656675338745, -0.9975814819335938, -0.06395257264375687, 0.1656368634690292, -0.11910778284072876, 0.06675798445940018, -0.9906345009803772, 2.6774115686167526, 0.0, 0.0, 0.0, 1.0, 4.2647, 0.0, 0.5, 0.0, 4.2647, 0.5, 0.0, 0.0, 1.0]], ["frame2_mirror.png", [0.9925079345703125, 0.01935441792011261, 0.12063731253147125, -0.3066459223556121, 0.027226656675338745, -0.9975814819335938, -0.06395257264375687, 0.1656368634690292, 0.11910778284072876, 0.06675798445940018, -0.9906345009803772, 2.6774115686167526, 0.0, 0.0, 0.0, 1.0, 4.2647, 0.0, 0.5, 0.0, 4.2647, 0.5, 0.0, 0.0, 1.0]], ["frame20.png", [0.9947192668914795, 0.03151223063468933, -0.0976758599281311, 0.2490745640622128, 0.01774098351597786, -0.9901649355888367, -0.13877540826797485, 0.360384468274063, -0.10108833760023117, 0.1363096982240677, -0.9854952096939087, 2.6642231319024385, 0.0, 0.0, 0.0, 1.0, 4.2647, 0.0, 0.5, 0.0, 4.2647, 0.5, 0.0, 0.0, 1.0]], ["frame20_mirror.png", [0.9947192668914795, -0.03151223063468933, 0.0976758599281311, -0.2490745640622128, -0.01774098351597786, -0.9901649355888367, -0.13877540826797485, 0.360384468274063, 0.10108833760023117, 0.1363096982240677, -0.9854952096939087, 2.6642231319024385, 0.0, 0.0, 0.0, 1.0, 4.2647, 0.0, 0.5, 0.0, 4.2647, 0.5, 0.0, 0.0, 1.0]], ["frame21.png", [0.9926825761795044, 0.06158723682165146, -0.10386655479669571, 0.26853981943822547, 0.056820839643478394, -0.997218132019043, -0.04824317991733551, 0.13334762675442383, -0.10654877126216888, 0.04198838025331497, -0.9934205412864685, 2.683301096749123, 0.0, 0.0, 0.0, 1.0, 4.2647, 0.0, 0.5, 0.0, 4.2647, 0.5, 0.0, 0.0, 1.0]], ["frame21_mirror.png", [0.9926825761795044, -0.06158723682165146, 0.10386655479669571, -0.26853981943822547, -0.056820839643478394, -0.997218132019043, -0.04824317991733551, 0.13334762675442383, 0.10654877126216888, 0.04198838025331497, -0.9934205412864685, 2.683301096749123, 0.0, 0.0, 0.0, 1.0, 4.2647, 0.0, 0.5, 0.0, 4.2647, 0.5, 0.0, 0.0, 1.0]], ["frame22.png", [0.9915043115615845, 0.062187064439058304, -0.11424506455659866, 0.2894453968578402, 0.06520877778530121, -0.9976087808609009, 0.02290186658501625, -0.05578015465558376, -0.11254768073558807, -0.03015708178281784, -0.9931885600090027, 2.6838610129036873, 0.0, 0.0, 0.0, 1.0, 4.2647, 0.0, 0.5, 0.0, 4.2647, 0.5, 0.0, 0.0, 1.0]], ["frame22_mirror.png", [0.9915043115615845, -0.062187064439058304, 0.11424506455659866, -0.2894453968578402, -0.06520877778530121, -0.9976087808609009, 0.02290186658501625, -0.05578015465558376, 0.11254768073558807, -0.03015708178281784, -0.9931885600090027, 2.6838610129036873, 0.0, 0.0, 0.0, 1.0, 4.2647, 0.0, 0.5, 0.0, 4.2647, 0.5, 0.0, 0.0, 1.0]], ["frame23.png", [0.9904351830482483, 0.0680219978094101, -0.12004654854536057, 0.30428466777866925, 0.07526694983243942, -0.9955397248268127, 0.05688151344656944, -0.14282824017846862, -0.11564190685749054, -0.06537298858165741, -0.9911373853683472, 2.678994388714233, 0.0, 0.0, 0.0, 1.0, 4.2647, 0.0, 0.5, 0.0, 4.2647, 0.5, 0.0, 0.0, 1.0]], ["frame23_mirror.png", [0.9904351830482483, -0.0680219978094101, 0.12004654854536057, -0.30428466777866925, -0.07526694983243942, -0.9955397248268127, 0.05688151344656944, -0.14282824017846862, 0.11564190685749054, -0.06537298858165741, -0.9911373853683472, 2.678994388714233, 0.0, 0.0, 0.0, 1.0, 4.2647, 0.0, 0.5, 0.0, 4.2647, 0.5, 0.0, 0.0, 1.0]], ["frame24.png", [0.9921890497207642, 0.05620802566409111, -0.1113620325922966, 0.28944017497375063, 0.05875109136104584, -0.9980785250663757, 0.01968502067029476, -0.04648845912179234, -0.11004159599542618, -0.02607390098273754, -0.9935848712921143, 2.684038600370652, 0.0, 0.0, 0.0, 1.0, 4.2647, 0.0, 0.5, 0.0, 4.2647, 0.5, 0.0, 0.0, 1.0]], ["frame24_mirror.png", [0.9921890497207642, -0.05620802566409111, 0.1113620325922966, -0.28944017497375063, -0.05875109136104584, -0.9980785250663757, 0.01968502067029476, -0.04648845912179234, 0.11004159599542618, -0.02607390098273754, -0.9935848712921143, 2.684038600370652, 0.0, 0.0, 0.0, 1.0, 4.2647, 0.0, 0.5, 0.0, 4.2647, 0.5, 0.0, 0.0, 1.0]], ["frame25.png", [0.9906212687492371, 0.04195678234100342, -0.13003525137901306, 0.3296571392579214, 0.0472530722618103, -0.9981631636619568, 0.03791418671607971, -0.08933019493271241, -0.12820564210414886, -0.04370316490530968, -0.990784227848053, 2.6783103417657874, 0.0, 0.0, 0.0, 1.0, 4.2647, 0.0, 0.5, 0.0, 4.2647, 0.5, 0.0, 0.0, 1.0]], ["frame25_mirror.png", [0.9906212687492371, -0.04195678234100342, 0.13003525137901306, -0.3296571392579214, -0.0472530722618103, -0.9981631636619568, 0.03791418671607971, -0.08933019493271241, 0.12820564210414886, -0.04370316490530968, -0.990784227848053, 2.6783103417657874, 0.0, 0.0, 0.0, 1.0, 4.2647, 0.0, 0.5, 0.0, 4.2647, 0.5, 0.0, 0.0, 1.0]], ["frame26.png", [0.9946197867393494, 0.06708125025033951, -0.07894051820039749, 0.2080029338602333, 0.07060156017541885, -0.9965910911560059, 0.0426793172955513, -0.10675575363276088, -0.07580842822790146, -0.04802301526069641, -0.995965301990509, 2.689858358459017, 0.0, 0.0, 0.0, 1.0, 4.2647, 0.0, 0.5, 0.0, 4.2647, 0.5, 0.0, 0.0, 1.0]], ["frame26_mirror.png", [0.9946197867393494, -0.06708125025033951, 0.07894051820039749, -0.2080029338602333, -0.07060156017541885, -0.9965910911560059, 0.0426793172955513, -0.10675575363276088, 0.07580842822790146, -0.04802301526069641, -0.995965301990509, 2.689858358459017, 0.0, 0.0, 0.0, 1.0, 4.2647, 0.0, 0.5, 0.0, 4.2647, 0.5, 0.0, 0.0, 1.0]], ["frame27.png", [0.99126797914505, 0.06813853979110718, -0.11289320886135101, 0.2917188368940835, 0.07635731250047684, -0.9946098327636719, 0.07014854997396469, -0.17550259199544702, -0.10750487446784973, -0.0781562402844429, -0.9911277890205383, 2.6784508508471916, 0.0, 0.0, 0.0, 1.0, 4.2647, 0.0, 0.5, 0.0, 4.2647, 0.5, 0.0, 0.0, 1.0]], ["frame27_mirror.png", [0.99126797914505, -0.06813853979110718, 0.11289320886135101, -0.2917188368940835, -0.07635731250047684, -0.9946098327636719, 0.07014854997396469, -0.17550259199544702, 0.10750487446784973, -0.0781562402844429, -0.9911277890205383, 2.6784508508471916, 0.0, 0.0, 0.0, 1.0, 4.2647, 0.0, 0.5, 0.0, 4.2647, 0.5, 0.0, 0.0, 1.0]], ["frame28.png", [0.9915909171104431, 0.0657966285943985, -0.11143682897090912, 0.2905028639378559, 0.08247842639684677, -0.9848702549934387, 0.152406707406044, -0.385687857919833, -0.0997229740023613, -0.16031624376773834, -0.9820152521133423, 2.656473783476343, 0.0, 0.0, 0.0, 1.0, 4.2647, 0.0, 0.5, 0.0, 4.2647, 0.5, 0.0, 0.0, 1.0]], ["frame28_mirror.png", [0.9915909171104431, -0.0657966285943985, 0.11143682897090912, -0.2905028639378559, -0.08247842639684677, -0.9848702549934387, 0.152406707406044, -0.385687857919833, 0.0997229740023613, -0.16031624376773834, -0.9820152521133423, 2.656473783476343, 0.0, 0.0, 0.0, 1.0, 4.2647, 0.0, 0.5, 0.0, 4.2647, 0.5, 0.0, 0.0, 1.0]], ["frame29.png", [0.9903383851051331, 0.053510382771492004, -0.12793192267417908, 0.3310115005734346, 0.06506645679473877, -0.993999719619751, 0.0879257321357727, -0.217872561272506, -0.12245935201644897, -0.09540029615163803, -0.9878777861595154, 2.6707607406004534, 0.0, 0.0, 0.0, 1.0, 4.2647, 0.0, 0.5, 0.0, 4.2647, 0.5, 0.0, 0.0, 1.0]], ["frame29_mirror.png", [0.9903383851051331, -0.053510382771492004, 0.12793192267417908, -0.3310115005734346, -0.06506645679473877, -0.993999719619751, 0.0879257321357727, -0.217872561272506, 0.12245935201644897, -0.09540029615163803, -0.9878777861595154, 2.6707607406004534, 0.0, 0.0, 0.0, 1.0, 4.2647, 0.0, 0.5, 0.0, 4.2647, 0.5, 0.0, 0.0, 1.0]], ["frame3.png", [0.9939692616462708, -0.0032806149683892727, -0.10961048305034637, 0.2784686502422882, -0.01302847359329462, -0.996005654335022, -0.08833453804254532, 0.23046881995440635, -0.10888286679983139, 0.08922986686229706, -0.9900416731834412, 2.6756941779398224, 0.0, 0.0, 0.0, 1.0, 4.2647, 0.0, 0.5, 0.0, 4.2647, 0.5, 0.0, 0.0, 1.0]], ["frame3_mirror.png", [0.9939692616462708, 0.0032806149683892727, 0.10961048305034637, -0.2784686502422882, 0.01302847359329462, -0.996005654335022, -0.08833453804254532, 0.23046881995440635, 0.10888286679983139, 0.08922986686229706, -0.9900416731834412, 2.6756941779398224, 0.0, 0.0, 0.0, 1.0, 4.2647, 0.0, 0.5, 0.0, 4.2647, 0.5, 0.0, 0.0, 1.0]], ["frame30.png", [0.9916606545448303, 0.037156153470277786, -0.12340410053730011, 0.3162842548019033, 0.040075115859508514, -0.998970627784729, 0.02125546708703041, -0.046595353328493114, -0.12248729169368744, -0.02602364495396614, -0.9921287894248962, 2.6810059946245173, 0.0, 0.0, 0.0, 1.0, 4.2647, 0.0, 0.5, 0.0, 4.2647, 0.5, 0.0, 0.0, 1.0]], ["frame30_mirror.png", [0.9916606545448303, -0.037156153470277786, 0.12340410053730011, -0.3162842548019033, -0.040075115859508514, -0.998970627784729, 0.02125546708703041, -0.046595353328493114, 0.12248729169368744, -0.02602364495396614, -0.9921287894248962, 2.6810059946245173, 0.0, 0.0, 0.0, 1.0, 4.2647, 0.0, 0.5, 0.0, 4.2647, 0.5, 0.0, 0.0, 1.0]], ["frame31.png", [0.9891484975814819, 0.03668944165110588, -0.14226436614990234, 0.3582083786746369, 0.03355155140161514, -0.9991392493247986, -0.024393990635871887, 0.064207937068261, -0.14303690195083618, 0.01935608871281147, -0.9895280599594116, 2.6753624237222007, 0.0, 0.0, 0.0, 1.0, 4.2647, 0.0, 0.5, 0.0, 4.2647, 0.5, 0.0, 0.0, 1.0]], ["frame31_mirror.png", [0.9891484975814819, -0.03668944165110588, 0.14226436614990234, -0.3582083786746369, -0.03355155140161514, -0.9991392493247986, -0.024393990635871887, 0.064207937068261, 0.14303690195083618, 0.01935608871281147, -0.9895280599594116, 2.6753624237222007, 0.0, 0.0, 0.0, 1.0, 4.2647, 0.0, 0.5, 0.0, 4.2647, 0.5, 0.0, 0.0, 1.0]], ["frame32.png", [0.9884466528892517, 0.0337773934006691, -0.14775747060775757, 0.37289609442084015, 0.030291367322206497, -0.9992085695266724, -0.025780491530895233, 0.06930660493023376, -0.1485113501548767, 0.021006865426898003, -0.9886875748634338, 2.6732274683009543, 0.0, 0.0, 0.0, 1.0, 4.2647, 0.0, 0.5, 0.0, 4.2647, 0.5, 0.0, 0.0, 1.0]], ["frame32_mirror.png", [0.9884466528892517, -0.0337773934006691, 0.14775747060775757, -0.37289609442084015, -0.030291367322206497, -0.9992085695266724, -0.025780491530895233, 0.06930660493023376, 0.1485113501548767, 0.021006865426898003, -0.9886875748634338, 2.6732274683009543, 0.0, 0.0, 0.0, 1.0, 4.2647, 0.0, 0.5, 0.0, 4.2647, 0.5, 0.0, 0.0, 1.0]], ["frame33.png", [0.9923717379570007, 0.03433231636881828, -0.11840469390153885, 0.3042678147449728, 0.02679685316979885, -0.9975476861000061, -0.06465692818164825, 0.16890117954480718, -0.12033415585756302, 0.0609908364713192, -0.9908580780029297, 2.6774789426732553, 0.0, 0.0, 0.0, 1.0, 4.2647, 0.0, 0.5, 0.0, 4.2647, 0.5, 0.0, 0.0, 1.0]], ["frame33_mirror.png", [0.9923717379570007, -0.03433231636881828, 0.11840469390153885, -0.3042678147449728, -0.02679685316979885, -0.9975476861000061, -0.06465692818164825, 0.16890117954480718, 0.12033415585756302, 0.0609908364713192, -0.9908580780029297, 2.6774789426732553, 0.0, 0.0, 0.0, 1.0, 4.2647, 0.0, 0.5, 0.0, 4.2647, 0.5, 0.0, 0.0, 1.0]], ["frame34.png", [0.991089403629303, 0.03692491352558136, -0.1279778927564621, 0.32398667749121574, 0.029729142785072327, -0.997891902923584, -0.05768836289644241, 0.1475612137962114, -0.129838228225708, 0.05336965247988701, -0.9900978207588196, 2.6764264086634615, 0.0, 0.0, 0.0, 1.0, 4.2647, 0.0, 0.5, 0.0, 4.2647, 0.5, 0.0, 0.0, 1.0]], ["frame34_mirror.png", [0.991089403629303, -0.03692491352558136, 0.1279778927564621, -0.32398667749121574, -0.029729142785072327, -0.997891902923584, -0.05768836289644241, 0.1475612137962114, 0.129838228225708, 0.05336965247988701, -0.9900978207588196, 2.6764264086634615, 0.0, 0.0, 0.0, 1.0, 4.2647, 0.0, 0.5, 0.0, 4.2647, 0.5, 0.0, 0.0, 1.0]], ["frame35.png", [0.989119827747345, 0.03388581424951553, -0.14315582811832428, 0.3627134088368338, 0.03259880840778351, -0.9994043111801147, -0.011326824314892292, 0.027574058395163276, -0.14345437288284302, 0.0065368777140975, -0.9896352887153625, 2.675383833088924, 0.0, 0.0, 0.0, 1.0, 4.2647, 0.0, 0.5, 0.0, 4.2647, 0.5, 0.0, 0.0, 1.0]], ["frame35_mirror.png", [0.989119827747345, -0.03388581424951553, 0.14315582811832428, -0.3627134088368338, -0.03259880840778351, -0.9994043111801147, -0.011326824314892292, 0.027574058395163276, 0.14345437288284302, 0.0065368777140975, -0.9896352887153625, 2.675383833088924, 0.0, 0.0, 0.0, 1.0, 4.2647, 0.0, 0.5, 0.0, 4.2647, 0.5, 0.0, 0.0, 1.0]], ["frame36.png", [0.9904166460037231, 0.0545501634478569, -0.1268821805715561, 0.3230234814602987, 0.05906424671411514, -0.9977383017539978, 0.03208823874592781, -0.0776581441243539, -0.12484479695558548, -0.039274923503398895, -0.9913986325263977, 2.679482234140848, 0.0, 0.0, 0.0, 1.0, 4.2647, 0.0, 0.5, 0.0, 4.2647, 0.5, 0.0, 0.0, 1.0]], ["frame36_mirror.png", [0.9904166460037231, -0.0545501634478569, 0.1268821805715561, -0.3230234814602987, -0.05906424671411514, -0.9977383017539978, 0.03208823874592781, -0.0776581441243539, 0.12484479695558548, -0.039274923503398895, -0.9913986325263977, 2.679482234140848, 0.0, 0.0, 0.0, 1.0, 4.2647, 0.0, 0.5, 0.0, 4.2647, 0.5, 0.0, 0.0, 1.0]], ["frame37.png", [0.9893359541893005, 0.061738379299640656, -0.13191969692707062, 0.3335594486241246, 0.07692963629961014, -0.9905725121498108, 0.1133485957980156, -0.2840349202985265, -0.1236780658364296, -0.12228837609291077, -0.9847584962844849, 2.664218883328579, 0.0, 0.0, 0.0, 1.0, 4.2647, 0.0, 0.5, 0.0, 4.2647, 0.5, 0.0, 0.0, 1.0]], ["frame37_mirror.png", [0.9893359541893005, -0.061738379299640656, 0.13191969692707062, -0.3335594486241246, -0.07692963629961014, -0.9905725121498108, 0.1133485957980156, -0.2840349202985265, 0.1236780658364296, -0.12228837609291077, -0.9847584962844849, 2.664218883328579, 0.0, 0.0, 0.0, 1.0, 4.2647, 0.0, 0.5, 0.0, 4.2647, 0.5, 0.0, 0.0, 1.0]], ["frame38.png", [0.9913172125816345, 0.06136918067932129, -0.11629286408424377, 0.292643056417924, 0.07747869193553925, -0.9871859550476074, 0.13950267434120178, -0.35286296782915033, -0.10624151676893234, -0.14730162918567657, -0.9833691716194153, 2.660798332731209, 0.0, 0.0, 0.0, 1.0, 4.2647, 0.0, 0.5, 0.0, 4.2647, 0.5, 0.0, 0.0, 1.0]], ["frame38_mirror.png", [0.9913172125816345, -0.06136918067932129, 0.11629286408424377, -0.292643056417924, -0.07747869193553925, -0.9871859550476074, 0.13950267434120178, -0.35286296782915033, 0.10624151676893234, -0.14730162918567657, -0.9833691716194153, 2.660798332731209, 0.0, 0.0, 0.0, 1.0, 4.2647, 0.0, 0.5, 0.0, 4.2647, 0.5, 0.0, 0.0, 1.0]], ["frame39.png", [0.9903809428215027, 0.07222621887922287, -0.11802137643098831, 0.3027449067307028, 0.08781110495328903, -0.9872599840164185, 0.1326911300420761, -0.3341209931444383, -0.10693400353193283, -0.1417783498764038, -0.9841057062149048, 2.6620872794461103, 0.0, 0.0, 0.0, 1.0, 4.2647, 0.0, 0.5, 0.0, 4.2647, 0.5, 0.0, 0.0, 1.0]], ["frame39_mirror.png", [0.9903809428215027, -0.07222621887922287, 0.11802137643098831, -0.3027449067307028, -0.08781110495328903, -0.9872599840164185, 0.1326911300420761, -0.3341209931444383, 0.10693400353193283, -0.1417783498764038, -0.9841057062149048, 2.6620872794461103, 0.0, 0.0, 0.0, 1.0, 4.2647, 0.0, 0.5, 0.0, 4.2647, 0.5, 0.0, 0.0, 1.0]], ["frame4.png", [0.9939199090003967, 0.012736896984279156, -0.10936608910560608, 0.2790426550074126, 0.007060242351144552, -0.998615026473999, -0.05213627591729164, 0.1333426611203196, -0.10987867414951324, 0.05104713514447212, -0.9926332831382751, 2.682229470312294, 0.0, 0.0, 0.0, 1.0, 4.2647, 0.0, 0.5, 0.0, 4.2647, 0.5, 0.0, 0.0, 1.0]], ["frame4_mirror.png", [0.9939199090003967, -0.012736896984279156, 0.10936608910560608, -0.2790426550074126, -0.007060242351144552, -0.998615026473999, -0.05213627591729164, 0.1333426611203196, 0.10987867414951324, 0.05104713514447212, -0.9926332831382751, 2.682229470312294, 0.0, 0.0, 0.0, 1.0, 4.2647, 0.0, 0.5, 0.0, 4.2647, 0.5, 0.0, 0.0, 1.0]], ["frame40.png", [0.9975315928459167, 0.04391584172844887, -0.05479128286242485, 0.14326708783043213, 0.04771389067173004, -0.9964014291763306, 0.07005324214696884, -0.1799085841502009, -0.05151766538619995, -0.07249462604522705, -0.9960373640060425, 2.6901872505261895, 0.0, 0.0, 0.0, 1.0, 4.2647, 0.0, 0.5, 0.0, 4.2647, 0.5, 0.0, 0.0, 1.0]], ["frame40_mirror.png", [0.9975315928459167, -0.04391584172844887, 0.05479128286242485, -0.14326708783043213, -0.04771389067173004, -0.9964014291763306, 0.07005324214696884, -0.1799085841502009, 0.05151766538619995, -0.07249462604522705, -0.9960373640060425, 2.6901872505261895, 0.0, 0.0, 0.0, 1.0, 4.2647, 0.0, 0.5, 0.0, 4.2647, 0.5, 0.0, 0.0, 1.0]], ["frame41.png", [0.9979031682014465, 0.02843502350151539, -0.058144208043813705, 0.14921655968825875, 0.023949231952428818, -0.9967864155769348, -0.07644150406122208, 0.19426557127842697, -0.06013096868991852, 0.07488870620727539, -0.995377242565155, 2.688865059115215, 0.0, 0.0, 0.0, 1.0, 4.2647, 0.0, 0.5, 0.0, 4.2647, 0.5, 0.0, 0.0, 1.0]], ["frame41_mirror.png", [0.9979031682014465, -0.02843502350151539, 0.058144208043813705, -0.14921655968825875, -0.023949231952428818, -0.9967864155769348, -0.07644150406122208, 0.19426557127842697, 0.06013096868991852, 0.07488870620727539, -0.995377242565155, 2.688865059115215, 0.0, 0.0, 0.0, 1.0, 4.2647, 0.0, 0.5, 0.0, 4.2647, 0.5, 0.0, 0.0, 1.0]], ["frame42.png", [0.996942937374115, 0.03095243126153946, -0.07174121588468552, 0.17890724150085002, 0.02050803229212761, -0.9896548986434937, -0.1419949233531952, 0.36598799062055976, -0.07539413869380951, 0.14008955657482147, -0.9872642159461975, 2.669090667186127, 0.0, 0.0, 0.0, 1.0, 4.2647, 0.0, 0.5, 0.0, 4.2647, 0.5, 0.0, 0.0, 1.0]], ["frame42_mirror.png", [0.996942937374115, -0.03095243126153946, 0.07174121588468552, -0.17890724150085002, -0.02050803229212761, -0.9896548986434937, -0.1419949233531952, 0.36598799062055976, 0.07539413869380951, 0.14008955657482147, -0.9872642159461975, 2.669090667186127, 0.0, 0.0, 0.0, 1.0, 4.2647, 0.0, 0.5, 0.0, 4.2647, 0.5, 0.0, 0.0, 1.0]], ["frame43.png", [0.9972773194313049, 0.019097214564681053, -0.07122673839330673, 0.1836233142061536, 0.006154194474220276, -0.9840691089630127, -0.1776796281337738, 0.459681404766404, -0.07348522543907166, 0.17675752937793732, -0.9815073609352112, 2.6542372698370307, 0.0, 0.0, 0.0, 1.0, 4.2647, 0.0, 0.5, 0.0, 4.2647, 0.5, 0.0, 0.0, 1.0]], ["frame43_mirror.png", [0.9972773194313049, -0.019097214564681053, 0.07122673839330673, -0.1836233142061536, -0.006154194474220276, -0.9840691089630127, -0.1776796281337738, 0.459681404766404, 0.07348522543907166, 0.17675752937793732, -0.9815073609352112, 2.6542372698370307, 0.0, 0.0, 0.0, 1.0, 4.2647, 0.0, 0.5, 0.0, 4.2647, 0.5, 0.0, 0.0, 1.0]], ["frame44.png", [0.9958077073097229, 0.020732570439577103, -0.08909012377262115, 0.22426003846661383, 0.008798600174486637, -0.9911689162254333, -0.1323128342628479, 0.3434441017566058, -0.09104654937982559, 0.13097426295280457, -0.9871960878372192, 2.668661384311534, 0.0, 0.0, 0.0, 1.0, 4.2647, 0.0, 0.5, 0.0, 4.2647, 0.5, 0.0, 0.0, 1.0]], ["frame44_mirror.png", [0.9958077073097229, -0.020732570439577103, 0.08909012377262115, -0.22426003846661383, -0.008798600174486637, -0.9911689162254333, -0.1323128342628479, 0.3434441017566058, 0.09104654937982559, 0.13097426295280457, -0.9871960878372192, 2.668661384311534, 0.0, 0.0, 0.0, 1.0, 4.2647, 0.0, 0.5, 0.0, 4.2647, 0.5, 0.0, 0.0, 1.0]], ["frame45.png", [0.9953885674476624, 0.0016042239731177688, -0.0959111750125885, 0.2449636292615741, -0.0029303806368261576, -0.9988849759101868, -0.04711966589093208, 0.1258907788302144, -0.09587982296943665, 0.047183435410261154, -0.9942740201950073, 2.685915920527767, 0.0, 0.0, 0.0, 1.0, 4.2647, 0.0, 0.5, 0.0, 4.2647, 0.5, 0.0, 0.0, 1.0]], ["frame45_mirror.png", [0.9953885674476624, -0.0016042239731177688, 0.0959111750125885, -0.2449636292615741, 0.0029303806368261576, -0.9988849759101868, -0.04711966589093208, 0.1258907788302144, 0.09587982296943665, 0.047183435410261154, -0.9942740201950073, 2.685915920527767, 0.0, 0.0, 0.0, 1.0, 4.2647, 0.0, 0.5, 0.0, 4.2647, 0.5, 0.0, 0.0, 1.0]], ["frame46.png", [0.9982792139053345, 0.02567773126065731, -0.05271879583597183, 0.14029433992757953, 0.024696657434105873, -0.9995110630989075, -0.019177524372935295, 0.05462380121955754, -0.05318545550107956, 0.017842546105384827, -0.9984251856803894, 2.6957992763788283, 0.0, 0.0, 0.0, 1.0, 4.2647, 0.0, 0.5, 0.0, 4.2647, 0.5, 0.0, 0.0, 1.0]], ["frame46_mirror.png", [0.9982792139053345, -0.02567773126065731, 0.05271879583597183, -0.14029433992757953, -0.024696657434105873, -0.9995110630989075, -0.019177524372935295, 0.05462380121955754, 0.05318545550107956, 0.017842546105384827, -0.9984251856803894, 2.6957992763788283, 0.0, 0.0, 0.0, 1.0, 4.2647, 0.0, 0.5, 0.0, 4.2647, 0.5, 0.0, 0.0, 1.0]], ["frame47.png", [0.9955579042434692, 0.024641558527946472, -0.09086914360523224, 0.2334529558251384, 0.017352379858493805, -0.9966316819190979, -0.0801510438323021, 0.2100453852899305, -0.09253811091184616, 0.07821820676326752, -0.9926321506500244, 2.6816749716427064, 0.0, 0.0, 0.0, 1.0, 4.2647, 0.0, 0.5, 0.0, 4.2647, 0.5, 0.0, 0.0, 1.0]], ["frame47_mirror.png", [0.9955579042434692, -0.024641558527946472, 0.09086914360523224, -0.2334529558251384, -0.017352379858493805, -0.9966316819190979, -0.0801510438323021, 0.2100453852899305, 0.09253811091184616, 0.07821820676326752, -0.9926321506500244, 2.6816749716427064, 0.0, 0.0, 0.0, 1.0, 4.2647, 0.0, 0.5, 0.0, 4.2647, 0.5, 0.0, 0.0, 1.0]], ["frame48.png", [0.9949811697006226, 0.02610902115702629, -0.09659624844789505, 0.2500544804560313, 0.01796870306134224, -0.9962867498397827, -0.08420152217149734, 0.2229387540710767, -0.09843598306179047, 0.08204321563243866, -0.9917556643486023, 2.679136254231408, 0.0, 0.0, 0.0, 1.0, 4.2647, 0.0, 0.5, 0.0, 4.2647, 0.5, 0.0, 0.0, 1.0]], ["frame48_mirror.png", [0.9949811697006226, -0.02610902115702629, 0.09659624844789505, -0.2500544804560313, -0.01796870306134224, -0.9962867498397827, -0.08420152217149734, 0.2229387540710767, 0.09843598306179047, 0.08204321563243866, -0.9917556643486023, 2.679136254231408, 0.0, 0.0, 0.0, 1.0, 4.2647, 0.0, 0.5, 0.0, 4.2647, 0.5, 0.0, 0.0, 1.0]], ["frame49.png", [0.9857159852981567, 0.1588231772184372, -0.05602908134460449, 0.14586864169018393, 0.15834037959575653, -0.9872992634773254, -0.01298185158520937, 0.042293185458459386, -0.05737929046154022, 0.003924752585589886, -0.9983447194099426, 2.695725064956595, 0.0, 0.0, 0.0, 1.0, 4.2647, 0.0, 0.5, 0.0, 4.2647, 0.5, 0.0, 0.0, 1.0]], ["frame49_mirror.png", [0.9857159852981567, -0.1588231772184372, 0.05602908134460449, -0.14586864169018393, -0.15834037959575653, -0.9872992634773254, -0.01298185158520937, 0.042293185458459386, 0.05737929046154022, 0.003924752585589886, -0.9983447194099426, 2.695725064956595, 0.0, 0.0, 0.0, 1.0, 4.2647, 0.0, 0.5, 0.0, 4.2647, 0.5, 0.0, 0.0, 1.0]], ["frame5.png", [0.982491672039032, 0.18276110291481018, -0.03617282584309578, 0.09046911883456242, 0.18596422672271729, -0.9737876653671265, 0.1309768557548523, -0.33198360363550566, -0.011287176981568336, -0.13541051745414734, -0.9907252788543701, 2.677984732117508, 0.0, 0.0, 0.0, 1.0, 4.2647, 0.0, 0.5, 0.0, 4.2647, 0.5, 0.0, 0.0, 1.0]], ["frame5_mirror.png", [0.982491672039032, -0.18276110291481018, 0.03617282584309578, -0.09046911883456242, -0.18596422672271729, -0.9737876653671265, 0.1309768557548523, -0.33198360363550566, 0.011287176981568336, -0.13541051745414734, -0.9907252788543701, 2.677984732117508, 0.0, 0.0, 0.0, 1.0, 4.2647, 0.0, 0.5, 0.0, 4.2647, 0.5, 0.0, 0.0, 1.0]], ["frame6.png", [0.9864640235900879, 0.16326098144054413, -0.015317028388381004, 0.04124776429036666, 0.16392293572425842, -0.9842402338981628, 0.06633537262678146, -0.16420041548694284, -0.004245658405125141, -0.06794828176498413, -0.9976797699928284, 2.6946867805915704, 0.0, 0.0, 0.0, 1.0, 4.2647, 0.0, 0.5, 0.0, 4.2647, 0.5, 0.0, 0.0, 1.0]], ["frame6_mirror.png", [0.9864640235900879, -0.16326098144054413, 0.015317028388381004, -0.04124776429036666, -0.16392293572425842, -0.9842402338981628, 0.06633537262678146, -0.16420041548694284, 0.004245658405125141, -0.06794828176498413, -0.9976797699928284, 2.6946867805915704, 0.0, 0.0, 0.0, 1.0, 4.2647, 0.0, 0.5, 0.0, 4.2647, 0.5, 0.0, 0.0, 1.0]], ["frame7.png", [0.9931519627571106, 0.10408942401409149, -0.05305248871445656, 0.13446228250993114, 0.10335955023765564, -0.9945099949836731, -0.016327930614352226, 0.04135660334530072, -0.0544607937335968, 0.010732633993029594, -0.998458206653595, 2.6963326066978386, 0.0, 0.0, 0.0, 1.0, 4.2647, 0.0, 0.5, 0.0, 4.2647, 0.5, 0.0, 0.0, 1.0]], ["frame7_mirror.png", [0.9931519627571106, -0.10408942401409149, 0.05305248871445656, -0.13446228250993114, -0.10335955023765564, -0.9945099949836731, -0.016327930614352226, 0.04135660334530072, 0.0544607937335968, 0.010732633993029594, -0.998458206653595, 2.6963326066978386, 0.0, 0.0, 0.0, 1.0, 4.2647, 0.0, 0.5, 0.0, 4.2647, 0.5, 0.0, 0.0, 1.0]], ["frame8.png", [0.9954433441162109, 0.07956285774707794, -0.05255787447094917, 0.1343463848542518, 0.07592000812292099, -0.9947919249534607, -0.06800936162471771, 0.1777549060686109, -0.057695165276527405, 0.06370926648378372, -0.9962993860244751, 2.690790635156354, 0.0, 0.0, 0.0, 1.0, 4.2647, 0.0, 0.5, 0.0, 4.2647, 0.5, 0.0, 0.0, 1.0]], ["frame8_mirror.png", [0.9954433441162109, -0.07956285774707794, 0.05255787447094917, -0.1343463848542518, -0.07592000812292099, -0.9947919249534607, -0.06800936162471771, 0.1777549060686109, 0.057695165276527405, 0.06370926648378372, -0.9962993860244751, 2.690790635156354, 0.0, 0.0, 0.0, 1.0, 4.2647, 0.0, 0.5, 0.0, 4.2647, 0.5, 0.0, 0.0, 1.0]], ["frame9.png", [0.9955454468727112, 0.07786685973405838, -0.053159862756729126, 0.13506486720212765, 0.07348616421222687, -0.9940899014472961, -0.07990698516368866, 0.20507270264620125, -0.05906778573989868, 0.07564453035593033, -0.9953837990760803, 2.6888106419525077, 0.0, 0.0, 0.0, 1.0, 4.2647, 0.0, 0.5, 0.0, 4.2647, 0.5, 0.0, 0.0, 1.0]], ["frame9_mirror.png", [0.9955454468727112, -0.07786685973405838, 0.053159862756729126, -0.13506486720212765, -0.07348616421222687, -0.9940899014472961, -0.07990698516368866, 0.20507270264620125, 0.05906778573989868, 0.07564453035593033, -0.9953837990760803, 2.6888106419525077, 0.0, 0.0, 0.0, 1.0, 4.2647, 0.0, 0.5, 0.0, 4.2647, 0.5, 0.0, 0.0, 1.0]]]}