{"labels": [["frame0.png", [0.9950960278511047, -0.046018172055482864, -0.08755712956190109, 0.2226353343419689, -0.0705501064658165, -0.9506385326385498, -0.30217400193214417, 0.7726521245950314, -0.06932967901229858, 0.3068693280220032, -0.9492231607437134, 2.5774875755784405, 0.0, 0.0, 0.0, 1.0, 4.2647, 0.0, 0.5, 0.0, 4.2647, 0.5, 0.0, 0.0, 1.0]], ["frame0_mirror.png", [0.9950960278511047, 0.046018172055482864, 0.08755712956190109, -0.2226353343419689, 0.0705501064658165, -0.9506385326385498, -0.30217400193214417, 0.7726521245950314, 0.06932967901229858, 0.3068693280220032, -0.9492231607437134, 2.5774875755784405, 0.0, 0.0, 0.0, 1.0, 4.2647, 0.0, 0.5, 0.0, 4.2647, 0.5, 0.0, 0.0, 1.0]], ["frame1.png", [0.9933055639266968, -0.027541227638721466, -0.11218534409999847, 0.2824137357155221, -0.05773582682013512, -0.959525465965271, -0.2756403386592865, 0.7054518942138909, -0.10005322098731995, 0.2802721858024597, -0.954692006111145, 2.590864741129733, 0.0, 0.0, 0.0, 1.0, 4.2647, 0.0, 0.5, 0.0, 4.2647, 0.5, 0.0, 0.0, 1.0]], ["frame1_mirror.png", [0.9933055639266968, 0.027541227638721466, 0.11218534409999847, -0.2824137357155221, 0.05773582682013512, -0.959525465965271, -0.2756403386592865, 0.7054518942138909, 0.10005322098731995, 0.2802721858024597, -0.954692006111145, 2.590864741129733, 0.0, 0.0, 0.0, 1.0, 4.2647, 0.0, 0.5, 0.0, 4.2647, 0.5, 0.0, 0.0, 1.0]], ["frame2.png", [0.9950829148292542, -0.04876533895730972, -0.08620844781398773, 0.21799706562109897, -0.07256786525249481, -0.951334536075592, -0.2994937598705292, 0.7676180746271947, -0.06740815937519073, 0.30427709221839905, -0.9501955509185791, 2.5793874797878336, 0.0, 0.0, 0.0, 1.0, 4.2647, 0.0, 0.5, 0.0, 4.2647, 0.5, 0.0, 0.0, 1.0]], ["frame2_mirror.png", [0.9950829148292542, 0.04876533895730972, 0.08620844781398773, -0.21799706562109897, 0.07256786525249481, -0.951334536075592, -0.2994937598705292, 0.7676180746271947, 0.06740815937519073, 0.30427709221839905, -0.9501955509185791, 2.5793874797878336, 0.0, 0.0, 0.0, 1.0, 4.2647, 0.0, 0.5, 0.0, 4.2647, 0.5, 0.0, 0.0, 1.0]]]}