{"labels": [["frame0.png", [0.9760646820068359, 0.04473816230893135, 0.21282891929149628, -0.5390427380402779, 0.04486772045493126, -0.9989839792251587, 0.004223618656396866, -0.0022784726653659313, 0.21280162036418915, 0.005426623392850161, -0.9770803451538086, 2.6456431609588535, 0.0, 0.0, 0.0, 1.0, 4.2647, 0.0, 0.5, 0.0, 4.2647, 0.5, 0.0, 0.0, 1.0]], ["frame0_mirror.png", [0.9760646820068359, -0.04473816230893135, -0.21282891929149628, 0.5390427380402779, -0.04486772045493126, -0.9989839792251587, 0.004223618656396866, -0.0022784726653659313, -0.21280162036418915, 0.005426623392850161, -0.9770803451538086, 2.6456431609588535, 0.0, 0.0, 0.0, 1.0, 4.2647, 0.0, 0.5, 0.0, 4.2647, 0.5, 0.0, 0.0, 1.0]], ["frame1.png", [0.9561706781387329, 0.06401278078556061, 0.28572723269462585, -0.7273618013620157, 0.06752052158117294, -0.9977149367332458, -0.002431105589494109, 0.013624864545760923, 0.2849186956882477, 0.02161700278520584, -0.9583079218864441, 2.6001459907061975, 0.0, 0.0, 0.0, 1.0, 4.2647, 0.0, 0.5, 0.0, 4.2647, 0.5, 0.0, 0.0, 1.0]], ["frame1_mirror.png", [0.9561706781387329, -0.06401278078556061, -0.28572723269462585, 0.7273618013620157, -0.06752052158117294, -0.9977149367332458, -0.002431105589494109, 0.013624864545760923, -0.2849186956882477, 0.02161700278520584, -0.9583079218864441, 2.6001459907061975, 0.0, 0.0, 0.0, 1.0, 4.2647, 0.0, 0.5, 0.0, 4.2647, 0.5, 0.0, 0.0, 1.0]], ["frame2.png", [0.9588438272476196, 0.07498470693826675, 0.27385345101356506, -0.6948986973993921, 0.07288756966590881, -0.9971805810928345, 0.017839837819337845, -0.03908377692847913, 0.27441903948783875, 0.002854892984032631, -0.961605966091156, 2.6087522417304476, 0.0, 0.0, 0.0, 1.0, 4.2647, 0.0, 0.5, 0.0, 4.2647, 0.5, 0.0, 0.0, 1.0]], ["frame2_mirror.png", [0.9588438272476196, -0.07498470693826675, -0.27385345101356506, 0.6948986973993921, -0.07288756966590881, -0.9971805810928345, 0.017839837819337845, -0.03908377692847913, -0.27441903948783875, 0.002854892984032631, -0.961605966091156, 2.6087522417304476, 0.0, 0.0, 0.0, 1.0, 4.2647, 0.0, 0.5, 0.0, 4.2647, 0.5, 0.0, 0.0, 1.0]], ["frame3.png", [0.9560487270355225, 0.08628889918327332, 0.28022319078445435, -0.7055424336212008, 0.07513679563999176, -0.9959027171134949, 0.05032030865550041, -0.12004984087679012, 0.28341713547706604, -0.027053596451878548, -0.9586150646209717, 2.603420425145607, 0.0, 0.0, 0.0, 1.0, 4.2647, 0.0, 0.5, 0.0, 4.2647, 0.5, 0.0, 0.0, 1.0]], ["frame3_mirror.png", [0.9560487270355225, -0.08628889918327332, -0.28022319078445435, 0.7055424336212008, -0.07513679563999176, -0.9959027171134949, 0.05032030865550041, -0.12004984087679012, -0.28341713547706604, -0.027053596451878548, -0.9586150646209717, 2.603420425145607, 0.0, 0.0, 0.0, 1.0, 4.2647, 0.0, 0.5, 0.0, 4.2647, 0.5, 0.0, 0.0, 1.0]], ["frame4.png", [0.9618287086486816, 0.07608862966299057, 0.2628614604473114, -0.6670704759688433, 0.07116317749023438, -0.9970653057098389, 0.028222275897860527, -0.07097182460488405, 0.2642374634742737, -0.008438937366008759, -0.964420735836029, 2.6153355387412445, 0.0, 0.0, 0.0, 1.0, 4.2647, 0.0, 0.5, 0.0, 4.2647, 0.5, 0.0, 0.0, 1.0]], ["frame4_mirror.png", [0.9618287086486816, -0.07608862966299057, -0.2628614604473114, 0.6670704759688433, -0.07116317749023438, -0.9970653057098389, 0.028222275897860527, -0.07097182460488405, -0.2642374634742737, -0.008438937366008759, -0.964420735836029, 2.6153355387412445, 0.0, 0.0, 0.0, 1.0, 4.2647, 0.0, 0.5, 0.0, 4.2647, 0.5, 0.0, 0.0, 1.0]]]}