{"frame0.png": {"intrinsics": [[2985.29, 0.0, 512.0], [0.0, 2985.29, 512.0], [0.0, 0.0, 1.0]], "pose": [[0.9668168425559998, 0.13247041404247284, 0.2184416800737381, -0.5741906762123108], [0.14301101863384247, -0.9891674518585205, -0.033098265528678894, 0.08895251154899597], [0.21169087290763855, 0.06323952972888947, -0.9752885103225708, 2.7403037548065186], [0.0, 0.0, 0.0, 1.0]]}, "frame1.png": {"intrinsics": [[2985.29, 0.0, 512.0], [0.0, 2985.29, 512.0], [0.0, 0.0, 1.0]], "pose": [[0.9663758873939514, 0.1360093206167221, 0.21821792423725128, -0.6006941795349121], [0.14547766745090485, -0.9889695644378662, -0.027848465368151665, 0.07665544748306274], [0.21202322840690613, 0.058657921850681305, -0.9755026698112488, 2.8534300327301025], [0.0, 0.0, 0.0, 1.0]]}, "frame10.png": {"intrinsics": [[2985.29, 0.0, 512.0], [0.0, 2985.29, 512.0], [0.0, 0.0, 1.0]], "pose": [[0.9573073387145996, 0.1337503343820572, 0.2562685012817383, -0.6690881252288818], [0.1482873111963272, -0.9882071614265442, -0.03817679360508919, 0.10558531433343887], [0.24814020097255707, 0.07454828917980194, -0.9658514261245728, 2.710522174835205], [0.0, 0.0, 0.0, 1.0]]}, "frame11.png": {"intrinsics": [[2985.29, 0.0, 512.0], [0.0, 2985.29, 512.0], [0.0, 0.0, 1.0]], "pose": [[0.9578297734260559, 0.1358940154314041, 0.2531697154045105, -0.6445774435997009], [0.15023531019687653, -0.9879155158996582, -0.038109082728624344, 0.09954768419265747], [0.24493148922920227, 0.07453703880310059, -0.9666709899902344, 2.650299310684204], [0.0, 0.0, 0.0, 1.0]]}, "frame12.png": {"intrinsics": [[2985.29, 0.0, 512.0], [0.0, 2985.29, 512.0], [0.0, 0.0, 1.0]], "pose": [[0.9593423008918762, 0.1371317207813263, 0.24669283628463745, -0.6550189852714539], [0.14846760034561157, -0.9885247349739075, -0.027861105278134346, 0.07701163738965988], [0.2400413304567337, 0.06335422396659851, -0.9686931371688843, 2.7428884506225586], [0.0, 0.0, 0.0, 1.0]]}, "frame13.png": {"intrinsics": [[2985.29, 0.0, 512.0], [0.0, 2985.29, 512.0], [0.0, 0.0, 1.0]], "pose": [[0.9604399800300598, 0.13612167537212372, 0.24295246601104736, -0.6695730686187744], [0.1452302485704422, -0.989197850227356, -0.019895536825060844, 0.056916266679763794], [0.23761983215808868, 0.05439251661300659, -0.9698341488838196, 2.8395586013793945], [0.0, 0.0, 0.0, 1.0]]}, "frame14.png": {"intrinsics": [[2985.29, 0.0, 512.0], [0.0, 2985.29, 512.0], [0.0, 0.0, 1.0]], "pose": [[0.9610557556152344, 0.13133850693702698, 0.24315012991428375, -0.6311046481132507], [0.14098376035690308, -0.9897534251213074, -0.022621851414442062, 0.05873516574501991], [0.23768754303455353, 0.056021079421043396, -0.9697248339653015, 2.705496072769165], [0.0, 0.0, 0.0, 1.0]]}, "frame15.png": {"intrinsics": [[2985.29, 0.0, 512.0], [0.0, 2985.29, 512.0], [0.0, 0.0, 1.0]], "pose": [[0.9609971046447754, 0.12951907515525818, 0.2443549633026123, -0.6180093884468079], [0.14034876227378845, -0.9897239208221436, -0.027364395558834076, 0.07280465215444565], [0.23829971253871918, 0.06059202551841736, -0.9692996740341187, 2.6425631046295166], [0.0, 0.0, 0.0, 1.0]]}, "frame16.png": {"intrinsics": [[2985.29, 0.0, 512.0], [0.0, 2985.29, 512.0], [0.0, 0.0, 1.0]], "pose": [[0.9617148041725159, 0.13107837736606598, 0.2406722605228424, -0.638596773147583], [0.14420145750045776, -0.9888310432434082, -0.0376708097755909, 0.10435819625854492], [0.23304638266563416, 0.07093386352062225, -0.969875156879425, 2.746490240097046], [0.0, 0.0, 0.0, 1.0]]}, "frame17.png": {"intrinsics": [[2985.29, 0.0, 512.0], [0.0, 2985.29, 512.0], [0.0, 0.0, 1.0]], "pose": [[0.962243914604187, 0.1281447857618332, 0.24013651907444, -0.6269651651382446], [0.14440461993217468, -0.9881874918937683, -0.05130995437502861, 0.13882718980312347], [0.23072479665279388, 0.0840495154261589, -0.969382107257843, 2.716473340988159], [0.0, 0.0, 0.0, 1.0]]}, "frame18.png": {"intrinsics": [[2985.29, 0.0, 512.0], [0.0, 2985.29, 512.0], [0.0, 0.0, 1.0]], "pose": [[0.9627207517623901, 0.12357000261545181, 0.2406224012374878, -0.6208422780036926], [0.1401950716972351, -0.9886947870254517, -0.05317742004990578, 0.14097478985786438], [0.2313309907913208, 0.08492907881736755, -0.9691609144210815, 2.6889429092407227], [0.0, 0.0, 0.0, 1.0]]}, "frame19.png": {"intrinsics": [[2985.29, 0.0, 512.0], [0.0, 2985.29, 512.0], [0.0, 0.0, 1.0]], "pose": [[0.9639757871627808, 0.12305194139480591, 0.23581534624099731, -0.6195301413536072], [0.13811920583248138, -0.9892316460609436, -0.04841379448771477, 0.13038697838783264], [0.22731858491897583, 0.0792403593659401, -0.9705911874771118, 2.7274067401885986], [0.0, 0.0, 0.0, 1.0]]}, "frame2.png": {"intrinsics": [[2985.29, 0.0, 512.0], [0.0, 2985.29, 512.0], [0.0, 0.0, 1.0]], "pose": [[0.9657893776893616, 0.13590826094150543, 0.2208614945411682, -0.6172114610671997], [0.1457495242357254, -0.9889018535614014, -0.028811682015657425, 0.07813490927219391], [0.21449461579322815, 0.06001647189259529, -0.9748795628547668, 2.8951542377471924], [0.0, 0.0, 0.0, 1.0]]}, "frame20.png": {"intrinsics": [[2985.29, 0.0, 512.0], [0.0, 2985.29, 512.0], [0.0, 0.0, 1.0]], "pose": [[0.9644550085067749, 0.12266623973846436, 0.23405033349990845, -0.6191380023956299], [0.1364452838897705, -0.9896897673606873, -0.043553903698921204, 0.11968087404966354], [0.2262946367263794, 0.07394084334373474, -0.97124844789505, 2.7605817317962646], [0.0, 0.0, 0.0, 1.0]]}, "frame21.png": {"intrinsics": [[2985.29, 0.0, 512.0], [0.0, 2985.29, 512.0], [0.0, 0.0, 1.0]], "pose": [[0.963219165802002, 0.1275535374879837, 0.23651428520679474, -0.6319595575332642], [0.13908785581588745, -0.9897409677505493, -0.03267084062099457, 0.0891457125544548], [0.22992059588432312, 0.0643654391169548, -0.9710785746574402, 2.7777106761932373], [0.0, 0.0, 0.0, 1.0]]}, "frame22.png": {"intrinsics": [[2985.29, 0.0, 512.0], [0.0, 2985.29, 512.0], [0.0, 0.0, 1.0]], "pose": [[0.9622247815132141, 0.12813641130924225, 0.24021780490875244, -0.6248290538787842], [0.13948102295398712, -0.9897468090057373, -0.03076157346367836, 0.08564896136522293], [0.23381313681602478, 0.06310537457466125, -0.9702315330505371, 2.7075977325439453], [0.0, 0.0, 0.0, 1.0]]}, "frame23.png": {"intrinsics": [[2985.29, 0.0, 512.0], [0.0, 2985.29, 512.0], [0.0, 0.0, 1.0]], "pose": [[0.961635410785675, 0.1299203485250473, 0.24161554872989655, -0.6355834007263184], [0.1450226902961731, -0.9883708953857422, -0.04573165997862816, 0.12397372722625732], [0.23286430537700653, 0.07901692390441895, -0.9692938327789307, 2.7363266944885254], [0.0, 0.0, 0.0, 1.0]]}, "frame24.png": {"intrinsics": [[2985.29, 0.0, 512.0], [0.0, 2985.29, 512.0], [0.0, 0.0, 1.0]], "pose": [[0.9622141718864441, 0.13029998540878296, 0.23909366130828857, -0.6217613220214844], [0.1463679075241089, -0.9879328012466431, -0.050648145377635956, 0.13436171412467957], [0.22960901260375977, 0.08373000472784042, -0.9696746468544006, 2.7120604515075684], [0.0, 0.0, 0.0, 1.0]]}, "frame25.png": {"intrinsics": [[2985.29, 0.0, 512.0], [0.0, 2985.29, 512.0], [0.0, 0.0, 1.0]], "pose": [[0.9638193845748901, 0.13110598921775818, 0.23208485543727875, -0.6470109820365906], [0.1456790566444397, -0.9882276058197021, -0.04673176631331444, 0.13258610665798187], [0.22322583198547363, 0.0788508877158165, -0.9715722799301147, 2.8800055980682373], [0.0, 0.0, 0.0, 1.0]]}, "frame26.png": {"intrinsics": [[2985.29, 0.0, 512.0], [0.0, 2985.29, 512.0], [0.0, 0.0, 1.0]], "pose": [[0.9633445143699646, 0.13002228736877441, 0.23465196788311005, -0.6242150664329529], [0.14459826052188873, -0.9884231686592102, -0.0459442213177681, 0.12377319484949112], [0.22596167027950287, 0.078190378844738, -0.9709931015968323, 2.767444610595703], [0.0, 0.0, 0.0, 1.0]]}, "frame27.png": {"intrinsics": [[2985.29, 0.0, 512.0], [0.0, 2985.29, 512.0], [0.0, 0.0, 1.0]], "pose": [[0.9631273150444031, 0.13016249239444733, 0.23546449840068817, -0.6444159746170044], [0.1426270604133606, -0.9890985488891602, -0.03662746399641037, 0.10103251039981842], [0.22813007235527039, 0.06886051595211029, -0.971192479133606, 2.8381383419036865], [0.0, 0.0, 0.0, 1.0]]}, "frame28.png": {"intrinsics": [[2985.29, 0.0, 512.0], [0.0, 2985.29, 512.0], [0.0, 0.0, 1.0]], "pose": [[0.9632390737533569, 0.12923239171504974, 0.23551978170871735, -0.6425589919090271], [0.14098413288593292, -0.9894385933876038, -0.033686913549900055, 0.09132840484380722], [0.228678897023201, 0.06565310060977936, -0.9712855815887451, 2.836937427520752], [0.0, 0.0, 0.0, 1.0]]}, "frame29.png": {"intrinsics": [[2985.29, 0.0, 512.0], [0.0, 2985.29, 512.0], [0.0, 0.0, 1.0]], "pose": [[0.9628863334655762, 0.12764640152454376, 0.2378157377243042, -0.646081268787384], [0.1399175226688385, -0.9895308017730713, -0.0353829599916935, 0.09630744159221649], [0.23080949485301971, 0.06734436005353928, -0.9706656336784363, 2.8228418827056885], [0.0, 0.0, 0.0, 1.0]]}, "frame3.png": {"intrinsics": [[2985.29, 0.0, 512.0], [0.0, 2985.29, 512.0], [0.0, 0.0, 1.0]], "pose": [[0.959503710269928, 0.13434089720249176, 0.24759893119335175, -0.6436061859130859], [0.15220871567726135, -0.986849844455719, -0.05440468341112137, 0.14264093339443207], [0.23703420162200928, 0.08988820761442184, -0.9673339128494263, 2.700608968734741], [0.0, 0.0, 0.0, 1.0]]}, "frame30.png": {"intrinsics": [[2985.29, 0.0, 512.0], [0.0, 2985.29, 512.0], [0.0, 0.0, 1.0]], "pose": [[0.9622352719306946, 0.1277814358472824, 0.2403647005558014, -0.6427406668663025], [0.14081484079360962, -0.98931485414505, -0.03777981922030449, 0.10084409266710281], [0.23296880722045898, 0.07019998878240585, -0.9699472188949585, 2.765949010848999], [0.0, 0.0, 0.0, 1.0]]}, "frame31.png": {"intrinsics": [[2985.29, 0.0, 512.0], [0.0, 2985.29, 512.0], [0.0, 0.0, 1.0]], "pose": [[0.9619463682174683, 0.1280876249074936, 0.24135607481002808, -0.6528481841087341], [0.1420196294784546, -0.9890074729919434, -0.041165921837091446, 0.11193136125802994], [0.23343011736869812, 0.07387670874595642, -0.9695630669593811, 2.8111023902893066], [0.0, 0.0, 0.0, 1.0]]}, "frame32.png": {"intrinsics": [[2985.29, 0.0, 512.0], [0.0, 2985.29, 512.0], [0.0, 0.0, 1.0]], "pose": [[0.9623100161552429, 0.124268539249897, 0.24190236628055573, -0.6476181149482727], [0.1403915286064148, -0.988805890083313, -0.050527423620224, 0.1349056214094162], [0.23291553556919098, 0.08258408308029175, -0.9689841270446777, 2.7819321155548096], [0.0, 0.0, 0.0, 1.0]]}, "frame33.png": {"intrinsics": [[2985.29, 0.0, 512.0], [0.0, 2985.29, 512.0], [0.0, 0.0, 1.0]], "pose": [[0.9621427655220032, 0.1287051886320114, 0.2402421534061432, -0.6493464112281799], [0.14234326779842377, -0.9889993667602539, -0.04023104906082153, 0.1076580286026001], [0.2324213981628418, 0.07290486246347427, -0.9698789715766907, 2.8012967109680176], [0.0, 0.0, 0.0, 1.0]]}, "frame34.png": {"intrinsics": [[2985.29, 0.0, 512.0], [0.0, 2985.29, 512.0], [0.0, 0.0, 1.0]], "pose": [[0.9618726372718811, 0.13188894093036652, 0.2395962029695511, -0.6412001848220825], [0.1448502391576767, -0.9887526035308838, -0.03723742440342903, 0.09963319450616837], [0.23199015855789185, 0.0705232173204422, -0.9701582789421082, 2.7773590087890625], [0.0, 0.0, 0.0, 1.0]]}, "frame35.png": {"intrinsics": [[2985.29, 0.0, 512.0], [0.0, 2985.29, 512.0], [0.0, 0.0, 1.0]], "pose": [[0.9613401889801025, 0.1349647045135498, 0.24001982808113098, -0.6221031546592712], [0.14781737327575684, -0.9883486032485962, -0.03629116714000702, 0.0967354103922844], [0.2323252260684967, 0.0703672543168068, -0.9700893759727478, 2.7053916454315186], [0.0, 0.0, 0.0, 1.0]]}, "frame36.png": {"intrinsics": [[2985.29, 0.0, 512.0], [0.0, 2985.29, 512.0], [0.0, 0.0, 1.0]], "pose": [[0.9597914814949036, 0.13922016322612762, 0.2437582015991211, -0.6309757232666016], [0.15353158116340637, -0.9873079061508179, -0.0406351238489151, 0.10624780505895615], [0.2350071668624878, 0.07642583549022675, -0.9689843654632568, 2.6932473182678223], [0.0, 0.0, 0.0, 1.0]]}, "frame37.png": {"intrinsics": [[2985.29, 0.0, 512.0], [0.0, 2985.29, 512.0], [0.0, 0.0, 1.0]], "pose": [[0.9585162401199341, 0.14356258511543274, 0.2462446391582489, -0.6273793578147888], [0.15897829830646515, -0.9863099455833435, -0.04380229488015175, 0.11393997073173523], [0.23658517003059387, 0.08113276958465576, -0.9682174324989319, 2.6577508449554443], [0.0, 0.0, 0.0, 1.0]]}, "frame38.png": {"intrinsics": [[2985.29, 0.0, 512.0], [0.0, 2985.29, 512.0], [0.0, 0.0, 1.0]], "pose": [[0.9573632478713989, 0.14888906478881836, 0.2475634664297104, -0.6649184823036194], [0.164820596575737, -0.9853053689002991, -0.04480459541082382, 0.12165600806474686], [0.23725469410419464, 0.08369782567024231, -0.9678351879119873, 2.781393527984619], [0.0, 0.0, 0.0, 1.0]]}, "frame39.png": {"intrinsics": [[2985.29, 0.0, 512.0], [0.0, 2985.29, 512.0], [0.0, 0.0, 1.0]], "pose": [[0.9574326872825623, 0.15492725372314453, 0.24355734884738922, -0.6684530973434448], [0.17049628496170044, -0.9843724966049194, -0.0440659299492836, 0.12058204412460327], [0.23292414844036102, 0.0837157815694809, -0.9688849449157715, 2.8284108638763428], [0.0, 0.0, 0.0, 1.0]]}, "frame4.png": {"intrinsics": [[2985.29, 0.0, 512.0], [0.0, 2985.29, 512.0], [0.0, 0.0, 1.0]], "pose": [[0.9571331739425659, 0.12871815264225006, 0.2594759166240692, -0.6787965893745422], [0.15249250829219818, -0.9855606555938721, -0.07359486073255539, 0.19525180757045746], [0.2462562769651413, 0.11000822484493256, -0.9629413485527039, 2.6921324729919434], [0.0, 0.0, 0.0, 1.0]]}, "frame40.png": {"intrinsics": [[2985.29, 0.0, 512.0], [0.0, 2985.29, 512.0], [0.0, 0.0, 1.0]], "pose": [[0.9557028412818909, 0.15561144053936005, 0.24983420968055725, -0.6840687394142151], [0.1734110414981842, -0.9835410118103027, -0.05075043812394142, 0.14168936014175415], [0.23782485723495483, 0.09182634949684143, -0.9669577479362488, 2.8140146732330322], [0.0, 0.0, 0.0, 1.0]]}, "frame41.png": {"intrinsics": [[2985.29, 0.0, 512.0], [0.0, 2985.29, 512.0], [0.0, 0.0, 1.0]], "pose": [[0.9531823396682739, 0.15371470153331757, 0.2604135274887085, -0.6563957929611206], [0.17607519030570984, -0.9822489023208618, -0.06468815356492996, 0.16479647159576416], [0.24584738910198212, 0.107511967420578, -0.9633277058601379, 2.620009183883667], [0.0, 0.0, 0.0, 1.0]]}, "frame42.png": {"intrinsics": [[2985.29, 0.0, 512.0], [0.0, 2985.29, 512.0], [0.0, 0.0, 1.0]], "pose": [[0.9547919631004333, 0.15160103142261505, 0.2557136118412018, -0.6746900677680969], [0.17328406870365143, -0.9827656745910645, -0.06437648832798004, 0.17081528902053833], [0.24154703319072723, 0.10577724874019623, -0.964606761932373, 2.7268753051757812], [0.0, 0.0, 0.0, 1.0]]}, "frame43.png": {"intrinsics": [[2985.29, 0.0, 512.0], [0.0, 2985.29, 512.0], [0.0, 0.0, 1.0]], "pose": [[0.9547765851020813, 0.14962592720985413, 0.2569313645362854, -0.678176760673523], [0.17203012108802795, -0.9828155636787415, -0.06692705303430557, 0.17665715515613556], [0.2425021231174469, 0.10810032486915588, -0.9641094207763672, 2.72786021232605], [0.0, 0.0, 0.0, 1.0]]}, "frame44.png": {"intrinsics": [[2985.29, 0.0, 512.0], [0.0, 2985.29, 512.0], [0.0, 0.0, 1.0]], "pose": [[0.9546896815299988, 0.14876314997673035, 0.25775423645973206, -0.6803297996520996], [0.17267511785030365, -0.9822971820831299, -0.07263323664665222, 0.19108183681964874], [0.2423861175775528, 0.113849937915802, -0.9634766578674316, 2.727020502090454], [0.0, 0.0, 0.0, 1.0]]}, "frame45.png": {"intrinsics": [[2985.29, 0.0, 512.0], [0.0, 2985.29, 512.0], [0.0, 0.0, 1.0]], "pose": [[0.9529007077217102, 0.1526215523481369, 0.26208192110061646, -0.6779745221138], [0.17814038693904877, -0.9810346961021423, -0.0764000192284584, 0.2045716941356659], [0.2454511672258377, 0.11948900669813156, -0.9620167016983032, 2.684342622756958], [0.0, 0.0, 0.0, 1.0]]}, "frame46.png": {"intrinsics": [[2985.29, 0.0, 512.0], [0.0, 2985.29, 512.0], [0.0, 0.0, 1.0]], "pose": [[0.9524189829826355, 0.15054240822792053, 0.26501888036727905, -0.7143711447715759], [0.1753208041191101, -0.9818508625030518, -0.07232948392629623, 0.19526101648807526], [0.24932034313678741, 0.11535128951072693, -0.96152663230896, 2.764249086380005], [0.0, 0.0, 0.0, 1.0]]}, "frame47.png": {"intrinsics": [[2985.29, 0.0, 512.0], [0.0, 2985.29, 512.0], [0.0, 0.0, 1.0]], "pose": [[0.9491162896156311, 0.14806945621967316, 0.2779455780982971, -0.7442300319671631], [0.17301005125045776, -0.982616662979126, -0.06731941550970078, 0.17471542954444885], [0.2631460428237915, 0.11198131740093231, -0.9582350254058838, 2.752358913421631], [0.0, 0.0, 0.0, 1.0]]}, "frame48.png": {"intrinsics": [[2985.29, 0.0, 512.0], [0.0, 2985.29, 512.0], [0.0, 0.0, 1.0]], "pose": [[0.9462130665779114, 0.15501663088798523, 0.2839905917644501, -0.7286747694015503], [0.18199706077575684, -0.9807284474372864, -0.07105441391468048, 0.18208573758602142], [0.267503023147583, 0.11891806125640869, -0.9561906456947327, 2.6413192749023438], [0.0, 0.0, 0.0, 1.0]]}, "frame49.png": {"intrinsics": [[2985.29, 0.0, 512.0], [0.0, 2985.29, 512.0], [0.0, 0.0, 1.0]], "pose": [[0.9426396489143372, 0.16360732913017273, 0.2909694015979767, -0.7325349450111389], [0.1875520944595337, -0.980645477771759, -0.056202664971351624, 0.1439281851053238], [0.2761426270008087, 0.10755077004432678, -0.9550802111625671, 2.593278169631958], [0.0, 0.0, 0.0, 1.0]]}, "frame5.png": {"intrinsics": [[2985.29, 0.0, 512.0], [0.0, 2985.29, 512.0], [0.0, 0.0, 1.0]], "pose": [[0.9574102163314819, 0.12650306522846222, 0.2595432996749878, -0.683941125869751], [0.14755620062351227, -0.9870308637619019, -0.06322409212589264, 0.17131783068180084], [0.24817921221256256, 0.09882861375808716, -0.9636597037315369, 2.729640245437622], [0.0, 0.0, 0.0, 1.0]]}, "frame6.png": {"intrinsics": [[2985.29, 0.0, 512.0], [0.0, 2985.29, 512.0], [0.0, 0.0, 1.0]], "pose": [[0.959460437297821, 0.12912417948246002, 0.2505247890949249, -0.6551175713539124], [0.1469825953245163, -0.987671971321106, -0.05385357514023781, 0.14216184616088867], [0.24048250913619995, 0.08849315345287323, -0.9666111469268799, 2.7067441940307617], [0.0, 0.0, 0.0, 1.0]]}, "frame7.png": {"intrinsics": [[2985.29, 0.0, 512.0], [0.0, 2985.29, 512.0], [0.0, 0.0, 1.0]], "pose": [[0.9592580199241638, 0.13296253979206085, 0.24928908050060272, -0.6391112208366394], [0.14864292740821838, -0.987862765789032, -0.04508091136813164, 0.11572644114494324], [0.24026933312416077, 0.08029928803443909, -0.9673792719841003, 2.6654019355773926], [0.0, 0.0, 0.0, 1.0]]}, "frame8.png": {"intrinsics": [[2985.29, 0.0, 512.0], [0.0, 2985.29, 512.0], [0.0, 0.0, 1.0]], "pose": [[0.9594071507453918, 0.13367342948913574, 0.24833309650421143, -0.6493282318115234], [0.14740368723869324, -0.9883668422698975, -0.03745676949620247, 0.09722244739532471], [0.24043722450733185, 0.0725415050983429, -0.9679502248764038, 2.7139766216278076], [0.0, 0.0, 0.0, 1.0]]}, "frame9.png": {"intrinsics": [[2985.29, 0.0, 512.0], [0.0, 2985.29, 512.0], [0.0, 0.0, 1.0]], "pose": [[0.9567754864692688, 0.13469117879867554, 0.25775742530822754, -0.6880435943603516], [0.1489768773317337, -0.9881621599197388, -0.03662632033228874, 0.10146211832761765], [0.24977289140224457, 0.07344306260347366, -0.9655151963233948, 2.7608158588409424], [0.0, 0.0, 0.0, 1.0]]}}