{"frame0.png": {"intrinsics": [[2985.29, 0.0, 512.0], [0.0, 2985.29, 512.0], [0.0, 0.0, 1.0]], "pose": [[0.9759565591812134, 0.03282678872346878, 0.21547910571098328, -0.5447835922241211], [0.0234463382512331, -0.9986687302589417, 0.045946355909109116, -0.10807844996452332], [0.2167005091905594, -0.03978945314884186, -0.9754269123077393, 2.660122871398926], [0.0, 0.0, 0.0, 1.0]]}, "frame1.png": {"intrinsics": [[2985.29, 0.0, 512.0], [0.0, 2985.29, 512.0], [0.0, 0.0, 1.0]], "pose": [[0.9763535261154175, 0.03483220562338829, 0.21335545182228088, -0.5516255497932434], [0.027509108185768127, -0.9989292025566101, 0.03719750791788101, -0.09100271761417389], [0.21442267298698425, -0.03044869564473629, -0.9762662649154663, 2.707563638687134], [0.0, 0.0, 0.0, 1.0]]}, "frame10.png": {"intrinsics": [[2985.29, 0.0, 512.0], [0.0, 2985.29, 512.0], [0.0, 0.0, 1.0]], "pose": [[0.9704358577728271, 0.05441058799624443, 0.23514622449874878, -0.6062489748001099], [0.056998636573553085, -0.9983653426170349, -0.004218139685690403, 0.0148940933868289], [0.23453232645988464, 0.017496448010206223, -0.9719508290290833, 2.690504550933838], [0.0, 0.0, 0.0, 1.0]]}, "frame11.png": {"intrinsics": [[2985.29, 0.0, 512.0], [0.0, 2985.29, 512.0], [0.0, 0.0, 1.0]], "pose": [[0.9760702252388, 0.044726334512233734, 0.21280618011951447, -0.56587153673172], [0.04486335441470146, -0.9989843368530273, 0.004187477752566338, -0.0022965269163250923], [0.21277733147144318, 0.00545992748811841, -0.9770854711532593, 2.777651786804199], [0.0, 0.0, 0.0, 1.0]]}, "frame12.png": {"intrinsics": [[2985.29, 0.0, 512.0], [0.0, 2985.29, 512.0], [0.0, 0.0, 1.0]], "pose": [[0.9736948609352112, 0.0492609366774559, 0.2224670946598053, -0.588162899017334], [0.04906466603279114, -0.9987749457359314, 0.006412543822079897, -0.016956867650151253], [0.2225104570388794, 0.004671412520110607, -0.9749190807342529, 2.7598657608032227], [0.0, 0.0, 0.0, 1.0]]}, "frame13.png": {"intrinsics": [[2985.29, 0.0, 512.0], [0.0, 2985.29, 512.0], [0.0, 0.0, 1.0]], "pose": [[0.9739691019058228, 0.05410245060920715, 0.22012972831726074, -0.5750933885574341], [0.05374956503510475, -0.9985255599021912, 0.007596708834171295, -0.01588037796318531], [0.22021615505218506, 0.004432917106896639, -0.9754409790039062, 2.7182226181030273], [0.0, 0.0, 0.0, 1.0]]}, "frame14.png": {"intrinsics": [[2985.29, 0.0, 512.0], [0.0, 2985.29, 512.0], [0.0, 0.0, 1.0]], "pose": [[0.9711007475852966, 0.04963985085487366, 0.2334505319595337, -0.5849380493164062], [0.050230804830789566, -0.998731791973114, 0.003417093073949218, 0.0007056681788526475], [0.2333240807056427, 0.00840806681662798, -0.9723626375198364, 2.6278698444366455], [0.0, 0.0, 0.0, 1.0]]}, "frame15.png": {"intrinsics": [[2985.29, 0.0, 512.0], [0.0, 2985.29, 512.0], [0.0, 0.0, 1.0]], "pose": [[0.9673673510551453, 0.05232022702693939, 0.24791713058948517, -0.6374037861824036], [0.05039076879620552, -0.998629629611969, 0.014126257039606571, -0.025179468095302582], [0.24831648170948029, -0.0011725453659892082, -0.9686782360076904, 2.6815524101257324], [0.0, 0.0, 0.0, 1.0]]}, "frame16.png": {"intrinsics": [[2985.29, 0.0, 512.0], [0.0, 2985.29, 512.0], [0.0, 0.0, 1.0]], "pose": [[0.9673562049865723, 0.05451070889830589, 0.24748855829238892, -0.6343990564346313], [0.056557267904281616, -0.9983986616134644, -0.0011620919685810804, 0.013147450052201748], [0.2470289021730423, 0.015121432952582836, -0.9688901305198669, 2.674104690551758], [0.0, 0.0, 0.0, 1.0]]}, "frame17.png": {"intrinsics": [[2985.29, 0.0, 512.0], [0.0, 2985.29, 512.0], [0.0, 0.0, 1.0]], "pose": [[0.968296229839325, 0.05697142705321312, 0.24322155117988586, -0.6195908188819885], [0.06380965560674667, -0.9977551102638245, -0.020323507487773895, 0.05946186184883118], [0.24151769280433655, 0.035199061036109924, -0.9697578549385071, 2.6613380908966064], [0.0, 0.0, 0.0, 1.0]]}, "frame18.png": {"intrinsics": [[2985.29, 0.0, 512.0], [0.0, 2985.29, 512.0], [0.0, 0.0, 1.0]], "pose": [[0.9703760743141174, 0.057601578533649445, 0.23463241755962372, -0.6021134853363037], [0.07311031222343445, -0.9956395030021667, -0.05793779715895653, 0.1583987921476364], [0.23027200996875763, 0.07337550073862076, -0.9703560471534729, 2.6798722743988037], [0.0, 0.0, 0.0, 1.0]]}, "frame19.png": {"intrinsics": [[2985.29, 0.0, 512.0], [0.0, 2985.29, 512.0], [0.0, 0.0, 1.0]], "pose": [[0.9690815806388855, 0.06796465069055557, 0.23719534277915955, -0.6056565642356873], [0.08155131340026855, -0.9955157041549683, -0.04793516546487808, 0.12923645973205566], [0.232873797416687, 0.06579668074846268, -0.9702785611152649, 2.6743743419647217], [0.0, 0.0, 0.0, 1.0]]}, "frame2.png": {"intrinsics": [[2985.29, 0.0, 512.0], [0.0, 2985.29, 512.0], [0.0, 0.0, 1.0]], "pose": [[0.9882159233093262, 0.027249107137322426, 0.15062148869037628, -0.38053253293037415], [0.01959228515625, -0.9984503388404846, 0.05208732187747955, -0.12562617659568787], [0.15180741250514984, -0.04852250590920448, -0.9872183203697205, 2.700122594833374], [0.0, 0.0, 0.0, 1.0]]}, "frame20.png": {"intrinsics": [[2985.29, 0.0, 512.0], [0.0, 2985.29, 512.0], [0.0, 0.0, 1.0]], "pose": [[0.9665996432304382, 0.06651243567466736, 0.2475098967552185, -0.6469106078147888], [0.07832113653421402, -0.9961974620819092, -0.03816278278827667, 0.10645028948783875], [0.2440304160118103, 0.05627338960766792, -0.9681334495544434, 2.7122061252593994], [0.0, 0.0, 0.0, 1.0]]}, "frame21.png": {"intrinsics": [[2985.29, 0.0, 512.0], [0.0, 2985.29, 512.0], [0.0, 0.0, 1.0]], "pose": [[0.9609659314155579, 0.07744845002889633, 0.26560553908348083, -0.6825261116027832], [0.08826339244842529, -0.995674729347229, -0.029007859528064728, 0.08088270574808121], [0.26221010088920593, 0.051318809390068054, -0.963645339012146, 2.661545753479004], [0.0, 0.0, 0.0, 1.0]]}, "frame22.png": {"intrinsics": [[2985.29, 0.0, 512.0], [0.0, 2985.29, 512.0], [0.0, 0.0, 1.0]], "pose": [[0.9570061564445496, 0.07093489170074463, 0.28126055002212524, -0.7256108522415161], [0.07807894796133041, -0.9968451857566833, -0.014260531403124332, 0.05063546448945999], [0.27936166524887085, 0.03560794144868851, -0.959525465965271, 2.6605701446533203], [0.0, 0.0, 0.0, 1.0]]}, "frame23.png": {"intrinsics": [[2985.29, 0.0, 512.0], [0.0, 2985.29, 512.0], [0.0, 0.0, 1.0]], "pose": [[0.9561649560928345, 0.0639994740486145, 0.2857493460178375, -0.7583863735198975], [0.0675128847360611, -0.9977153539657593, -0.002450360916554928, 0.014256378635764122], [0.284939706325531, 0.02163470908999443, -0.9583012461662292, 2.7108356952667236], [0.0, 0.0, 0.0, 1.0]]}, "frame24.png": {"intrinsics": [[2985.29, 0.0, 512.0], [0.0, 2985.29, 512.0], [0.0, 0.0, 1.0]], "pose": [[0.9546078443527222, 0.06050010398030281, 0.2916567027568817, -0.7541095614433289], [0.06352396309375763, -0.9979799389839172, -0.0009003383456729352, 0.00882004015147686], [0.29101306200027466, 0.019386662170290947, -0.9565226435661316, 2.6567203998565674], [0.0, 0.0, 0.0, 1.0]]}, "frame25.png": {"intrinsics": [[2985.29, 0.0, 512.0], [0.0, 2985.29, 512.0], [0.0, 0.0, 1.0]], "pose": [[0.9540165662765503, 0.06633317470550537, 0.2923223078250885, -0.7616973519325256], [0.07116714864969254, -0.9974468350410461, -0.005920950323343277, 0.01847834885120392], [0.291183203458786, 0.026452431455254555, -0.9563015103340149, 2.668213129043579], [0.0, 0.0, 0.0, 1.0]]}, "frame26.png": {"intrinsics": [[2985.29, 0.0, 512.0], [0.0, 2985.29, 512.0], [0.0, 0.0, 1.0]], "pose": [[0.9528940916061401, 0.07389038056135178, 0.29416513442993164, -0.7402612566947937], [0.0730382651090622, -0.9972322583198547, 0.01389742735773325, -0.02432548999786377], [0.294377863407135, 0.008242536336183548, -0.9556535482406616, 2.589444398880005], [0.0, 0.0, 0.0, 1.0]]}, "frame27.png": {"intrinsics": [[2985.29, 0.0, 512.0], [0.0, 2985.29, 512.0], [0.0, 0.0, 1.0]], "pose": [[0.9553987979888916, 0.07396311312913895, 0.28590652346611023, -0.7259435653686523], [0.07082163542509079, -0.9972609281539917, 0.021327316761016846, -0.05123179033398628], [0.28670087456703186, -0.00012772716581821442, -0.9580200910568237, 2.6154491901397705], [0.0, 0.0, 0.0, 1.0]]}, "frame28.png": {"intrinsics": [[2985.29, 0.0, 512.0], [0.0, 2985.29, 512.0], [0.0, 0.0, 1.0]], "pose": [[0.9555893540382385, 0.06838327646255493, 0.28665778040885925, -0.7416856288909912], [0.06420303881168365, -0.9976489543914795, 0.02396853081882, -0.060788873583078384], [0.2876228988170624, -0.004499772563576698, -0.957733154296875, 2.671382427215576], [0.0, 0.0, 0.0, 1.0]]}, "frame29.png": {"intrinsics": [[2985.29, 0.0, 512.0], [0.0, 2985.29, 512.0], [0.0, 0.0, 1.0]], "pose": [[0.9573208689689636, 0.06413155049085617, 0.28182253241539, -0.7216358184814453], [0.060249797999858856, -0.9979313015937805, 0.022427238523960114, -0.04955347254872322], [0.2826778292655945, -0.004490310326218605, -0.9592044353485107, 2.6554183959960938], [0.0, 0.0, 0.0, 1.0]]}, "frame3.png": {"intrinsics": [[2985.29, 0.0, 512.0], [0.0, 2985.29, 512.0], [0.0, 0.0, 1.0]], "pose": [[0.9852467775344849, 0.0038235571701079607, 0.17109718918800354, -0.443705290555954], [-0.006002172827720642, -0.9983633160591125, 0.05687364190816879, -0.14733387529850006], [0.17103463411331177, -0.05706152319908142, -0.9836112856864929, 2.753063678741455], [0.0, 0.0, 0.0, 1.0]]}, "frame30.png": {"intrinsics": [[2985.29, 0.0, 512.0], [0.0, 2985.29, 512.0], [0.0, 0.0, 1.0]], "pose": [[0.9565746188163757, 0.0640735998749733, 0.28435826301574707, -0.7369877099990845], [0.059228576719760895, -0.9979156851768494, 0.025613825768232346, -0.05874155834317207], [0.28540676832199097, -0.0076593998819589615, -0.958375871181488, 2.675407886505127], [0.0, 0.0, 0.0, 1.0]]}, "frame31.png": {"intrinsics": [[2985.29, 0.0, 512.0], [0.0, 2985.29, 512.0], [0.0, 0.0, 1.0]], "pose": [[0.9569980502128601, 0.06528041511774063, 0.2826536297798157, -0.7386062145233154], [0.06137671321630478, -0.9978575706481934, 0.022653741762042046, -0.05441857501864433], [0.2835269272327423, -0.004331236705183983, -0.9589545130729675, 2.6815133094787598], [0.0, 0.0, 0.0, 1.0]]}, "frame32.png": {"intrinsics": [[2985.29, 0.0, 512.0], [0.0, 2985.29, 512.0], [0.0, 0.0, 1.0]], "pose": [[0.9594396352767944, 0.06644344329833984, 0.2739723026752472, -0.7113365530967712], [0.06207915395498276, -0.9977685213088989, 0.024579018354415894, -0.050673507153987885], [0.27499404549598694, -0.0065741147845983505, -0.9614234566688538, 2.665935754776001], [0.0, 0.0, 0.0, 1.0]]}, "frame33.png": {"intrinsics": [[2985.29, 0.0, 512.0], [0.0, 2985.29, 512.0], [0.0, 0.0, 1.0]], "pose": [[0.9578098058700562, 0.06540713459253311, 0.2798612713813782, -0.7462025880813599], [0.0596608966588974, -0.9977970719337463, 0.029011720791459084, -0.06715032458305359], [0.28114232420921326, -0.011090938001871109, -0.9596019983291626, 2.7328059673309326], [0.0, 0.0, 0.0, 1.0]]}, "frame34.png": {"intrinsics": [[2985.29, 0.0, 512.0], [0.0, 2985.29, 512.0], [0.0, 0.0, 1.0]], "pose": [[0.9594162106513977, 0.07350531220436096, 0.27224528789520264, -0.6913678050041199], [0.0688331350684166, -0.9972712397575378, 0.02668587677180767, -0.05779067799448967], [0.2734639644622803, -0.006863366812467575, -0.961857795715332, 2.629988670349121], [0.0, 0.0, 0.0, 1.0]]}, "frame35.png": {"intrinsics": [[2985.29, 0.0, 512.0], [0.0, 2985.29, 512.0], [0.0, 0.0, 1.0]], "pose": [[0.9588470458984375, 0.07498584687709808, 0.2738419473171234, -0.719942569732666], [0.07289781421422958, -0.9971804022789001, 0.01780795119702816, -0.040409885346889496], [0.27440518140792847, 0.002887377515435219, -0.9616098403930664, 2.7029013633728027], [0.0, 0.0, 0.0, 1.0]]}, "frame36.png": {"intrinsics": [[2985.29, 0.0, 512.0], [0.0, 2985.29, 512.0], [0.0, 0.0, 1.0]], "pose": [[0.9573478698730469, 0.08195874840021133, 0.27707016468048096, -0.7096261382102966], [0.07949568331241608, -0.9966318607330322, 0.020130928605794907, -0.04772027209401131], [0.27778688073158264, 0.00275358185172081, -0.9606387615203857, 2.647190570831299], [0.0, 0.0, 0.0, 1.0]]}, "frame37.png": {"intrinsics": [[2985.29, 0.0, 512.0], [0.0, 2985.29, 512.0], [0.0, 0.0, 1.0]], "pose": [[0.9573424458503723, 0.08312109857797623, 0.2767423987388611, -0.7231346368789673], [0.0815822184085846, -0.9965200424194336, 0.017090661451220512, -0.04087940230965614], [0.27719995379447937, 0.006215646862983704, -0.9607921838760376, 2.6911051273345947], [0.0, 0.0, 0.0, 1.0]]}, "frame38.png": {"intrinsics": [[2985.29, 0.0, 512.0], [0.0, 2985.29, 512.0], [0.0, 0.0, 1.0]], "pose": [[0.9566847681999207, 0.09173815697431564, 0.2762940526008606, -0.7044647336006165], [0.08897161483764648, -0.9957786202430725, 0.02255968190729618, -0.056112971156835556], [0.27719730138778687, 0.0029998235404491425, -0.9608083367347717, 2.641056537628174], [0.0, 0.0, 0.0, 1.0]]}, "frame39.png": {"intrinsics": [[2985.29, 0.0, 512.0], [0.0, 2985.29, 512.0], [0.0, 0.0, 1.0]], "pose": [[0.9584338068962097, 0.09444267302751541, 0.2692308723926544, -0.6955738663673401], [0.0909450426697731, -0.9955302476882935, 0.025464141741394997, -0.06297440826892853], [0.27043238282203674, 7.952190935611725e-05, -0.9627389907836914, 2.6743035316467285], [0.0, 0.0, 0.0, 1.0]]}, "frame4.png": {"intrinsics": [[2985.29, 0.0, 512.0], [0.0, 2985.29, 512.0], [0.0, 0.0, 1.0]], "pose": [[0.9783287644386292, -0.008642150089144707, 0.20687730610370636, -0.5448288321495056], [-0.022889219224452972, -0.9975190162658691, 0.0665731355547905, -0.17456425726413727], [0.205788716673851, -0.06986567378044128, -0.9760992527008057, 2.775662660598755], [0.0, 0.0, 0.0, 1.0]]}, "frame40.png": {"intrinsics": [[2985.29, 0.0, 512.0], [0.0, 2985.29, 512.0], [0.0, 0.0, 1.0]], "pose": [[0.9563853740692139, 0.10164456814527512, 0.2738528549671173, -0.709177553653717], [0.09615820646286011, -0.994804859161377, 0.03342018648982048, -0.08514533936977386], [0.2758271396160126, -0.005629383027553558, -0.9611907601356506, 2.674957036972046], [0.0, 0.0, 0.0, 1.0]]}, "frame41.png": {"intrinsics": [[2985.29, 0.0, 512.0], [0.0, 2985.29, 512.0], [0.0, 0.0, 1.0]], "pose": [[0.9542573094367981, 0.11386895924806595, 0.27645406126976013, -0.7179891467094421], [0.10794364660978317, -0.9934827089309692, 0.03660944849252701, -0.09596587717533112], [0.27882102131843567, -0.005093377083539963, -0.9603295922279358, 2.678541660308838], [0.0, 0.0, 0.0, 1.0]]}, "frame42.png": {"intrinsics": [[2985.29, 0.0, 512.0], [0.0, 2985.29, 512.0], [0.0, 0.0, 1.0]], "pose": [[0.9503235220909119, 0.12713481485843658, 0.2841161787509918, -0.730848491191864], [0.1358136236667633, -0.9906736612319946, -0.010973561555147171, 0.03729386627674103], [0.28007128834724426, 0.04901528358459473, -0.9587270617485046, 2.6427130699157715], [0.0, 0.0, 0.0, 1.0]]}, "frame43.png": {"intrinsics": [[2985.29, 0.0, 512.0], [0.0, 2985.29, 512.0], [0.0, 0.0, 1.0]], "pose": [[0.9477608799934387, 0.11605813354253769, 0.29711905121803284, -0.7790348529815674], [0.13604982197284698, -0.9895654916763306, -0.047440867871046066, 0.12765534222126007], [0.28851285576820374, 0.08538559079170227, -0.9536611437797546, 2.687812328338623], [0.0, 0.0, 0.0, 1.0]]}, "frame44.png": {"intrinsics": [[2985.29, 0.0, 512.0], [0.0, 2985.29, 512.0], [0.0, 0.0, 1.0]], "pose": [[0.9506195187568665, 0.09151265025138855, 0.2965601682662964, -0.7829586267471313], [0.09805699437856674, -0.9951545000076294, -0.007235201541334391, 0.025557545945048332], [0.29446107149124146, 0.03595772385597229, -0.9549868106842041, 2.710813283920288], [0.0, 0.0, 0.0, 1.0]]}, "frame45.png": {"intrinsics": [[2985.29, 0.0, 512.0], [0.0, 2985.29, 512.0], [0.0, 0.0, 1.0]], "pose": [[0.9534042477607727, 0.092013880610466, 0.28732171654701233, -0.738282322883606], [0.09005368500947952, -0.9957348704338074, 0.02006065472960472, -0.049677774310112], [0.287942111492157, 0.006748465821146965, -0.9576240181922913, 2.6394267082214355], [0.0, 0.0, 0.0, 1.0]]}, "frame46.png": {"intrinsics": [[2985.29, 0.0, 512.0], [0.0, 2985.29, 512.0], [0.0, 0.0, 1.0]], "pose": [[0.9540570378303528, 0.08417398482561111, 0.2875584363937378, -0.7457627058029175], [0.07924530655145645, -0.9964401721954346, 0.028758671134710312, -0.0712350383400917], [0.2889555096626282, -0.004649756476283073, -0.9573312401771545, 2.657154083251953], [0.0, 0.0, 0.0, 1.0]]}, "frame47.png": {"intrinsics": [[2985.29, 0.0, 512.0], [0.0, 2985.29, 512.0], [0.0, 0.0, 1.0]], "pose": [[0.9560668468475342, 0.08626614511013031, 0.28016844391822815, -0.7041959762573242], [0.07512013614177704, -0.9959049224853516, 0.0503019355237484, -0.11980080604553223], [0.28336048126220703, -0.02704571932554245, -0.9586320519447327, 2.599010705947876], [0.0, 0.0, 0.0, 1.0]]}, "frame48.png": {"intrinsics": [[2985.29, 0.0, 512.0], [0.0, 2985.29, 512.0], [0.0, 0.0, 1.0]], "pose": [[0.960343599319458, 0.09464466571807861, 0.26226428151130676, -0.6624164581298828], [0.08094864338636398, -0.9947524666786194, 0.06256856769323349, -0.15449699759483337], [0.2668098211288452, -0.03885737806558609, -0.9629655480384827, 2.6259427070617676], [0.0, 0.0, 0.0, 1.0]]}, "frame49.png": {"intrinsics": [[2985.29, 0.0, 512.0], [0.0, 2985.29, 512.0], [0.0, 0.0, 1.0]], "pose": [[0.9645929336547852, 0.09171341359615326, 0.24728359282016754, -0.6277497410774231], [0.08376473933458328, -0.9955788850784302, 0.042498018592596054, -0.09730634093284607], [0.2500879764556885, -0.020279638469219208, -0.9680107235908508, 2.6463983058929443], [0.0, 0.0, 0.0, 1.0]]}, "frame5.png": {"intrinsics": [[2985.29, 0.0, 512.0], [0.0, 2985.29, 512.0], [0.0, 0.0, 1.0]], "pose": [[0.9784083962440491, 0.03172069042921066, 0.20423246920108795, -0.4817964732646942], [0.014958811923861504, -0.9964290261268616, 0.0830993577837944, -0.18869884312152863], [0.20613913238048553, -0.07825003564357758, -0.9753889441490173, 2.5257580280303955], [0.0, 0.0, 0.0, 1.0]]}, "frame6.png": {"intrinsics": [[2985.29, 0.0, 512.0], [0.0, 2985.29, 512.0], [0.0, 0.0, 1.0]], "pose": [[0.9759840369224548, 0.03326978161931038, 0.21528638899326324, -0.538105845451355], [0.015257464721798897, -0.9962816834449768, 0.08479416370391846, -0.20982830226421356], [0.2173069566488266, -0.07947303354740143, -0.9728626012802124, 2.628140687942505], [0.0, 0.0, 0.0, 1.0]]}, "frame7.png": {"intrinsics": [[2985.29, 0.0, 512.0], [0.0, 2985.29, 512.0], [0.0, 0.0, 1.0]], "pose": [[0.968402087688446, 0.04054130241274834, 0.24607671797275543, -0.6391795873641968], [0.026128139346837997, -0.9977614283561707, 0.06155804544687271, -0.15025898814201355], [0.24802149832248688, -0.053183414041996, -0.9672936201095581, 2.7024035453796387], [0.0, 0.0, 0.0, 1.0]]}, "frame8.png": {"intrinsics": [[2985.29, 0.0, 512.0], [0.0, 2985.29, 512.0], [0.0, 0.0, 1.0]], "pose": [[0.9649362564086914, 0.02908499352633953, 0.26086798310279846, -0.6812165379524231], [0.023100104182958603, -0.9993956089019775, 0.02597975544631481, -0.06131390109658241], [0.2614659070968628, -0.0190427303314209, -0.9650248289108276, 2.6991991996765137], [0.0, 0.0, 0.0, 1.0]]}, "frame9.png": {"intrinsics": [[2985.29, 0.0, 512.0], [0.0, 2985.29, 512.0], [0.0, 0.0, 1.0]], "pose": [[0.9641336798667908, 0.043302517384290695, 0.26186102628707886, -0.6694161295890808], [0.044251784682273865, -0.9990178346633911, 0.0022735362872481346, -0.002262427471578121], [0.261702299118042, 0.009395824745297432, -0.9651029706001282, 2.6487159729003906], [0.0, 0.0, 0.0, 1.0]]}}