{"labels": [["frame0.png", [0.9992465376853943, -0.023688869550824165, 0.030742308124899864, -0.07728744304901, -0.01982373557984829, -0.9925214052200317, -0.12045002728700638, 0.3120450142276855, 0.033365726470947266, 0.11974984407424927, -0.9922432899475098, 2.6807936437261617, 0.0, 0.0, 0.0, 1.0, 4.2647, 0.0, 0.5, 0.0, 4.2647, 0.5, 0.0, 0.0, 1.0]], ["frame0_mirror.png", [0.9992465376853943, 0.023688869550824165, -0.030742308124899864, 0.07728744304901, 0.01982373557984829, -0.9925214052200317, -0.12045002728700638, 0.3120450142276855, -0.033365726470947266, 0.11974984407424927, -0.9922432899475098, 2.6807936437261617, 0.0, 0.0, 0.0, 1.0, 4.2647, 0.0, 0.5, 0.0, 4.2647, 0.5, 0.0, 0.0, 1.0]], ["frame1.png", [0.9981479644775391, 0.0026695281267166138, -0.06077365204691887, 0.15437343927237065, -0.004704487510025501, -0.9926571846008301, -0.12086983025074005, 0.32196803984490346, -0.06065007299184799, 0.12093189358711243, -0.9908062219619751, 2.676285751291452, 0.0, 0.0, 0.0, 1.0, 4.2647, 0.0, 0.5, 0.0, 4.2647, 0.5, 0.0, 0.0, 1.0]], ["frame1_mirror.png", [0.9981479644775391, -0.0026695281267166138, 0.06077365204691887, -0.15437343927237065, 0.004704487510025501, -0.9926571846008301, -0.12086983025074005, 0.32196803984490346, 0.06065007299184799, 0.12093189358711243, -0.9908062219619751, 2.676285751291452, 0.0, 0.0, 0.0, 1.0, 4.2647, 0.0, 0.5, 0.0, 4.2647, 0.5, 0.0, 0.0, 1.0]], ["frame2.png", [0.9390949606895447, -0.0725303366780281, -0.3359166383743286, 0.8638155828505715, -0.06500737369060516, -0.9973188638687134, 0.033602915704250336, -0.07135219409203404, -0.3374532163143158, -0.00971926935017109, -0.9412921667098999, 2.5570943477358794, 0.0, 0.0, 0.0, 1.0, 4.2647, 0.0, 0.5, 0.0, 4.2647, 0.5, 0.0, 0.0, 1.0]], ["frame2_mirror.png", [0.9390949606895447, 0.0725303366780281, 0.3359166383743286, -0.8638155828505715, 0.06500737369060516, -0.9973188638687134, 0.033602915704250336, -0.07135219409203404, 0.3374532163143158, -0.00971926935017109, -0.9412921667098999, 2.5570943477358794, 0.0, 0.0, 0.0, 1.0, 4.2647, 0.0, 0.5, 0.0, 4.2647, 0.5, 0.0, 0.0, 1.0]]]}