{"labels": [["frame0.png", [0.8123167753219604, -0.09184803068637848, 0.5759387016296387, -1.4736717277368525, -0.2212093472480774, -0.9622528553009033, 0.15854299068450928, -0.4091579604242365, 0.5396367311477661, -0.25619015097618103, -0.8019717931747437, 2.2250576177462373, 0.0, 0.0, 0.0, 1.0, 4.2647, 0.0, 0.5, 0.0, 4.2647, 0.5, 0.0, 0.0, 1.0]], ["frame0_mirror.png", [0.8123167753219604, 0.09184803068637848, -0.5759387016296387, 1.4736717277368525, 0.2212093472480774, -0.9622528553009033, 0.15854299068450928, -0.4091579604242365, -0.5396367311477661, -0.25619015097618103, -0.8019717931747437, 2.2250576177462373, 0.0, 0.0, 0.0, 1.0, 4.2647, 0.0, 0.5, 0.0, 4.2647, 0.5, 0.0, 0.0, 1.0]], ["frame1.png", [0.896870493888855, -0.095287024974823, 0.43190696835517883, -1.109247811846609, -0.23603926599025726, -0.9289490580558777, 0.2852000296115875, -0.7229085686125581, 0.37404370307922363, -0.3577345013618469, -0.8556385636329651, 2.353077239136033, 0.0, 0.0, 0.0, 1.0, 4.2647, 0.0, 0.5, 0.0, 4.2647, 0.5, 0.0, 0.0, 1.0]], ["frame1_mirror.png", [0.896870493888855, 0.095287024974823, -0.43190696835517883, 1.109247811846609, 0.23603926599025726, -0.9289490580558777, 0.2852000296115875, -0.7229085686125581, -0.37404370307922363, -0.3577345013618469, -0.8556385636329651, 2.353077239136033, 0.0, 0.0, 0.0, 1.0, 4.2647, 0.0, 0.5, 0.0, 4.2647, 0.5, 0.0, 0.0, 1.0]]]}