{"labels": [["frame0.png", [0.9858005046844482, -0.12075688689947128, -0.11668345332145691, 0.29426619421523537, -0.1274503916501999, -0.9904971122741699, -0.05168959125876427, 0.1257799087792429, -0.10933274775743484, 0.06582698225975037, -0.9918230772018433, 2.6809675159333, 0.0, 0.0, 0.0, 1.0, 4.2647, 0.0, 0.5, 0.0, 4.2647, 0.5, 0.0, 0.0, 1.0]], ["frame0_mirror.png", [0.9858005046844482, 0.12075688689947128, 0.11668345332145691, -0.29426619421523537, 0.1274503916501999, -0.9904971122741699, -0.05168959125876427, 0.1257799087792429, 0.10933274775743484, 0.06582698225975037, -0.9918230772018433, 2.6809675159333, 0.0, 0.0, 0.0, 1.0, 4.2647, 0.0, 0.5, 0.0, 4.2647, 0.5, 0.0, 0.0, 1.0]], ["frame1.png", [0.9858688116073608, -0.12044817954301834, -0.11642548441886902, 0.2967922414995578, -0.12601420283317566, -0.9911531209945679, -0.04166518524289131, 0.10059524040716666, -0.1103769838809967, 0.05574767291545868, -0.9923250675201416, 2.6817522187914924, 0.0, 0.0, 0.0, 1.0, 4.2647, 0.0, 0.5, 0.0, 4.2647, 0.5, 0.0, 0.0, 1.0]], ["frame1_mirror.png", [0.9858688116073608, 0.12044817954301834, 0.11642548441886902, -0.2967922414995578, 0.12601420283317566, -0.9911531209945679, -0.04166518524289131, 0.10059524040716666, 0.1103769838809967, 0.05574767291545868, -0.9923250675201416, 2.6817522187914924, 0.0, 0.0, 0.0, 1.0, 4.2647, 0.0, 0.5, 0.0, 4.2647, 0.5, 0.0, 0.0, 1.0]], ["frame10.png", [0.9840216040611267, -0.10404341667890549, -0.1444869041442871, 0.36429382687586476, -0.11425445973873138, -0.991371750831604, -0.06424907594919205, 0.16434254903679738, -0.1365555375814438, 0.07973074913024902, -0.9874186515808105, 2.670258701750867, 0.0, 0.0, 0.0, 1.0, 4.2647, 0.0, 0.5, 0.0, 4.2647, 0.5, 0.0, 0.0, 1.0]], ["frame10_mirror.png", [0.9840216040611267, 0.10404341667890549, 0.1444869041442871, -0.36429382687586476, 0.11425445973873138, -0.991371750831604, -0.06424907594919205, 0.16434254903679738, 0.1365555375814438, 0.07973074913024902, -0.9874186515808105, 2.670258701750867, 0.0, 0.0, 0.0, 1.0, 4.2647, 0.0, 0.5, 0.0, 4.2647, 0.5, 0.0, 0.0, 1.0]], ["frame11.png", [0.9843202829360962, -0.10643307864665985, -0.1406612992286682, 0.357137777146727, -0.11726206541061401, -0.9905553460121155, -0.07106129080057144, 0.18088678671056083, -0.13176952302455902, 0.08644130080938339, -0.987504243850708, 2.6701559090300746, 0.0, 0.0, 0.0, 1.0, 4.2647, 0.0, 0.5, 0.0, 4.2647, 0.5, 0.0, 0.0, 1.0]], ["frame11_mirror.png", [0.9843202829360962, 0.10643307864665985, 0.1406612992286682, -0.357137777146727, 0.11726206541061401, -0.9905553460121155, -0.07106129080057144, 0.18088678671056083, 0.13176952302455902, 0.08644130080938339, -0.987504243850708, 2.6701559090300746, 0.0, 0.0, 0.0, 1.0, 4.2647, 0.0, 0.5, 0.0, 4.2647, 0.5, 0.0, 0.0, 1.0]], ["frame12.png", [0.9838466048240662, -0.10552909225225449, -0.14460094273090363, 0.3658250233201322, -0.11845535784959793, -0.9894094467163086, -0.08388898521661758, 0.21361144423387704, -0.1342168003320694, 0.0996626541018486, -0.9859275817871094, 2.6665599943007363, 0.0, 0.0, 0.0, 1.0, 4.2647, 0.0, 0.5, 0.0, 4.2647, 0.5, 0.0, 0.0, 1.0]], ["frame12_mirror.png", [0.9838466048240662, 0.10552909225225449, 0.14460094273090363, -0.3658250233201322, 0.11845535784959793, -0.9894094467163086, -0.08388898521661758, 0.21361144423387704, 0.1342168003320694, 0.0996626541018486, -0.9859275817871094, 2.6665599943007363, 0.0, 0.0, 0.0, 1.0, 4.2647, 0.0, 0.5, 0.0, 4.2647, 0.5, 0.0, 0.0, 1.0]], ["frame13.png", [0.9837185144424438, -0.10834542661905289, -0.14338448643684387, 0.36533803684846855, -0.12167131900787354, -0.9886912703514099, -0.08766742795705795, 0.22440623724302922, -0.1322646290063858, 0.10368584841489792, -0.9857764840126038, 2.6657400397484623, 0.0, 0.0, 0.0, 1.0, 4.2647, 0.0, 0.5, 0.0, 4.2647, 0.5, 0.0, 0.0, 1.0]], ["frame13_mirror.png", [0.9837185144424438, 0.10834542661905289, 0.14338448643684387, -0.36533803684846855, 0.12167131900787354, -0.9886912703514099, -0.08766742795705795, 0.22440623724302922, 0.1322646290063858, 0.10368584841489792, -0.9857764840126038, 2.6657400397484623, 0.0, 0.0, 0.0, 1.0, 4.2647, 0.0, 0.5, 0.0, 4.2647, 0.5, 0.0, 0.0, 1.0]], ["frame14.png", [0.9837716221809387, -0.10270887613296509, -0.1471199244260788, 0.37176954236938753, -0.11626467853784561, -0.9894271492958069, -0.08669757843017578, 0.22183335681045405, -0.13665983080863953, 0.10239547491073608, -0.98531174659729, 2.665066109718981, 0.0, 0.0, 0.0, 1.0, 4.2647, 0.0, 0.5, 0.0, 4.2647, 0.5, 0.0, 0.0, 1.0]], ["frame14_mirror.png", [0.9837716221809387, 0.10270887613296509, 0.1471199244260788, -0.37176954236938753, 0.11626467853784561, -0.9894271492958069, -0.08669757843017578, 0.22183335681045405, 0.13665983080863953, 0.10239547491073608, -0.98531174659729, 2.665066109718981, 0.0, 0.0, 0.0, 1.0, 4.2647, 0.0, 0.5, 0.0, 4.2647, 0.5, 0.0, 0.0, 1.0]], ["frame15.png", [0.9869280457496643, 0.13593104481697083, 0.08657779544591904, -0.22475286604794234, 0.14992043375968933, -0.9714770913124084, -0.18372829258441925, 0.48160711609078743, 0.05913396179676056, 0.1943063884973526, -0.9791569113731384, 2.6471759924368365, 0.0, 0.0, 0.0, 1.0, 4.2647, 0.0, 0.5, 0.0, 4.2647, 0.5, 0.0, 0.0, 1.0]], ["frame15_mirror.png", [0.9869280457496643, -0.13593104481697083, -0.08657779544591904, 0.22475286604794234, -0.14992043375968933, -0.9714770913124084, -0.18372829258441925, 0.48160711609078743, -0.05913396179676056, 0.1943063884973526, -0.9791569113731384, 2.6471759924368365, 0.0, 0.0, 0.0, 1.0, 4.2647, 0.0, 0.5, 0.0, 4.2647, 0.5, 0.0, 0.0, 1.0]], ["frame16.png", [0.9864966869354248, 0.13757655024528503, 0.08886513859033585, -0.23042245165947026, 0.15155556797981262, -0.972498893737793, -0.17685255408287048, 0.45955729678869356, 0.06209048628807068, 0.18793247640132904, -0.980217456817627, 2.650606078756236, 0.0, 0.0, 0.0, 1.0, 4.2647, 0.0, 0.5, 0.0, 4.2647, 0.5, 0.0, 0.0, 1.0]], ["frame16_mirror.png", [0.9864966869354248, -0.13757655024528503, -0.08886513859033585, 0.23042245165947026, -0.15155556797981262, -0.972498893737793, -0.17685255408287048, 0.45955729678869356, -0.06209048628807068, 0.18793247640132904, -0.980217456817627, 2.650606078756236, 0.0, 0.0, 0.0, 1.0, 4.2647, 0.0, 0.5, 0.0, 4.2647, 0.5, 0.0, 0.0, 1.0]], ["frame17.png", [0.9881823062896729, 0.12152013927698135, 0.09342661499977112, -0.2436630000241312, 0.1377110630273819, -0.9714952111244202, -0.19295775890350342, 0.5022632867572978, 0.0673152506351471, 0.20354332029819489, -0.976749062538147, 2.6416585572694666, 0.0, 0.0, 0.0, 1.0, 4.2647, 0.0, 0.5, 0.0, 4.2647, 0.5, 0.0, 0.0, 1.0]], ["frame17_mirror.png", [0.9881823062896729, -0.12152013927698135, -0.09342661499977112, 0.2436630000241312, -0.1377110630273819, -0.9714952111244202, -0.19295775890350342, 0.5022632867572978, -0.0673152506351471, 0.20354332029819489, -0.976749062538147, 2.6416585572694666, 0.0, 0.0, 0.0, 1.0, 4.2647, 0.0, 0.5, 0.0, 4.2647, 0.5, 0.0, 0.0, 1.0]], ["frame18.png", [0.9856497645378113, -0.08544210344552994, -0.1455821692943573, 0.3680623334353409, -0.0954289361834526, -0.9934377670288086, -0.06304407119750977, 0.16029485150527387, -0.13924022018909454, 0.0760321244597435, -0.9873353838920593, 2.6699879548954963, 0.0, 0.0, 0.0, 1.0, 4.2647, 0.0, 0.5, 0.0, 4.2647, 0.5, 0.0, 0.0, 1.0]], ["frame18_mirror.png", [0.9856497645378113, 0.08544210344552994, 0.1455821692943573, -0.3680623334353409, 0.0954289361834526, -0.9934377670288086, -0.06304407119750977, 0.16029485150527387, 0.13924022018909454, 0.0760321244597435, -0.9873353838920593, 2.6699879548954963, 0.0, 0.0, 0.0, 1.0, 4.2647, 0.0, 0.5, 0.0, 4.2647, 0.5, 0.0, 0.0, 1.0]], ["frame19.png", [0.9864625930786133, -0.08651483058929443, -0.13930818438529968, 0.3511407315706207, -0.09701719880104065, -0.9927868247032166, -0.0704413428902626, 0.17434604180820526, -0.13220910727977753, 0.08300302922725677, -0.9877404570579529, 2.671386090466495, 0.0, 0.0, 0.0, 1.0, 4.2647, 0.0, 0.5, 0.0, 4.2647, 0.5, 0.0, 0.0, 1.0]], ["frame19_mirror.png", [0.9864625930786133, 0.08651483058929443, 0.13930818438529968, -0.3511407315706207, 0.09701719880104065, -0.9927868247032166, -0.0704413428902626, 0.17434604180820526, 0.13220910727977753, 0.08300302922725677, -0.9877404570579529, 2.671386090466495, 0.0, 0.0, 0.0, 1.0, 4.2647, 0.0, 0.5, 0.0, 4.2647, 0.5, 0.0, 0.0, 1.0]], ["frame2.png", [0.988037645816803, 0.1124911829829216, 0.1054859384894371, -0.27122326959528653, 0.13064952194690704, -0.9740070700645447, -0.18504296243190765, 0.49487548517359126, 0.08192834258079529, 0.19661110639572144, -0.9770525693893433, 2.640366677604504, 0.0, 0.0, 0.0, 1.0, 4.2647, 0.0, 0.5, 0.0, 4.2647, 0.5, 0.0, 0.0, 1.0]], ["frame2_mirror.png", [0.988037645816803, -0.1124911829829216, -0.1054859384894371, 0.27122326959528653, -0.13064952194690704, -0.9740070700645447, -0.18504296243190765, 0.49487548517359126, -0.08192834258079529, 0.19661110639572144, -0.9770525693893433, 2.640366677604504, 0.0, 0.0, 0.0, 1.0, 4.2647, 0.0, 0.5, 0.0, 4.2647, 0.5, 0.0, 0.0, 1.0]], ["frame20.png", [0.9873446226119995, -0.08789685368537903, -0.1320023089647293, 0.3332605383556252, -0.09661872684955597, -0.9934394359588623, -0.06117912009358406, 0.1522405234931263, -0.1257588416337967, 0.07315877825021744, -0.9893596172332764, 2.675025277746261, 0.0, 0.0, 0.0, 1.0, 4.2647, 0.0, 0.5, 0.0, 4.2647, 0.5, 0.0, 0.0, 1.0]], ["frame20_mirror.png", [0.9873446226119995, 0.08789685368537903, 0.1320023089647293, -0.3332605383556252, 0.09661872684955597, -0.9934394359588623, -0.06117912009358406, 0.1522405234931263, 0.1257588416337967, 0.07315877825021744, -0.9893596172332764, 2.675025277746261, 0.0, 0.0, 0.0, 1.0, 4.2647, 0.0, 0.5, 0.0, 4.2647, 0.5, 0.0, 0.0, 1.0]], ["frame21.png", [0.9883915185928345, -0.09173277765512466, -0.12110815942287445, 0.30986132524219634, -0.09831622987985611, -0.9939213395118713, -0.049540601670742035, 0.12450192442609696, -0.11582748591899872, 0.06087241321802139, -0.9914023280143738, 2.679269532901337, 0.0, 0.0, 0.0, 1.0, 4.2647, 0.0, 0.5, 0.0, 4.2647, 0.5, 0.0, 0.0, 1.0]], ["frame21_mirror.png", [0.9883915185928345, 0.09173277765512466, 0.12110815942287445, -0.30986132524219634, 0.09831622987985611, -0.9939213395118713, -0.049540601670742035, 0.12450192442609696, 0.11582748591899872, 0.06087241321802139, -0.9914023280143738, 2.679269532901337, 0.0, 0.0, 0.0, 1.0, 4.2647, 0.0, 0.5, 0.0, 4.2647, 0.5, 0.0, 0.0, 1.0]], ["frame22.png", [0.9871330857276917, 0.1335853487253189, 0.08788123726844788, -0.22732634635538648, 0.14733749628067017, -0.9734264016151428, -0.1753072589635849, 0.4580599987645862, 0.062127429991960526, 0.185999795794487, -0.9805836081504822, 2.651132544740926, 0.0, 0.0, 0.0, 1.0, 4.2647, 0.0, 0.5, 0.0, 4.2647, 0.5, 0.0, 0.0, 1.0]], ["frame22_mirror.png", [0.9871330857276917, -0.1335853487253189, -0.08788123726844788, 0.22732634635538648, -0.14733749628067017, -0.9734264016151428, -0.1753072589635849, 0.4580599987645862, -0.062127429991960526, 0.185999795794487, -0.9805836081504822, 2.651132544740926, 0.0, 0.0, 0.0, 1.0, 4.2647, 0.0, 0.5, 0.0, 4.2647, 0.5, 0.0, 0.0, 1.0]], ["frame23.png", [0.9871267080307007, 0.13358886539936066, 0.08794798702001572, -0.2274958932928369, 0.14734888076782227, -0.9734377264976501, -0.17523524165153503, 0.45788420726453255, 0.06220240890979767, 0.18593843281269073, -0.9805905222892761, 2.6511483684004986, 0.0, 0.0, 0.0, 1.0, 4.2647, 0.0, 0.5, 0.0, 4.2647, 0.5, 0.0, 0.0, 1.0]], ["frame23_mirror.png", [0.9871267080307007, -0.13358886539936066, -0.08794798702001572, 0.2274958932928369, -0.14734888076782227, -0.9734377264976501, -0.17523524165153503, 0.45788420726453255, -0.06220240890979767, 0.18593843281269073, -0.9805905222892761, 2.6511483684004986, 0.0, 0.0, 0.0, 1.0, 4.2647, 0.0, 0.5, 0.0, 4.2647, 0.5, 0.0, 0.0, 1.0]], ["frame24.png", [0.9870187640190125, 0.13373611867427826, 0.088930144906044, -0.22738185837806685, 0.14770470559597015, -0.9733085036277771, -0.17565278708934784, 0.458169376817395, 0.06306534260511398, 0.18650799989700317, -0.9804272055625916, 2.651108883585753, 0.0, 0.0, 0.0, 1.0, 4.2647, 0.0, 0.5, 0.0, 4.2647, 0.5, 0.0, 0.0, 1.0]], ["frame24_mirror.png", [0.9870187640190125, -0.13373611867427826, -0.088930144906044, 0.22738185837806685, -0.14770470559597015, -0.9733085036277771, -0.17565278708934784, 0.458169376817395, -0.06306534260511398, 0.18650799989700317, -0.9804272055625916, 2.651108883585753, 0.0, 0.0, 0.0, 1.0, 4.2647, 0.0, 0.5, 0.0, 4.2647, 0.5, 0.0, 0.0, 1.0]], ["frame25.png", [0.986743688583374, 0.13428814709186554, 0.09112397581338882, -0.23464847957230572, 0.1488068699836731, -0.972740888595581, -0.17785295844078064, 0.4638741010178553, 0.06475647538900375, 0.1890551596879959, -0.9798288941383362, 2.6494831400556755, 0.0, 0.0, 0.0, 1.0, 4.2647, 0.0, 0.5, 0.0, 4.2647, 0.5, 0.0, 0.0, 1.0]], ["frame25_mirror.png", [0.986743688583374, -0.13428814709186554, -0.09112397581338882, 0.23464847957230572, -0.1488068699836731, -0.972740888595581, -0.17785295844078064, 0.4638741010178553, -0.06475647538900375, 0.1890551596879959, -0.9798288941383362, 2.6494831400556755, 0.0, 0.0, 0.0, 1.0, 4.2647, 0.0, 0.5, 0.0, 4.2647, 0.5, 0.0, 0.0, 1.0]], ["frame26.png", [0.9867309331893921, 0.13467198610305786, 0.09069454669952393, -0.23355323493087118, 0.14906750619411469, -0.9728013277053833, -0.17730313539505005, 0.46251394411627994, 0.06435000896453857, 0.18847009539604187, -0.9799684286117554, 2.6498176801341127, 0.0, 0.0, 0.0, 1.0, 4.2647, 0.0, 0.5, 0.0, 4.2647, 0.5, 0.0, 0.0, 1.0]], ["frame26_mirror.png", [0.9867309331893921, -0.13467198610305786, -0.09069454669952393, 0.23355323493087118, -0.14906750619411469, -0.9728013277053833, -0.17730313539505005, 0.46251394411627994, -0.06435000896453857, 0.18847009539604187, -0.9799684286117554, 2.6498176801341127, 0.0, 0.0, 0.0, 1.0, 4.2647, 0.0, 0.5, 0.0, 4.2647, 0.5, 0.0, 0.0, 1.0]], ["frame27.png", [0.9895498752593994, -0.09749028086662292, -0.10623862594366074, 0.26611998510189266, -0.10588401556015015, -0.9914351105690002, -0.07645266503095627, 0.1896263954336104, -0.09787531197071075, 0.08690270036458969, -0.9913971424102783, 2.680153350777568, 0.0, 0.0, 0.0, 1.0, 4.2647, 0.0, 0.5, 0.0, 4.2647, 0.5, 0.0, 0.0, 1.0]], ["frame27_mirror.png", [0.9895498752593994, 0.09749028086662292, 0.10623862594366074, -0.26611998510189266, 0.10588401556015015, -0.9914351105690002, -0.07645266503095627, 0.1896263954336104, 0.09787531197071075, 0.08690270036458969, -0.9913971424102783, 2.680153350777568, 0.0, 0.0, 0.0, 1.0, 4.2647, 0.0, 0.5, 0.0, 4.2647, 0.5, 0.0, 0.0, 1.0]], ["frame28.png", [0.9879235029220581, -0.10409332811832428, -0.11476778984069824, 0.2886386169943232, -0.11531936377286911, -0.9886839985847473, -0.09594415873289108, 0.2369385631657449, -0.10348193347454071, 0.10802043974399567, -0.9887481927871704, 2.674050834607405, 0.0, 0.0, 0.0, 1.0, 4.2647, 0.0, 0.5, 0.0, 4.2647, 0.5, 0.0, 0.0, 1.0]], ["frame28_mirror.png", [0.9879235029220581, 0.10409332811832428, 0.11476778984069824, -0.2886386169943232, 0.11531936377286911, -0.9886839985847473, -0.09594415873289108, 0.2369385631657449, 0.10348193347454071, 0.10802043974399567, -0.9887481927871704, 2.674050834607405, 0.0, 0.0, 0.0, 1.0, 4.2647, 0.0, 0.5, 0.0, 4.2647, 0.5, 0.0, 0.0, 1.0]], ["frame29.png", [0.987699568271637, -0.10424259305000305, -0.11654584854841232, 0.2932654004873549, -0.11702843755483627, -0.9871450066566467, -0.10885319858789444, 0.2771091420026118, -0.10370051115751266, 0.12115344405174255, -0.9872021079063416, 2.66968273925865, 0.0, 0.0, 0.0, 1.0, 4.2647, 0.0, 0.5, 0.0, 4.2647, 0.5, 0.0, 0.0, 1.0]], ["frame29_mirror.png", [0.987699568271637, 0.10424259305000305, 0.11654584854841232, -0.2932654004873549, 0.11702843755483627, -0.9871450066566467, -0.10885319858789444, 0.2771091420026118, 0.10370051115751266, 0.12115344405174255, -0.9872021079063416, 2.66968273925865, 0.0, 0.0, 0.0, 1.0, 4.2647, 0.0, 0.5, 0.0, 4.2647, 0.5, 0.0, 0.0, 1.0]], ["frame3.png", [0.9842325448989868, -0.1063908040523529, -0.1413053423166275, 0.35621208723997844, -0.11395090818405151, -0.9923970103263855, -0.046511150896549225, 0.11698199100449898, -0.13528263568878174, 0.06187966465950012, -0.9888728260993958, 2.6738414617708286, 0.0, 0.0, 0.0, 1.0, 4.2647, 0.0, 0.5, 0.0, 4.2647, 0.5, 0.0, 0.0, 1.0]], ["frame3_mirror.png", [0.9842325448989868, 0.1063908040523529, 0.1413053423166275, -0.35621208723997844, 0.11395090818405151, -0.9923970103263855, -0.046511150896549225, 0.11698199100449898, 0.13528263568878174, 0.06187966465950012, -0.9888728260993958, 2.6738414617708286, 0.0, 0.0, 0.0, 1.0, 4.2647, 0.0, 0.5, 0.0, 4.2647, 0.5, 0.0, 0.0, 1.0]], ["frame30.png", [0.9867579340934753, -0.10367957502603531, -0.12473642826080322, 0.3153003316588115, -0.118522509932518, -0.9858990907669067, -0.11813249439001083, 0.3027797836834033, -0.11072961241006851, 0.1313522607088089, -0.9851322174072266, 2.664377995602065, 0.0, 0.0, 0.0, 1.0, 4.2647, 0.0, 0.5, 0.0, 4.2647, 0.5, 0.0, 0.0, 1.0]], ["frame30_mirror.png", [0.9867579340934753, 0.10367957502603531, 0.12473642826080322, -0.3153003316588115, 0.118522509932518, -0.9858990907669067, -0.11813249439001083, 0.3027797836834033, 0.11072961241006851, 0.1313522607088089, -0.9851322174072266, 2.664377995602065, 0.0, 0.0, 0.0, 1.0, 4.2647, 0.0, 0.5, 0.0, 4.2647, 0.5, 0.0, 0.0, 1.0]], ["frame31.png", [0.9868183732032776, -0.10013380646705627, -0.12713228166103363, 0.32059081319615057, -0.11487312614917755, -0.9867649674415588, -0.11445076763629913, 0.29338655314506, -0.11398928612470627, 0.12754620611667633, -0.985260546207428, 2.6647975271918676, 0.0, 0.0, 0.0, 1.0, 4.2647, 0.0, 0.5, 0.0, 4.2647, 0.5, 0.0, 0.0, 1.0]], ["frame31_mirror.png", [0.9868183732032776, 0.10013380646705627, 0.12713228166103363, -0.32059081319615057, 0.11487312614917755, -0.9867649674415588, -0.11445076763629913, 0.29338655314506, 0.11398928612470627, 0.12754620611667633, -0.985260546207428, 2.6647975271918676, 0.0, 0.0, 0.0, 1.0, 4.2647, 0.0, 0.5, 0.0, 4.2647, 0.5, 0.0, 0.0, 1.0]], ["frame32.png", [0.986423134803772, -0.09896521270275116, -0.13105447590351105, 0.33048810666980105, -0.11187757551670074, -0.9891587495803833, -0.09512326866388321, 0.24747110170685094, -0.12021978199481964, 0.1084938496351242, -0.986801028251648, 2.6682458029892615, 0.0, 0.0, 0.0, 1.0, 4.2647, 0.0, 0.5, 0.0, 4.2647, 0.5, 0.0, 0.0, 1.0]], ["frame32_mirror.png", [0.986423134803772, 0.09896521270275116, 0.13105447590351105, -0.33048810666980105, 0.11187757551670074, -0.9891587495803833, -0.09512326866388321, 0.24747110170685094, 0.12021978199481964, 0.1084938496351242, -0.986801028251648, 2.6682458029892615, 0.0, 0.0, 0.0, 1.0, 4.2647, 0.0, 0.5, 0.0, 4.2647, 0.5, 0.0, 0.0, 1.0]], ["frame33.png", [0.9827827215194702, 0.1311134248971939, 0.13018245995044708, -0.3416106571935401, 0.15617486834526062, -0.9659848213195801, -0.2061137706041336, 0.5431599593676861, 0.09872999787330627, 0.2228962779045105, -0.9698297381401062, 2.622647406235061, 0.0, 0.0, 0.0, 1.0, 4.2647, 0.0, 0.5, 0.0, 4.2647, 0.5, 0.0, 0.0, 1.0]], ["frame33_mirror.png", [0.9827827215194702, -0.1311134248971939, -0.13018245995044708, 0.3416106571935401, -0.15617486834526062, -0.9659848213195801, -0.2061137706041336, 0.5431599593676861, -0.09872999787330627, 0.2228962779045105, -0.9698297381401062, 2.622647406235061, 0.0, 0.0, 0.0, 1.0, 4.2647, 0.0, 0.5, 0.0, 4.2647, 0.5, 0.0, 0.0, 1.0]], ["frame34.png", [0.9875158071517944, 0.12324276566505432, 0.09810074418783188, -0.2531968303910474, 0.1406489461660385, -0.9702917337417603, -0.19685500860214233, 0.5190025944319899, 0.07092538475990295, 0.20819519460201263, -0.9755123853683472, 2.6375230182981895, 0.0, 0.0, 0.0, 1.0, 4.2647, 0.0, 0.5, 0.0, 4.2647, 0.5, 0.0, 0.0, 1.0]], ["frame34_mirror.png", [0.9875158071517944, -0.12324276566505432, -0.09810074418783188, 0.2531968303910474, -0.1406489461660385, -0.9702917337417603, -0.19685500860214233, 0.5190025944319899, -0.07092538475990295, 0.20819519460201263, -0.9755123853683472, 2.6375230182981895, 0.0, 0.0, 0.0, 1.0, 4.2647, 0.0, 0.5, 0.0, 4.2647, 0.5, 0.0, 0.0, 1.0]], ["frame35.png", [0.9868115782737732, 0.11636599153280258, 0.11252478510141373, -0.29567281905510995, 0.13807658851146698, -0.9679160714149475, -0.20993655920028687, 0.5564167816390859, 0.08448507636785507, 0.22270488739013672, -0.9712181687355042, 2.625448142542984, 0.0, 0.0, 0.0, 1.0, 4.2647, 0.0, 0.5, 0.0, 4.2647, 0.5, 0.0, 0.0, 1.0]], ["frame35_mirror.png", [0.9868115782737732, -0.11636599153280258, -0.11252478510141373, 0.29567281905510995, -0.13807658851146698, -0.9679160714149475, -0.20993655920028687, 0.5564167816390859, -0.08448507636785507, 0.22270488739013672, -0.9712181687355042, 2.625448142542984, 0.0, 0.0, 0.0, 1.0, 4.2647, 0.0, 0.5, 0.0, 4.2647, 0.5, 0.0, 0.0, 1.0]], ["frame36.png", [0.9873128533363342, 0.12037574499845505, 0.1035519614815712, -0.27261866500178494, 0.13897086679935455, -0.9705480933189392, -0.196783185005188, 0.5170895546135231, 0.07681422680616379, 0.208677276968956, -0.9749632477760315, 2.635962339640351, 0.0, 0.0, 0.0, 1.0, 4.2647, 0.0, 0.5, 0.0, 4.2647, 0.5, 0.0, 0.0, 1.0]], ["frame36_mirror.png", [0.9873128533363342, -0.12037574499845505, -0.1035519614815712, 0.27261866500178494, -0.13897086679935455, -0.9705480933189392, -0.196783185005188, 0.5170895546135231, -0.07681422680616379, 0.208677276968956, -0.9749632477760315, 2.635962339640351, 0.0, 0.0, 0.0, 1.0, 4.2647, 0.0, 0.5, 0.0, 4.2647, 0.5, 0.0, 0.0, 1.0]], ["frame37.png", [0.9874230027198792, 0.12709572911262512, 0.0940346047282219, -0.24103154585632386, 0.14277856051921844, -0.9722846150398254, -0.185140460729599, 0.4849517976445165, 0.06789784133434296, 0.19623808562755585, -0.9782027006149292, 2.6451324253926236, 0.0, 0.0, 0.0, 1.0, 4.2647, 0.0, 0.5, 0.0, 4.2647, 0.5, 0.0, 0.0, 1.0]], ["frame37_mirror.png", [0.9874230027198792, -0.12709572911262512, -0.0940346047282219, 0.24103154585632386, -0.14277856051921844, -0.9722846150398254, -0.185140460729599, 0.4849517976445165, -0.06789784133434296, 0.19623808562755585, -0.9782027006149292, 2.6451324253926236, 0.0, 0.0, 0.0, 1.0, 4.2647, 0.0, 0.5, 0.0, 4.2647, 0.5, 0.0, 0.0, 1.0]], ["frame38.png", [0.9876230359077454, -0.08894320577383041, -0.12918919324874878, 0.3242364191540996, -0.10572416335344315, -0.9859336614608765, -0.12944982945919037, 0.32929784891113245, -0.1158582866191864, 0.14150604605674744, -0.9831342101097107, 2.6601567004965383, 0.0, 0.0, 0.0, 1.0, 4.2647, 0.0, 0.5, 0.0, 4.2647, 0.5, 0.0, 0.0, 1.0]], ["frame38_mirror.png", [0.9876230359077454, 0.08894320577383041, 0.12918919324874878, -0.3242364191540996, 0.10572416335344315, -0.9859336614608765, -0.12944982945919037, 0.32929784891113245, 0.1158582866191864, 0.14150604605674744, -0.9831342101097107, 2.6601567004965383, 0.0, 0.0, 0.0, 1.0, 4.2647, 0.0, 0.5, 0.0, 4.2647, 0.5, 0.0, 0.0, 1.0]], ["frame39.png", [0.985817551612854, 0.12894003093242645, 0.1074163019657135, -0.27905640506468526, 0.14748571813106537, -0.9710447788238525, -0.1879367232322693, 0.4975228892964482, 0.08007346838712692, 0.20111368596553802, -0.976289689540863, 2.6390525757207812, 0.0, 0.0, 0.0, 1.0, 4.2647, 0.0, 0.5, 0.0, 4.2647, 0.5, 0.0, 0.0, 1.0]], ["frame39_mirror.png", [0.985817551612854, -0.12894003093242645, -0.1074163019657135, 0.27905640506468526, -0.14748571813106537, -0.9710447788238525, -0.1879367232322693, 0.4975228892964482, -0.08007346838712692, 0.20111368596553802, -0.976289689540863, 2.6390525757207812, 0.0, 0.0, 0.0, 1.0, 4.2647, 0.0, 0.5, 0.0, 4.2647, 0.5, 0.0, 0.0, 1.0]], ["frame4.png", [0.9835429191589355, -0.10715919733047485, -0.14546550810337067, 0.3649954599190917, -0.11401201784610748, -0.9926899671554565, -0.03959595412015915, 0.0996486089927687, -0.14015908539295197, 0.05552913621068001, -0.9885706305503845, 2.67335902358143, 0.0, 0.0, 0.0, 1.0, 4.2647, 0.0, 0.5, 0.0, 4.2647, 0.5, 0.0, 0.0, 1.0]], ["frame4_mirror.png", [0.9835429191589355, 0.10715919733047485, 0.14546550810337067, -0.3649954599190917, 0.11401201784610748, -0.9926899671554565, -0.03959595412015915, 0.0996486089927687, 0.14015908539295197, 0.05552913621068001, -0.9885706305503845, 2.67335902358143, 0.0, 0.0, 0.0, 1.0, 4.2647, 0.0, 0.5, 0.0, 4.2647, 0.5, 0.0, 0.0, 1.0]], ["frame40.png", [0.9860312342643738, 0.1304713636636734, 0.10353554785251617, -0.2733239209865603, 0.1480027586221695, -0.9714705348014832, -0.18531082570552826, 0.4877966285268611, 0.07640397548675537, 0.19804581999778748, -0.9772104620933533, 2.6414671081454646, 0.0, 0.0, 0.0, 1.0, 4.2647, 0.0, 0.5, 0.0, 4.2647, 0.5, 0.0, 0.0, 1.0]], ["frame40_mirror.png", [0.9860312342643738, -0.1304713636636734, -0.10353554785251617, 0.2733239209865603, -0.1480027586221695, -0.9714705348014832, -0.18531082570552826, 0.4877966285268611, -0.07640397548675537, 0.19804581999778748, -0.9772104620933533, 2.6414671081454646, 0.0, 0.0, 0.0, 1.0, 4.2647, 0.0, 0.5, 0.0, 4.2647, 0.5, 0.0, 0.0, 1.0]], ["frame41.png", [0.9866512417793274, 0.12973806262016296, 0.09842420369386673, -0.25824117915946565, 0.14573359489440918, -0.9731538891792297, -0.17813833057880402, 0.4713443336175532, 0.07267057150602341, 0.19010412693023682, -0.9790707230567932, 2.6459678782163922, 0.0, 0.0, 0.0, 1.0, 4.2647, 0.0, 0.5, 0.0, 4.2647, 0.5, 0.0, 0.0, 1.0]], ["frame41_mirror.png", [0.9866512417793274, -0.12973806262016296, -0.09842420369386673, 0.25824117915946565, -0.14573359489440918, -0.9731538891792297, -0.17813833057880402, 0.4713443336175532, -0.07267057150602341, 0.19010412693023682, -0.9790707230567932, 2.6459678782163922, 0.0, 0.0, 0.0, 1.0, 4.2647, 0.0, 0.5, 0.0, 4.2647, 0.5, 0.0, 0.0, 1.0]], ["frame42.png", [0.9861721396446228, 0.13773395121097565, 0.09216147661209106, -0.24270040460860795, 0.15284685790538788, -0.9708541631698608, -0.18460780382156372, 0.4770948040293378, 0.06404858827590942, 0.19614169001579285, -0.9784815907478333, 2.6464083323574665, 0.0, 0.0, 0.0, 1.0, 4.2647, 0.0, 0.5, 0.0, 4.2647, 0.5, 0.0, 0.0, 1.0]], ["frame42_mirror.png", [0.9861721396446228, -0.13773395121097565, -0.09216147661209106, 0.24270040460860795, -0.15284685790538788, -0.9708541631698608, -0.18460780382156372, 0.4770948040293378, -0.06404858827590942, 0.19614169001579285, -0.9784815907478333, 2.6464083323574665, 0.0, 0.0, 0.0, 1.0, 4.2647, 0.0, 0.5, 0.0, 4.2647, 0.5, 0.0, 0.0, 1.0]], ["frame43.png", [0.9852378368377686, 0.12686322629451752, 0.11494416743516922, -0.29852700478111815, 0.14652284979820251, -0.972138524055481, -0.1829691380262375, 0.4860995163706396, 0.08852960169315338, 0.19711007177829742, -0.9763760566711426, 2.639050755025497, 0.0, 0.0, 0.0, 1.0, 4.2647, 0.0, 0.5, 0.0, 4.2647, 0.5, 0.0, 0.0, 1.0]], ["frame43_mirror.png", [0.9852378368377686, -0.12686322629451752, -0.11494416743516922, 0.29852700478111815, -0.14652284979820251, -0.972138524055481, -0.1829691380262375, 0.4860995163706396, -0.08852960169315338, 0.19711007177829742, -0.9763760566711426, 2.639050755025497, 0.0, 0.0, 0.0, 1.0, 4.2647, 0.0, 0.5, 0.0, 4.2647, 0.5, 0.0, 0.0, 1.0]], ["frame44.png", [0.986623227596283, 0.12260068953037262, 0.1074410155415535, -0.2811589577299772, 0.14067912101745605, -0.9733373522758484, -0.1811734437942505, 0.48314150413042717, 0.08236435800790787, 0.193864643573761, -0.9775646328926086, 2.6415003175231275, 0.0, 0.0, 0.0, 1.0, 4.2647, 0.0, 0.5, 0.0, 4.2647, 0.5, 0.0, 0.0, 1.0]], ["frame44_mirror.png", [0.986623227596283, -0.12260068953037262, -0.1074410155415535, 0.2811589577299772, -0.14067912101745605, -0.9733373522758484, -0.1811734437942505, 0.48314150413042717, -0.08236435800790787, 0.193864643573761, -0.9775646328926086, 2.6415003175231275, 0.0, 0.0, 0.0, 1.0, 4.2647, 0.0, 0.5, 0.0, 4.2647, 0.5, 0.0, 0.0, 1.0]], ["frame45.png", [0.9865928292274475, 0.11995719373226166, 0.11065597832202911, -0.2847826255787205, 0.13834157586097717, -0.9744198322296143, -0.1771087348461151, 0.4716138798717837, 0.08657991886138916, 0.19004254043102264, -0.9779507517814636, 2.64319488583055, 0.0, 0.0, 0.0, 1.0, 4.2647, 0.0, 0.5, 0.0, 4.2647, 0.5, 0.0, 0.0, 1.0]], ["frame45_mirror.png", [0.9865928292274475, -0.11995719373226166, -0.11065597832202911, 0.2847826255787205, -0.13834157586097717, -0.9744198322296143, -0.1771087348461151, 0.4716138798717837, -0.08657991886138916, 0.19004254043102264, -0.9779507517814636, 2.64319488583055, 0.0, 0.0, 0.0, 1.0, 4.2647, 0.0, 0.5, 0.0, 4.2647, 0.5, 0.0, 0.0, 1.0]], ["frame46.png", [0.9858786463737488, 0.1304170936346054, 0.1050463542342186, -0.2697249936921852, 0.14753396809101105, -0.9732023477554321, -0.17638276517391205, 0.4693049604835357, 0.07922803610563278, 0.1893899142742157, -0.9787003397941589, 2.645184545895295, 0.0, 0.0, 0.0, 1.0, 4.2647, 0.0, 0.5, 0.0, 4.2647, 0.5, 0.0, 0.0, 1.0]], ["frame46_mirror.png", [0.9858786463737488, -0.1304170936346054, -0.1050463542342186, 0.2697249936921852, -0.14753396809101105, -0.9732023477554321, -0.17638276517391205, 0.4693049604835357, -0.07922803610563278, 0.1893899142742157, -0.9787003397941589, 2.645184545895295, 0.0, 0.0, 0.0, 1.0, 4.2647, 0.0, 0.5, 0.0, 4.2647, 0.5, 0.0, 0.0, 1.0]], ["frame47.png", [0.9857319593429565, -0.094106025993824, -0.13955813646316528, 0.3513769035112819, -0.11220823973417282, -0.9853947758674622, -0.1280875951051712, 0.321250587234802, -0.12546603381633759, 0.14191961288452148, -0.9818946123123169, 2.657693046963874, 0.0, 0.0, 0.0, 1.0, 4.2647, 0.0, 0.5, 0.0, 4.2647, 0.5, 0.0, 0.0, 1.0]], ["frame47_mirror.png", [0.9857319593429565, 0.094106025993824, 0.13955813646316528, -0.3513769035112819, 0.11220823973417282, -0.9853947758674622, -0.1280875951051712, 0.321250587234802, 0.12546603381633759, 0.14191961288452148, -0.9818946123123169, 2.657693046963874, 0.0, 0.0, 0.0, 1.0, 4.2647, 0.0, 0.5, 0.0, 4.2647, 0.5, 0.0, 0.0, 1.0]], ["frame48.png", [0.9880272746086121, 0.12591944634914398, 0.08914255350828171, -0.23205144072933248, 0.14166176319122314, -0.9693102240562439, -0.20092184841632843, 0.5300062485197682, 0.06110682338476181, 0.211144357919693, -0.9755429625511169, 2.6372799444475827, 0.0, 0.0, 0.0, 1.0, 4.2647, 0.0, 0.5, 0.0, 4.2647, 0.5, 0.0, 0.0, 1.0]], ["frame48_mirror.png", [0.9880272746086121, -0.12591944634914398, -0.08914255350828171, 0.23205144072933248, -0.14166176319122314, -0.9693102240562439, -0.20092184841632843, 0.5300062485197682, -0.06110682338476181, 0.211144357919693, -0.9755429625511169, 2.6372799444475827, 0.0, 0.0, 0.0, 1.0, 4.2647, 0.0, 0.5, 0.0, 4.2647, 0.5, 0.0, 0.0, 1.0]], ["frame49.png", [0.9888871908187866, 0.1233801543712616, 0.08294244110584259, -0.21836402572769797, 0.13769039511680603, -0.970485508441925, -0.19798803329467773, 0.5226792674675369, 0.056066643446683884, 0.20720821619033813, -0.9766889214515686, 2.639909758993211, 0.0, 0.0, 0.0, 1.0, 4.2647, 0.0, 0.5, 0.0, 4.2647, 0.5, 0.0, 0.0, 1.0]], ["frame49_mirror.png", [0.9888871908187866, -0.1233801543712616, -0.08294244110584259, 0.21836402572769797, -0.13769039511680603, -0.970485508441925, -0.19798803329467773, 0.5226792674675369, -0.056066643446683884, 0.20720821619033813, -0.9766889214515686, 2.639909758993211, 0.0, 0.0, 0.0, 1.0, 4.2647, 0.0, 0.5, 0.0, 4.2647, 0.5, 0.0, 0.0, 1.0]], ["frame5.png", [0.9841176867485046, -0.11210542917251587, -0.13763995468616486, 0.3514142644219403, -0.12001414597034454, -0.991484522819519, -0.050546642392873764, 0.12637488006586478, -0.13080134987831116, 0.06626258790493011, -0.9891917109489441, 2.67404887847046, 0.0, 0.0, 0.0, 1.0, 4.2647, 0.0, 0.5, 0.0, 4.2647, 0.5, 0.0, 0.0, 1.0]], ["frame5_mirror.png", [0.9841176867485046, 0.11210542917251587, 0.13763995468616486, -0.3514142644219403, 0.12001414597034454, -0.991484522819519, -0.050546642392873764, 0.12637488006586478, 0.13080134987831116, 0.06626258790493011, -0.9891917109489441, 2.67404887847046, 0.0, 0.0, 0.0, 1.0, 4.2647, 0.0, 0.5, 0.0, 4.2647, 0.5, 0.0, 0.0, 1.0]], ["frame6.png", [0.9836560487747192, -0.10861647129058838, -0.1436079889535904, 0.3629343033476002, -0.11634456366300583, -0.9921181797981262, -0.04653400182723999, 0.12118398400930493, -0.13742172718048096, 0.062481462955474854, -0.9885399341583252, 2.6727501068138086, 0.0, 0.0, 0.0, 1.0, 4.2647, 0.0, 0.5, 0.0, 4.2647, 0.5, 0.0, 0.0, 1.0]], ["frame6_mirror.png", [0.9836560487747192, 0.10861647129058838, 0.1436079889535904, -0.3629343033476002, 0.11634456366300583, -0.9921181797981262, -0.04653400182723999, 0.12118398400930493, 0.13742172718048096, 0.062481462955474854, -0.9885399341583252, 2.6727501068138086, 0.0, 0.0, 0.0, 1.0, 4.2647, 0.0, 0.5, 0.0, 4.2647, 0.5, 0.0, 0.0, 1.0]], ["frame7.png", [0.9836072325706482, -0.10794521123170853, -0.1444460153579712, 0.3635046460304983, -0.11609600484371185, -0.9920178651809692, -0.049217697232961655, 0.12901201442502394, -0.13798019289970398, 0.06518048793077469, -0.9882879257202148, 2.6723061711653178, 0.0, 0.0, 0.0, 1.0, 4.2647, 0.0, 0.5, 0.0, 4.2647, 0.5, 0.0, 0.0, 1.0]], ["frame7_mirror.png", [0.9836072325706482, 0.10794521123170853, 0.1444460153579712, -0.3635046460304983, 0.11609600484371185, -0.9920178651809692, -0.049217697232961655, 0.12901201442502394, 0.13798019289970398, 0.06518048793077469, -0.9882879257202148, 2.6723061711653178, 0.0, 0.0, 0.0, 1.0, 4.2647, 0.0, 0.5, 0.0, 4.2647, 0.5, 0.0, 0.0, 1.0]], ["frame8.png", [0.983927845954895, -0.11159298568964005, -0.13940230011940002, 0.35535903357180587, -0.1191149428486824, -0.9917764067649841, -0.04680851846933365, 0.12554355094177336, -0.13303242623806, 0.06266110390424728, -0.989128828048706, 2.6735666765719244, 0.0, 0.0, 0.0, 1.0, 4.2647, 0.0, 0.5, 0.0, 4.2647, 0.5, 0.0, 0.0, 1.0]], ["frame8_mirror.png", [0.983927845954895, 0.11159298568964005, 0.13940230011940002, -0.35535903357180587, 0.1191149428486824, -0.9917764067649841, -0.04680851846933365, 0.12554355094177336, 0.13303242623806, 0.06266110390424728, -0.989128828048706, 2.6735666765719244, 0.0, 0.0, 0.0, 1.0, 4.2647, 0.0, 0.5, 0.0, 4.2647, 0.5, 0.0, 0.0, 1.0]], ["frame9.png", [0.9838088750839233, -0.10836903750896454, -0.14274531602859497, 0.3641001030193229, -0.11625572293996811, -0.9920541048049927, -0.048095930367708206, 0.12898958591093113, -0.13639897108078003, 0.06391216069459915, -0.9885901808738708, 2.6722261883508, 0.0, 0.0, 0.0, 1.0, 4.2647, 0.0, 0.5, 0.0, 4.2647, 0.5, 0.0, 0.0, 1.0]], ["frame9_mirror.png", [0.9838088750839233, 0.10836903750896454, 0.14274531602859497, -0.3641001030193229, 0.11625572293996811, -0.9920541048049927, -0.048095930367708206, 0.12898958591093113, 0.13639897108078003, 0.06391216069459915, -0.9885901808738708, 2.6722261883508, 0.0, 0.0, 0.0, 1.0, 4.2647, 0.0, 0.5, 0.0, 4.2647, 0.5, 0.0, 0.0, 1.0]]]}